ags,municipality_name,vote_type,party,votes,percent
08121000,"Heilbronn, Universitätsstadt",Erststimmen,AfD,10380,22.980362638092497
08121000,"Heilbronn, Universitätsstadt",Zweitstimmen,AfD,10396,22.974077920929926
08125030,Flein,Erststimmen,AfD,656,16.0
08125030,Flein,Zweitstimmen,AfD,652,15.856031128404668
08125058,"Leingarten, Stadt",Erststimmen,AfD,1164,20.065505947250475
08125058,"Leingarten, Stadt",Zweitstimmen,AfD,1175,20.24814750990867
08125074,Nordheim,Erststimmen,AfD,1082,23.864137626819584
08125074,Nordheim,Zweitstimmen,AfD,1071,23.569542253521128
08125094,Talheim,Erststimmen,AfD,594,20.776495278069255
08125094,Talheim,Zweitstimmen,AfD,578,20.160446459713988
08126011,Bretzfeld,Erststimmen,AfD,1757,25.80029368575624
08126011,Bretzfeld,Zweitstimmen,AfD,1735,25.43615305673655
08126020,Dörzbach,Erststimmen,AfD,332,23.54609929078014
08126020,Dörzbach,Zweitstimmen,AfD,326,23.08781869688385
08126028,"Forchtenberg, Stadt",Erststimmen,AfD,768,27.60603882099209
08126028,"Forchtenberg, Stadt",Zweitstimmen,AfD,758,27.217235188509875
08126039,"Ingelfingen, Stadt",Erststimmen,AfD,706,23.56475300400534
08126039,"Ingelfingen, Stadt",Zweitstimmen,AfD,673,22.440813604534846
08126045,"Krautheim, Stadt",Erststimmen,AfD,637,26.1709120788825
08126045,"Krautheim, Stadt",Zweitstimmen,AfD,630,25.87268993839836
08126046,"Künzelsau, Stadt",Erststimmen,AfD,1945,27.43300423131171
08126046,"Künzelsau, Stadt",Zweitstimmen,AfD,1888,26.629055007052187
08126047,Kupferzell,Erststimmen,AfD,703,21.142857142857142
08126047,Kupferzell,Zweitstimmen,AfD,703,21.09210921092109
08126056,Mulfingen,Erststimmen,AfD,460,19.939315127871694
08126056,Mulfingen,Zweitstimmen,AfD,450,19.522776572668114
08126058,"Neuenstein, Stadt",Erststimmen,AfD,782,22.660098522167488
08126058,"Neuenstein, Stadt",Zweitstimmen,AfD,789,22.84308048639259
08126060,"Niedernhall, Stadt",Erststimmen,AfD,499,25.253036437246962
08126060,"Niedernhall, Stadt",Zweitstimmen,AfD,489,24.6969696969697
08126066,"Öhringen, Stadt",Erststimmen,AfD,2937,25.563582557228653
08126066,"Öhringen, Stadt",Zweitstimmen,AfD,2928,25.458655769063558
08126069,Pfedelbach,Erststimmen,AfD,1184,23.736968724939857
08126069,Pfedelbach,Zweitstimmen,AfD,1175,23.523523523523522
08126072,Schöntal,Erststimmen,AfD,652,18.77880184331797
08126072,Schöntal,Zweitstimmen,AfD,646,18.547229399942577
08126085,"Waldenburg, Stadt",Erststimmen,AfD,335,20.768753874767516
08126085,"Waldenburg, Stadt",Zweitstimmen,AfD,332,20.595533498759306
08126086,Weißbach,Erststimmen,AfD,221,26.2782401902497
08126086,Weißbach,Zweitstimmen,AfD,215,25.62574493444577
08126094,Zweiflingen,Erststimmen,AfD,264,24.95274102079395
08126094,Zweiflingen,Zweitstimmen,AfD,255,24.102079395085067
08127008,Blaufelden,Erststimmen,AfD,632,22.99017824663514
08127008,Blaufelden,Zweitstimmen,AfD,635,23.09090909090909
08127009,Braunsbach,Erststimmen,AfD,322,21.3953488372093
08127009,Braunsbach,Zweitstimmen,AfD,329,21.74487772637145
08127012,Bühlertann,Erststimmen,AfD,473,28.374325134973006
08127012,Bühlertann,Zweitstimmen,AfD,495,29.747596153846157
08127013,Bühlerzell,Erststimmen,AfD,301,23.065134099616856
08127013,Bühlerzell,Zweitstimmen,AfD,321,24.52253628724217
08127014,"Crailsheim, Stadt",Erststimmen,AfD,3207,24.89327020104013
08127014,"Crailsheim, Stadt",Zweitstimmen,AfD,3309,25.62335449899334
08127023,Fichtenberg,Erststimmen,AfD,456,28.14814814814815
08127023,Fichtenberg,Zweitstimmen,AfD,457,28.175092478421703
08127025,"Gaildorf, Stadt",Erststimmen,AfD,1195,23.11411992263056
08127025,"Gaildorf, Stadt",Zweitstimmen,AfD,1255,24.21844847549209
08127032,"Gerabronn, Stadt",Erststimmen,AfD,483,23.423860329776915
08127032,"Gerabronn, Stadt",Zweitstimmen,AfD,493,23.932038834951456
08127043,"Ilshofen, Stadt",Erststimmen,AfD,729,21.67063020214031
08127043,"Ilshofen, Stadt",Zweitstimmen,AfD,762,22.6045683773361
08127046,"Kirchberg an der Jagst, Stadt",Erststimmen,AfD,492,22.894369474174034
08127046,"Kirchberg an der Jagst, Stadt",Zweitstimmen,AfD,495,22.94853963838665
08127047,"Langenburg, Stadt",Erststimmen,AfD,198,19.565217391304348
08127047,"Langenburg, Stadt",Zweitstimmen,AfD,191,18.929633300297326
08127052,Mainhardt,Erststimmen,AfD,838,25.97644141351519
08127052,Mainhardt,Zweitstimmen,AfD,848,26.278277037496128
08127056,Michelbach an der Bilz,Erststimmen,AfD,379,18.89332003988036
08127056,Michelbach an der Bilz,Zweitstimmen,AfD,386,19.18489065606362
08127059,Michelfeld,Erststimmen,AfD,394,18.29155060352832
08127059,Michelfeld,Zweitstimmen,AfD,407,18.877551020408163
08127062,Oberrot,Erststimmen,AfD,481,26.946778711484594
08127062,Oberrot,Zweitstimmen,AfD,470,26.22767857142857
08127063,Obersontheim,Erststimmen,AfD,682,24.88143013498723
08127063,Obersontheim,Zweitstimmen,AfD,736,26.812386156648454
08127071,Rot am See,Erststimmen,AfD,574,19.37879810938555
08127071,Rot am See,Zweitstimmen,AfD,581,19.61512491559757
08127073,Satteldorf,Erststimmen,AfD,698,24.47405329593268
08127073,Satteldorf,Zweitstimmen,AfD,718,25.06983240223464
08127075,"Schrozberg, Stadt",Erststimmen,AfD,704,24.546722454672246
08127075,"Schrozberg, Stadt",Zweitstimmen,AfD,716,24.956430812129664
08127076,"Schwäbisch Hall, Stadt",Erststimmen,AfD,3344,16.556094662837907
08127076,"Schwäbisch Hall, Stadt",Zweitstimmen,AfD,3461,17.103182447123938
08127079,Sulzbach-Laufen,Erststimmen,AfD,378,27.05798138869005
08127079,Sulzbach-Laufen,Zweitstimmen,AfD,390,27.936962750716333
08127086,Untermünkheim,Erststimmen,AfD,285,15.693832599118943
08127086,Untermünkheim,Zweitstimmen,AfD,311,17.06915477497256
08127089,"Vellberg, Stadt",Erststimmen,AfD,505,19.680436477007017
08127089,"Vellberg, Stadt",Zweitstimmen,AfD,510,19.875292283710056
08127091,Wallhausen,Erststimmen,AfD,467,24.97326203208556
08127091,Wallhausen,Zweitstimmen,AfD,478,25.493333333333336
08127099,Wolpertshausen,Erststimmen,AfD,251,20.607553366174056
08127099,Wolpertshausen,Zweitstimmen,AfD,259,21.21212121212121
08127100,Rosengarten,Erststimmen,AfD,563,19.454042847270216
08127100,Rosengarten,Zweitstimmen,AfD,564,19.408121128699243
08127101,Kreßberg,Erststimmen,AfD,479,22.853053435114504
08127101,Kreßberg,Zweitstimmen,AfD,506,24.118207816968543
08127102,Fichtenau,Erststimmen,AfD,653,28.970718722271517
08127102,Fichtenau,Zweitstimmen,AfD,669,29.706927175843695
08127103,Frankenhardt,Erststimmen,AfD,681,24.269422665716323
08127103,Frankenhardt,Zweitstimmen,AfD,714,25.391180654338548
08127104,Stimpfach,Erststimmen,AfD,352,21.040047818290496
08127104,Stimpfach,Zweitstimmen,AfD,414,24.775583482944345
08128006,Assamstadt,Erststimmen,AfD,260,19.11764705882353
08128006,Assamstadt,Zweitstimmen,AfD,283,20.808823529411764
08128007,"Bad Mergentheim, Stadt",Erststimmen,AfD,2393,21.348916049602998
08128007,"Bad Mergentheim, Stadt",Zweitstimmen,AfD,2435,21.634828964904486
08128014,"Boxberg, Stadt",Erststimmen,AfD,960,25.296442687747035
08128014,"Boxberg, Stadt",Zweitstimmen,AfD,937,24.503138075313807
08128020,"Creglingen, Stadt",Erststimmen,AfD,563,21.101949025487258
08128020,"Creglingen, Stadt",Zweitstimmen,AfD,581,21.67910447761194
08128039,"Freudenberg, Stadt",Erststimmen,AfD,278,14.748010610079575
08128039,"Freudenberg, Stadt",Zweitstimmen,AfD,285,15.079365079365079
08128045,Großrinderfeld,Erststimmen,AfD,430,18.26677994902294
08128045,Großrinderfeld,Zweitstimmen,AfD,458,19.33305192064162
08128047,"Grünsfeld, Stadt",Erststimmen,AfD,387,18.008375988832015
08128047,"Grünsfeld, Stadt",Zweitstimmen,AfD,406,18.805002315886984
08128058,Igersheim,Erststimmen,AfD,575,18.790849673202615
08128058,Igersheim,Zweitstimmen,AfD,584,19.004230393752035
08128061,Königheim,Erststimmen,AfD,246,13.015873015873018
08128061,Königheim,Zweitstimmen,AfD,251,13.231418028465999
08128064,"Külsheim, Stadt",Erststimmen,AfD,556,18.33168480052753
08128064,"Külsheim, Stadt",Zweitstimmen,AfD,560,18.312622629169393
08128082,"Niederstetten, Stadt",Erststimmen,AfD,663,22.114743162108073
08128082,"Niederstetten, Stadt",Zweitstimmen,AfD,705,23.36758369240968
08128115,"Tauberbischofsheim, Stadt",Erststimmen,AfD,1117,16.65175909361956
08128115,"Tauberbischofsheim, Stadt",Zweitstimmen,AfD,1127,16.651891252955085
08128126,"Weikersheim, Stadt",Erststimmen,AfD,834,18.745785569790964
08128126,"Weikersheim, Stadt",Zweitstimmen,AfD,862,19.27118265146434
08128128,Werbach,Erststimmen,AfD,413,21.454545454545453
08128128,Werbach,Zweitstimmen,AfD,423,21.826625386996902
08128131,"Wertheim, Stadt",Erststimmen,AfD,2513,23.645088445615357
08128131,"Wertheim, Stadt",Zweitstimmen,AfD,2484,23.297692740574
08128137,Wittighausen,Erststimmen,AfD,203,20.158887785501488
08128137,Wittighausen,Zweitstimmen,AfD,191,18.929633300297326
08128138,Ahorn,Erststimmen,AfD,351,24.718309859154928
08128138,Ahorn,Zweitstimmen,AfD,342,24.050632911392405
08128139,"Lauda-Königshofen, Stadt",Erststimmen,AfD,1422,19.35483870967742
08128139,"Lauda-Königshofen, Stadt",Zweitstimmen,AfD,1446,19.56698240866035
08135010,Dischingen,Erststimmen,AfD,749,30.201612903225804
08135010,Dischingen,Zweitstimmen,AfD,743,29.9717628075837
08135015,Gerstetten,Erststimmen,AfD,1528,24.277089291388624
08135015,Gerstetten,Zweitstimmen,AfD,1441,22.822299651567945
08135016,"Giengen an der Brenz, Stadt",Erststimmen,AfD,2323,30.102371387845018
08135016,"Giengen an der Brenz, Stadt",Zweitstimmen,AfD,2258,29.203310915675118
08135019,"Heidenheim an der Brenz, Stadt",Erststimmen,AfD,4199,22.46896404109589
08135019,"Heidenheim an der Brenz, Stadt",Zweitstimmen,AfD,4112,21.958773897255153
08135020,"Herbrechtingen, Stadt",Erststimmen,AfD,1723,26.593610125019296
08135020,"Herbrechtingen, Stadt",Zweitstimmen,AfD,1660,25.55025396336771
08135021,Hermaringen,Erststimmen,AfD,273,21.228615863141524
08135021,Hermaringen,Zweitstimmen,AfD,267,20.649651972157773
08135025,Königsbronn,Erststimmen,AfD,873,22.979731508291657
08135025,Königsbronn,Zweitstimmen,AfD,849,22.30688386757751
08135026,Nattheim,Erststimmen,AfD,869,23.486486486486484
08135026,Nattheim,Zweitstimmen,AfD,853,22.942442173211404
08135027,"Niederstotzingen, Stadt",Erststimmen,AfD,749,29.55801104972376
08135027,"Niederstotzingen, Stadt",Zweitstimmen,AfD,723,28.43098702320094
08135031,Sontheim an der Brenz,Erststimmen,AfD,801,25.61560601215222
08135031,Sontheim an der Brenz,Zweitstimmen,AfD,780,24.848677922905384
08135032,Steinheim am Albuch,Erststimmen,AfD,1029,22.28237332178432
08135032,Steinheim am Albuch,Zweitstimmen,AfD,1026,22.150259067357513
08216002,Au am Rhein,Erststimmen,AfD,354,18.341968911917096
08216002,Au am Rhein,Zweitstimmen,AfD,357,18.38311019567456
08216005,Bietigheim,Erststimmen,AfD,817,24.01528512639624
08216005,Bietigheim,Zweitstimmen,AfD,807,23.644887196015237
08216006,Bischweier,Erststimmen,AfD,372,21.565217391304348
08216006,Bischweier,Zweitstimmen,AfD,367,21.177149451817655
08216009,Durmersheim,Erststimmen,AfD,1310,22.366399180467816
08216009,Durmersheim,Zweitstimmen,AfD,1287,21.820956256358087
08216012,Elchesheim-Illingen,Erststimmen,AfD,378,21.307779030439683
08216012,Elchesheim-Illingen,Zweitstimmen,AfD,367,20.571748878923767
08216013,Forbach,Erststimmen,AfD,459,19.148936170212767
08216013,Forbach,Zweitstimmen,AfD,457,19.033735943356938
08216015,"Gaggenau, Stadt",Erststimmen,AfD,2931,21.02280877922823
08216015,"Gaggenau, Stadt",Zweitstimmen,AfD,2896,20.72420208959496
08216017,"Gernsbach, Stadt",Erststimmen,AfD,1376,19.76159701278185
08216017,"Gernsbach, Stadt",Zweitstimmen,AfD,1356,19.39081939081939
08216023,Iffezheim,Erststimmen,AfD,484,18.312523647370412
08216023,Iffezheim,Zweitstimmen,AfD,463,17.44536548605878
08216024,"Kuppenheim, Stadt",Erststimmen,AfD,875,20.61248527679623
08216024,"Kuppenheim, Stadt",Zweitstimmen,AfD,884,20.66386161757831
08216029,Loffenau,Erststimmen,AfD,303,22.816265060240966
08216029,Loffenau,Zweitstimmen,AfD,286,21.487603305785125
08216033,Muggensturm,Erststimmen,AfD,704,21.761978361669243
08216033,Muggensturm,Zweitstimmen,AfD,698,21.529919802590992
08216039,Ötigheim,Erststimmen,AfD,524,18.82183908045977
08216039,Ötigheim,Zweitstimmen,AfD,543,19.469343850842595
08216043,"Rastatt, Stadt",Erststimmen,AfD,5473,30.117763592339863
08216043,"Rastatt, Stadt",Zweitstimmen,AfD,5414,29.66087766394565
08216052,Steinmauern,Erststimmen,AfD,441,26.824817518248175
08216052,Steinmauern,Zweitstimmen,AfD,426,25.786924939467315
08216059,Weisenbach,Erststimmen,AfD,215,17.0364500792393
08216059,Weisenbach,Zweitstimmen,AfD,199,15.656963021243115
08231000,"Pforzheim, Stadt",Erststimmen,AfD,11146,27.59252382720634
08231000,"Pforzheim, Stadt",Zweitstimmen,AfD,11062,27.263093037584717
08235006,"Altensteig, Stadt",Erststimmen,AfD,1379,28.333675775631807
08235006,"Altensteig, Stadt",Zweitstimmen,AfD,1386,28.401639344262296
08235007,Althengstett,Erststimmen,AfD,951,20.855263157894736
08235007,Althengstett,Zweitstimmen,AfD,964,21.03425703687541
08235008,"Bad Liebenzell, Stadt",Erststimmen,AfD,1084,22.559833506763788
08235008,"Bad Liebenzell, Stadt",Zweitstimmen,AfD,1096,22.649307708204176
08235018,Dobel,Erststimmen,AfD,340,28.451882845188287
08235018,Dobel,Zweitstimmen,AfD,333,27.79632721202003
08235020,Ebhausen,Erststimmen,AfD,672,28.035043804755944
08235020,Ebhausen,Zweitstimmen,AfD,689,28.55366763365106
08235022,Egenhausen,Erststimmen,AfD,354,30.050933786078097
08235022,Egenhausen,Zweitstimmen,AfD,349,29.651656754460493
08235025,Enzklösterle,Erststimmen,AfD,194,27.362482369534558
08235025,Enzklösterle,Zweitstimmen,AfD,192,26.853146853146853
08235029,Gechingen,Erststimmen,AfD,424,20.123398196487898
08235029,Gechingen,Zweitstimmen,AfD,415,19.57547169811321
08235032,"Haiterbach, Stadt",Erststimmen,AfD,794,28.87272727272727
08235032,"Haiterbach, Stadt",Zweitstimmen,AfD,808,29.264759145237235
08235033,"Bad Herrenalb, Stadt",Erststimmen,AfD,978,26.212811578665235
08235033,"Bad Herrenalb, Stadt",Zweitstimmen,AfD,958,25.512649800266313
08235035,Höfen an der Enz,Erststimmen,AfD,230,28.894472361809044
08235035,Höfen an der Enz,Zweitstimmen,AfD,235,29.485570890840652
08235046,"Nagold, Stadt",Erststimmen,AfD,2774,26.20689655172414
08235046,"Nagold, Stadt",Zweitstimmen,AfD,2817,26.542919061528313
08235047,"Neubulach, Stadt",Erststimmen,AfD,859,26.133252205658657
08235047,"Neubulach, Stadt",Zweitstimmen,AfD,883,26.709013914095586
08235050,Neuweiler,Erststimmen,AfD,531,27.96208530805687
08235050,Neuweiler,Zweitstimmen,AfD,531,27.888655462184875
08235055,Oberreichenbach,Erststimmen,AfD,560,30.270270270270274
08235055,Oberreichenbach,Zweitstimmen,AfD,577,30.88865096359743
08235057,Ostelsheim,Erststimmen,AfD,284,19.86013986013986
08235057,Ostelsheim,Zweitstimmen,AfD,293,20.403899721448468
08235060,Rohrdorf,Erststimmen,AfD,253,28.881278538812786
08235060,Rohrdorf,Zweitstimmen,AfD,244,27.695800227014754
08235065,Schömberg,Erststimmen,AfD,983,26.887308533916848
08235065,Schömberg,Zweitstimmen,AfD,985,26.686534814413438
08235066,Simmersfeld,Erststimmen,AfD,387,30.40062843676355
08235066,Simmersfeld,Zweitstimmen,AfD,391,30.71484681853888
08235067,Simmozheim,Erststimmen,AfD,329,20.5625
08235067,Simmozheim,Zweitstimmen,AfD,319,19.77681339119653
08235073,Unterreichenbach,Erststimmen,AfD,304,26.784140969162994
08235073,Unterreichenbach,Zweitstimmen,AfD,295,25.899912203687446
08235079,"Bad Wildbad, Stadt",Erststimmen,AfD,1083,25.386779184247537
08235079,"Bad Wildbad, Stadt",Zweitstimmen,AfD,1095,25.471039776692255
08235080,"Wildberg, Stadt",Erststimmen,AfD,1315,23.6425746134484
08235080,"Wildberg, Stadt",Zweitstimmen,AfD,1288,23.074166965245432
08235084,"Bad Teinach-Zavelstein, Stadt",Erststimmen,AfD,430,24.41794434980125
08235084,"Bad Teinach-Zavelstein, Stadt",Zweitstimmen,AfD,421,23.82569326542162
08235085,"Calw, Stadt",Erststimmen,AfD,2452,23.261550137558107
08235085,"Calw, Stadt",Zweitstimmen,AfD,2447,23.060974460465555
08236004,Birkenfeld,Erststimmen,AfD,1266,25.029655990510086
08236004,Birkenfeld,Zweitstimmen,AfD,1244,24.546172059984215
08236011,Eisingen,Erststimmen,AfD,631,26.965811965811966
08236011,Eisingen,Zweitstimmen,AfD,638,27.068307170131522
08236013,Engelsbrand,Erststimmen,AfD,578,23.805601317957166
08236013,Engelsbrand,Zweitstimmen,AfD,576,23.567921440261866
08236019,Friolzheim,Erststimmen,AfD,379,18.116634799235182
08236019,Friolzheim,Zweitstimmen,AfD,364,17.300380228136884
08236025,"Heimsheim, Stadt",Erststimmen,AfD,419,15.76966503575461
08236025,"Heimsheim, Stadt",Zweitstimmen,AfD,409,15.375939849624059
08236028,Illingen,Erststimmen,AfD,899,22.52004008016032
08236028,Illingen,Zweitstimmen,AfD,893,22.336168084042022
08236030,Ispringen,Erststimmen,AfD,663,23.695496783416726
08236030,Ispringen,Zweitstimmen,AfD,634,22.57834757834758
08236031,Kieselbronn,Erststimmen,AfD,345,21.52214597629445
08236031,Kieselbronn,Zweitstimmen,AfD,355,22.077114427860696
08236033,"Knittlingen, Stadt",Erststimmen,AfD,1029,26.063829787234045
08236033,"Knittlingen, Stadt",Zweitstimmen,AfD,991,24.930817610062896
08236038,"Maulbronn, Stadt",Erststimmen,AfD,741,22.709163346613543
08236038,"Maulbronn, Stadt",Zweitstimmen,AfD,733,22.39535594256034
08236039,Mönsheim,Erststimmen,AfD,307,19.47969543147208
08236039,Mönsheim,Zweitstimmen,AfD,315,19.936708860759495
08236040,"Mühlacker, Stadt",Erststimmen,AfD,2312,21.549072606953118
08236040,"Mühlacker, Stadt",Zweitstimmen,AfD,2334,21.68137482582443
08236043,"Neuenbürg, Stadt",Erststimmen,AfD,970,26.38020125101985
08236043,"Neuenbürg, Stadt",Zweitstimmen,AfD,944,25.582655826558266
08236044,Neuhausen,Erststimmen,AfD,734,24.05768600458866
08236044,Neuhausen,Zweitstimmen,AfD,711,23.311475409836067
08236046,Niefern-Öschelbronn,Erststimmen,AfD,1239,22.208281053952323
08236046,Niefern-Öschelbronn,Zweitstimmen,AfD,1379,24.67346573626767
08236050,Ötisheim,Erststimmen,AfD,661,26.064668769716086
08236050,Ötisheim,Zweitstimmen,AfD,662,26.03224537947306
08236061,Sternenfels,Erststimmen,AfD,358,23.141564318034906
08236061,Sternenfels,Zweitstimmen,AfD,339,21.7866323907455
08236062,Tiefenbronn,Erststimmen,AfD,591,18.451451763971278
08236062,Tiefenbronn,Zweitstimmen,AfD,587,18.24681380167858
08236065,Wiernsheim,Erststimmen,AfD,863,22.54440961337513
08236065,Wiernsheim,Zweitstimmen,AfD,914,23.789692868297763
08236067,Wimsheim,Erststimmen,AfD,327,20.098340503995082
08236067,Wimsheim,Zweitstimmen,AfD,336,20.638820638820636
08236068,Wurmberg,Erststimmen,AfD,441,27.038626609442062
08236068,Wurmberg,Zweitstimmen,AfD,451,27.66871165644172
08236070,Keltern,Erststimmen,AfD,1081,20.65736671125549
08236070,Keltern,Zweitstimmen,AfD,1073,20.422535211267608
08236071,Remchingen,Erststimmen,AfD,1483,22.97443841982959
08236071,Remchingen,Zweitstimmen,AfD,1455,22.45023916062336
08236072,Straubenhardt,Erststimmen,AfD,1353,22.089795918367347
08236072,Straubenhardt,Zweitstimmen,AfD,1294,21.071486728545842
08236073,Neulingen,Erststimmen,AfD,980,26.60874287265816
08236073,Neulingen,Zweitstimmen,AfD,976,26.406926406926406
08236074,Kämpfelbach,Erststimmen,AfD,763,21.283124128312416
08236074,Kämpfelbach,Zweitstimmen,AfD,742,20.674282529952634
08236075,Ölbronn-Dürrn,Erststimmen,AfD,548,28.232869654817105
08236075,Ölbronn-Dürrn,Zweitstimmen,AfD,529,26.98979591836735
08236076,Königsbach-Stein,Erststimmen,AfD,1347,24.248424842484248
08236076,Königsbach-Stein,Zweitstimmen,AfD,1346,24.134839519454903
08237002,"Alpirsbach, Stadt",Erststimmen,AfD,808,26.123504688005173
08237002,"Alpirsbach, Stadt",Zweitstimmen,AfD,815,26.264904930712213
08237004,Baiersbronn,Erststimmen,AfD,1491,20.178643930166466
08237004,Baiersbronn,Zweitstimmen,AfD,1528,20.618000269869114
08237019,"Dornstetten, Stadt",Erststimmen,AfD,1113,27.569977706217486
08237019,"Dornstetten, Stadt",Zweitstimmen,AfD,1101,27.178474450752898
08237024,Empfingen,Erststimmen,AfD,552,24.97737556561086
08237024,Empfingen,Zweitstimmen,AfD,594,26.720647773279353
08237027,Eutingen im Gäu,Erststimmen,AfD,783,23.289708506841166
08237027,Eutingen im Gäu,Zweitstimmen,AfD,763,22.681331747919145
08237028,"Freudenstadt, Stadt",Erststimmen,AfD,2581,23.962491876334603
08237028,"Freudenstadt, Stadt",Zweitstimmen,AfD,2573,23.830693711216078
08237030,Glatten,Erststimmen,AfD,461,32.6025459688826
08237030,Glatten,Zweitstimmen,AfD,468,33.004231311706626
08237032,Grömbach,Erststimmen,AfD,95,35.580524344569284
08237032,Grömbach,Zweitstimmen,AfD,94,35.471698113207545
08237040,"Horb am Neckar, Stadt",Erststimmen,AfD,3265,26.189139327825462
08237040,"Horb am Neckar, Stadt",Zweitstimmen,AfD,3258,26.039002557544755
08237045,Loßburg,Erststimmen,AfD,1057,23.620111731843576
08237045,Loßburg,Zweitstimmen,AfD,1061,23.693613220187583
08237054,Pfalzgrafenweiler,Erststimmen,AfD,972,26.622843056696794
08237054,Pfalzgrafenweiler,Zweitstimmen,AfD,992,27.10382513661202
08237061,Schopfloch,Erststimmen,AfD,437,28.04878048780488
08237061,Schopfloch,Zweitstimmen,AfD,431,27.610506085842406
08237072,Wörnersberg,Erststimmen,AfD,31,34.44444444444444
08237072,Wörnersberg,Zweitstimmen,AfD,27,30.0
08237073,Seewald,Erststimmen,AfD,337,28.6321155480034
08237073,Seewald,Zweitstimmen,AfD,323,27.326565143824027
08237074,Waldachtal,Erststimmen,AfD,1017,31.77132146204311
08237074,Waldachtal,Zweitstimmen,AfD,1019,31.66563082660037
08237075,Bad Rippoldsau-Schapbach,Erststimmen,AfD,200,16.116035455278002
08237075,Bad Rippoldsau-Schapbach,Zweitstimmen,AfD,204,16.33306645316253
08316002,Bahlingen am Kaiserstuhl,Erststimmen,AfD,429,16.58932714617169
08316002,Bahlingen am Kaiserstuhl,Zweitstimmen,AfD,434,16.737369841881993
08316003,Biederbach,Erststimmen,AfD,176,17.15399610136452
08316003,Biederbach,Zweitstimmen,AfD,182,17.704280155642024
08316009,Denzlingen,Erststimmen,AfD,977,13.303376906318082
08316009,Denzlingen,Zweitstimmen,AfD,958,13.014536068468956
08316010,"Elzach, Stadt",Erststimmen,AfD,513,11.966410076976906
08316010,"Elzach, Stadt",Zweitstimmen,AfD,546,12.715416860735912
08316011,"Emmendingen, Stadt",Erststimmen,AfD,2134,15.181048587892153
08316011,"Emmendingen, Stadt",Zweitstimmen,AfD,2066,14.673295454545453
08316012,"Endingen am Kaiserstuhl, Stadt",Erststimmen,AfD,970,16.85490877497828
08316012,"Endingen am Kaiserstuhl, Stadt",Zweitstimmen,AfD,966,16.770833333333332
08316013,Forchheim,Erststimmen,AfD,183,22.10144927536232
08316013,Forchheim,Zweitstimmen,AfD,188,22.732769044740024
08316014,Gutach im Breisgau,Erststimmen,AfD,363,13.776091081593927
08316014,Gutach im Breisgau,Zweitstimmen,AfD,392,14.876660341555977
08316017,"Herbolzheim, Stadt",Erststimmen,AfD,1135,21.577946768060837
08316017,"Herbolzheim, Stadt",Zweitstimmen,AfD,1119,21.213270142180093
08316020,"Kenzingen, Stadt",Erststimmen,AfD,939,16.882416396979504
08316020,"Kenzingen, Stadt",Zweitstimmen,AfD,935,16.765285996055226
08316024,Malterdingen,Erststimmen,AfD,344,18.095739084692266
08316024,Malterdingen,Zweitstimmen,AfD,330,17.341040462427745
08316036,Reute,Erststimmen,AfD,237,13.659942363112393
08316036,Reute,Zweitstimmen,AfD,237,13.620689655172413
08316037,Riegel am Kaiserstuhl,Erststimmen,AfD,427,21.09683794466403
08316037,Riegel am Kaiserstuhl,Zweitstimmen,AfD,411,20.346534653465344
08316038,Sasbach am Kaiserstuhl,Erststimmen,AfD,336,16.390243902439025
08316038,Sasbach am Kaiserstuhl,Zweitstimmen,AfD,337,16.40701071080818
08316039,Sexau,Erststimmen,AfD,264,12.541567695961994
08316039,Sexau,Zweitstimmen,AfD,267,12.654028436018958
08316042,Simonswald,Erststimmen,AfD,277,15.588069780528983
08316042,Simonswald,Zweitstimmen,AfD,278,15.688487584650112
08316043,Teningen,Erststimmen,AfD,1015,15.859375
08316043,Teningen,Zweitstimmen,AfD,1011,15.737858032378579
08316045,Vörstetten,Erststimmen,AfD,219,11.562829989440338
08316045,Vörstetten,Zweitstimmen,AfD,219,11.562829989440338
08316049,Weisweil,Erststimmen,AfD,235,18.815052041633308
08316049,Weisweil,Zweitstimmen,AfD,244,19.52
08316051,Wyhl am Kaiserstuhl,Erststimmen,AfD,447,21.594202898550723
08316051,Wyhl am Kaiserstuhl,Zweitstimmen,AfD,455,21.980676328502415
08316053,Rheinhausen im Breisgau,Erststimmen,AfD,485,21.479185119574844
08316053,Rheinhausen im Breisgau,Zweitstimmen,AfD,486,21.390845070422536
08316054,Freiamt,Erststimmen,AfD,409,16.301315265045837
08316054,Freiamt,Zweitstimmen,AfD,429,17.084826762246117
08316055,Winden im Elztal,Erststimmen,AfD,256,15.695892090741875
08316055,Winden im Elztal,Zweitstimmen,AfD,290,17.74785801713586
08316056,"Waldkirch, Stadt",Erststimmen,AfD,1408,12.498890368397692
08316056,"Waldkirch, Stadt",Zweitstimmen,AfD,1429,12.661704766967924
08325001,Aichhalden,Erststimmen,AfD,553,21.694782267555905
08325001,Aichhalden,Zweitstimmen,AfD,572,22.440172616712438
08325009,Bösingen,Erststimmen,AfD,528,25.581395348837212
08325009,Bösingen,Zweitstimmen,AfD,555,26.850507982583455
08325011,Dietingen,Erststimmen,AfD,725,30.423835501468737
08325011,Dietingen,Zweitstimmen,AfD,735,30.856423173803528
08325012,"Dornhan, Stadt",Erststimmen,AfD,929,25.913528591352858
08325012,"Dornhan, Stadt",Zweitstimmen,AfD,944,26.317256760524117
08325014,Dunningen,Erststimmen,AfD,791,21.28632938643703
08325014,Dunningen,Zweitstimmen,AfD,832,22.377622377622377
08325015,Epfendorf,Erststimmen,AfD,465,25.733259546209187
08325015,Epfendorf,Zweitstimmen,AfD,481,26.618705035971225
08325024,Hardt,Erststimmen,AfD,340,20.37147992810066
08325024,Hardt,Zweitstimmen,AfD,358,21.48859543817527
08325036,Lauterbach,Erststimmen,AfD,274,18.438761776581426
08325036,Lauterbach,Zweitstimmen,AfD,285,19.12751677852349
08325045,"Oberndorf am Neckar, Stadt",Erststimmen,AfD,1806,28.192319700280986
08325045,"Oberndorf am Neckar, Stadt",Zweitstimmen,AfD,1834,28.629409928192317
08325049,"Rottweil, Stadt",Erststimmen,AfD,2582,21.457658106872767
08325049,"Rottweil, Stadt",Zweitstimmen,AfD,2656,22.046982651282477
08325050,Schenkenzell,Erststimmen,AfD,138,13.359148112294289
08325050,Schenkenzell,Zweitstimmen,AfD,136,13.102119460500964
08325051,"Schiltach, Stadt",Erststimmen,AfD,339,16.798810703666998
08325051,"Schiltach, Stadt",Zweitstimmen,AfD,335,16.551383399209485
08325053,"Schramberg, Stadt",Erststimmen,AfD,2257,24.04389048684351
08325053,"Schramberg, Stadt",Zweitstimmen,AfD,2303,24.471363298267985
08325057,"Sulz am Neckar, Stadt",Erststimmen,AfD,1778,28.82152698978765
08325057,"Sulz am Neckar, Stadt",Zweitstimmen,AfD,1788,28.927358032680793
08325060,Villingendorf,Erststimmen,AfD,370,19.473684210526315
08325060,Villingendorf,Zweitstimmen,AfD,380,19.968470835522858
08325061,Vöhringen,Erststimmen,AfD,693,29.53964194373401
08325061,Vöhringen,Zweitstimmen,AfD,715,30.36093418259023
08325064,Wellendingen,Erststimmen,AfD,509,30.73671497584541
08325064,Wellendingen,Zweitstimmen,AfD,504,30.361445783132528
08325069,Zimmern ob Rottweil,Erststimmen,AfD,789,23.580394500896592
08325069,Zimmern ob Rottweil,Zweitstimmen,AfD,816,24.394618834080717
08325070,Fluorn-Winzeln,Erststimmen,AfD,502,28.091773922775605
08325070,Fluorn-Winzeln,Zweitstimmen,AfD,518,28.90625
08325071,Eschbronn,Erststimmen,AfD,316,24.70680218921032
08325071,Eschbronn,Zweitstimmen,AfD,321,25.137039937353173
08325072,Deißlingen,Erststimmen,AfD,944,29.334990677439404
08325072,Deißlingen,Zweitstimmen,AfD,958,29.668628058222357
08326003,"Bad Dürrheim, Stadt",Erststimmen,AfD,1700,25.103366804489074
08326003,"Bad Dürrheim, Stadt",Zweitstimmen,AfD,1634,24.00117508813161
08326005,"Blumberg, Stadt",Erststimmen,AfD,1147,26.20516335389536
08326005,"Blumberg, Stadt",Zweitstimmen,AfD,1220,27.771454586842705
08326006,"Bräunlingen, Stadt",Erststimmen,AfD,632,20.1209805794333
08326006,"Bräunlingen, Stadt",Zweitstimmen,AfD,611,19.37836980653346
08326010,Dauchingen,Erststimmen,AfD,466,22.28598756575801
08326010,Dauchingen,Zweitstimmen,AfD,465,22.163965681601525
08326012,"Donaueschingen, Stadt",Erststimmen,AfD,2479,23.64104520312798
08326012,"Donaueschingen, Stadt",Zweitstimmen,AfD,2532,24.029609945904905
08326017,"Furtwangen im Schwarzwald, Stadt",Erststimmen,AfD,782,19.68285930027687
08326017,"Furtwangen im Schwarzwald, Stadt",Zweitstimmen,AfD,766,19.188376753507015
08326020,Gütenbach,Erststimmen,AfD,149,26.51245551601423
08326020,Gütenbach,Zweitstimmen,AfD,147,26.156583629893237
08326027,"Hüfingen, Stadt",Erststimmen,AfD,872,22.193942479002292
08326027,"Hüfingen, Stadt",Zweitstimmen,AfD,909,23.006833712984054
08326031,Königsfeld im Schwarzwald,Erststimmen,AfD,653,18.582811610700055
08326031,Königsfeld im Schwarzwald,Zweitstimmen,AfD,617,17.478753541076486
08326037,Mönchweiler,Erststimmen,AfD,451,27.333333333333332
08326037,Mönchweiler,Zweitstimmen,AfD,412,24.849215922798553
08326041,Niedereschach,Erststimmen,AfD,788,23.734939759036145
08326041,Niedereschach,Zweitstimmen,AfD,786,23.610693902072693
08326052,"St. Georgen im Schwarzwald, Stadt",Erststimmen,AfD,1374,22.41801272638277
08326052,"St. Georgen im Schwarzwald, Stadt",Zweitstimmen,AfD,1316,21.33246879559086
08326054,Schönwald im Schwarzwald,Erststimmen,AfD,358,27.141774071266113
08326054,Schönwald im Schwarzwald,Zweitstimmen,AfD,352,26.525998492840998
08326055,Schonach im Schwarzwald,Erststimmen,AfD,432,20.59103908484271
08326055,Schonach im Schwarzwald,Zweitstimmen,AfD,422,20.028476506881823
08326060,"Triberg im Schwarzwald, Stadt",Erststimmen,AfD,424,23.780145821648908
08326060,"Triberg im Schwarzwald, Stadt",Zweitstimmen,AfD,410,22.905027932960895
08326061,Tuningen,Erststimmen,AfD,483,29.166666666666668
08326061,Tuningen,Zweitstimmen,AfD,483,28.991596638655466
08326065,Unterkirnach,Erststimmen,AfD,294,23.482428115015974
08326065,Unterkirnach,Zweitstimmen,AfD,287,22.868525896414344
08326068,"Vöhrenbach, Stadt",Erststimmen,AfD,367,21.845238095238095
08326068,"Vöhrenbach, Stadt",Zweitstimmen,AfD,360,21.352313167259787
08326074,"Villingen-Schwenningen, Stadt",Erststimmen,AfD,9383,26.862296020612654
08326074,"Villingen-Schwenningen, Stadt",Zweitstimmen,AfD,8947,25.50456100342075
08326075,Brigachtal,Erststimmen,AfD,756,26.059979317476735
08326075,Brigachtal,Zweitstimmen,AfD,702,23.950870010235413
08327002,Aldingen,Erststimmen,AfD,1067,33.105802047781566
08327002,Aldingen,Zweitstimmen,AfD,1071,33.106646058732615
08327004,Bärenthal,Erststimmen,AfD,76,27.33812949640288
08327004,Bärenthal,Zweitstimmen,AfD,88,31.54121863799283
08327005,Balgheim,Erststimmen,AfD,178,25.464949928469245
08327005,Balgheim,Zweitstimmen,AfD,189,26.84659090909091
08327006,Böttingen,Erststimmen,AfD,219,27.204968944099377
08327006,Böttingen,Zweitstimmen,AfD,222,27.373612823674478
08327007,Bubsheim,Erststimmen,AfD,200,36.36363636363637
08327007,Bubsheim,Zweitstimmen,AfD,201,36.21621621621622
08327008,Buchheim,Erststimmen,AfD,100,22.271714922049
08327008,Buchheim,Zweitstimmen,AfD,114,25.221238938053098
08327009,Deilingen,Erststimmen,AfD,256,26.919032597266035
08327009,Deilingen,Zweitstimmen,AfD,263,27.597061909758658
08327010,Denkingen,Erststimmen,AfD,478,32.47282608695652
08327010,Denkingen,Zweitstimmen,AfD,482,32.567567567567565
08327011,Dürbheim,Erststimmen,AfD,222,22.95760082730093
08327011,Dürbheim,Zweitstimmen,AfD,233,23.995880535530382
08327012,Durchhausen,Erststimmen,AfD,158,30.0952380952381
08327012,Durchhausen,Zweitstimmen,AfD,158,29.867674858223065
08327013,Egesheim,Erststimmen,AfD,98,35.0
08327013,Egesheim,Zweitstimmen,AfD,100,35.2112676056338
08327016,"Fridingen an der Donau, Stadt",Erststimmen,AfD,321,19.25614877024595
08327016,"Fridingen an der Donau, Stadt",Zweitstimmen,AfD,353,21.074626865671643
08327017,Frittlingen,Erststimmen,AfD,249,22.99168975069252
08327017,Frittlingen,Zweitstimmen,AfD,254,23.324150596877868
08327018,"Geisingen, Stadt",Erststimmen,AfD,688,22.933333333333334
08327018,"Geisingen, Stadt",Zweitstimmen,AfD,681,22.6321036889332
08327019,Gosheim,Erststimmen,AfD,523,30.318840579710145
08327019,Gosheim,Zweitstimmen,AfD,523,30.17888055395268
08327020,Gunningen,Erststimmen,AfD,135,32.846715328467155
08327020,Gunningen,Zweitstimmen,AfD,143,34.96332518337408
08327023,Hausen ob Verena,Erststimmen,AfD,125,25.667351129363446
08327023,Hausen ob Verena,Zweitstimmen,AfD,132,27.049180327868854
08327025,Immendingen,Erststimmen,AfD,866,28.618638466622603
08327025,Immendingen,Zweitstimmen,AfD,877,28.89621087314662
08327027,Irndorf,Erststimmen,AfD,121,27.069351230425053
08327027,Irndorf,Zweitstimmen,AfD,132,29.20353982300885
08327029,Königsheim,Erststimmen,AfD,112,31.818181818181817
08327029,Königsheim,Zweitstimmen,AfD,107,30.225988700564972
08327030,Kolbingen,Erststimmen,AfD,168,21.93211488250653
08327030,Kolbingen,Zweitstimmen,AfD,162,21.176470588235293
08327033,Mahlstetten,Erststimmen,AfD,104,21.711899791231733
08327033,Mahlstetten,Zweitstimmen,AfD,101,20.997920997921
08327036,"Mühlheim an der Donau, Stadt",Erststimmen,AfD,415,20.636499254102436
08327036,"Mühlheim an der Donau, Stadt",Zweitstimmen,AfD,421,20.810677212061297
08327038,Neuhausen ob Eck,Erststimmen,AfD,559,29.205851619644722
08327038,Neuhausen ob Eck,Zweitstimmen,AfD,557,28.95010395010395
08327040,Reichenbach am Heuberg,Erststimmen,AfD,83,37.55656108597285
08327040,Reichenbach am Heuberg,Zweitstimmen,AfD,84,38.18181818181819
08327041,Renquishausen,Erststimmen,AfD,133,26.65330661322645
08327041,Renquishausen,Zweitstimmen,AfD,145,28.942115768463072
08327046,"Spaichingen, Stadt",Erststimmen,AfD,1539,26.672443674176776
08327046,"Spaichingen, Stadt",Zweitstimmen,AfD,1516,26.22383670645217
08327048,Talheim,Erststimmen,AfD,185,25.65880721220527
08327048,Talheim,Zweitstimmen,AfD,190,26.425591098748264
08327049,"Trossingen, Stadt",Erststimmen,AfD,2132,32.90631270257756
08327049,"Trossingen, Stadt",Zweitstimmen,AfD,2129,32.80936970257359
08327050,"Tuttlingen, Stadt",Erststimmen,AfD,3168,24.410540915395284
08327050,"Tuttlingen, Stadt",Zweitstimmen,AfD,3181,24.461704091048908
08327051,Wehingen,Erststimmen,AfD,514,33.29015544041451
08327051,Wehingen,Zweitstimmen,AfD,520,33.57004519044545
08327054,Wurmlingen,Erststimmen,AfD,466,21.674418604651162
08327054,Wurmlingen,Zweitstimmen,AfD,481,22.330547818013
08327055,Seitingen-Oberflacht,Erststimmen,AfD,325,24.84709480122324
08327055,Seitingen-Oberflacht,Zweitstimmen,AfD,332,25.34351145038168
08327056,Rietheim-Weilheim,Erststimmen,AfD,345,23.9251040221914
08327056,Rietheim-Weilheim,Zweitstimmen,AfD,363,25.155925155925157
08327057,Emmingen-Liptingen,Erststimmen,AfD,804,30.68702290076336
08327057,Emmingen-Liptingen,Zweitstimmen,AfD,817,31.171308660816482
08336004,Aitern,Erststimmen,AfD,44,14.285714285714285
08336004,Aitern,Zweitstimmen,AfD,48,15.63517915309446
08336006,Bad Bellingen,Erststimmen,AfD,427,19.86970684039088
08336006,Bad Bellingen,Zweitstimmen,AfD,425,19.68503937007874
08336008,Binzen,Erststimmen,AfD,213,12.964090079123554
08336008,Binzen,Zweitstimmen,AfD,220,13.381995133819952
08336010,Böllen,Erststimmen,AfD,12,19.35483870967742
08336010,Böllen,Zweitstimmen,AfD,13,21.311475409836063
08336014,Efringen-Kirchen,Erststimmen,AfD,783,16.38418079096045
08336014,Efringen-Kirchen,Zweitstimmen,AfD,778,16.242171189979125
08336019,Eimeldingen,Erststimmen,AfD,227,17.65163297045101
08336019,Eimeldingen,Zweitstimmen,AfD,225,17.414860681114554
08336024,Fischingen,Erststimmen,AfD,45,10.76555023923445
08336024,Fischingen,Zweitstimmen,AfD,45,10.76555023923445
08336025,Fröhnd,Erststimmen,AfD,64,19.937694704049843
08336025,Fröhnd,Zweitstimmen,AfD,69,21.835443037974684
08336034,Hasel,Erststimmen,AfD,167,27.377049180327866
08336034,Hasel,Zweitstimmen,AfD,162,26.557377049180324
08336036,Hausen im Wiesental,Erststimmen,AfD,233,19.0671031096563
08336036,Hausen im Wiesental,Zweitstimmen,AfD,238,19.412724306688418
08336043,Inzlingen,Erststimmen,AfD,176,13.262999246420499
08336043,Inzlingen,Zweitstimmen,AfD,183,13.749060856498874
08336050,"Lörrach, Stadt",Erststimmen,AfD,3482,16.973774007994543
08336050,"Lörrach, Stadt",Zweitstimmen,AfD,3425,16.657750109430474
08336057,Maulburg,Erststimmen,AfD,418,20.84788029925187
08336057,Maulburg,Zweitstimmen,AfD,408,20.34912718204489
08336069,"Rheinfelden (Baden), Stadt",Erststimmen,AfD,2882,21.1802748585287
08336069,"Rheinfelden (Baden), Stadt",Zweitstimmen,AfD,2786,20.425219941348974
08336073,Rümmingen,Erststimmen,AfD,148,15.845824411134904
08336073,Rümmingen,Zweitstimmen,AfD,154,16.470588235294116
08336075,Schallbach,Erststimmen,AfD,90,18.480492813141684
08336075,Schallbach,Zweitstimmen,AfD,89,18.426501035196686
08336079,"Schönau im Schwarzwald, Stadt",Erststimmen,AfD,121,18.55828220858896
08336079,"Schönau im Schwarzwald, Stadt",Zweitstimmen,AfD,131,20.153846153846153
08336080,Schönenberg,Erststimmen,AfD,38,23.89937106918239
08336080,Schönenberg,Zweitstimmen,AfD,38,23.456790123456788
08336081,"Schopfheim, Stadt",Erststimmen,AfD,1865,19.925213675213676
08336081,"Schopfheim, Stadt",Zweitstimmen,AfD,1808,19.256576845244435
08336082,Schwörstadt,Erststimmen,AfD,247,20.949957591178965
08336082,Schwörstadt,Zweitstimmen,AfD,245,20.797962648556876
08336084,Steinen,Erststimmen,AfD,1153,21.67293233082707
08336084,Steinen,Zweitstimmen,AfD,1111,20.820839580209896
08336087,"Todtnau, Stadt",Erststimmen,AfD,300,11.971268954509178
08336087,"Todtnau, Stadt",Zweitstimmen,AfD,316,12.614770459081836
08336089,Tunau,Erststimmen,AfD,21,24.137931034482758
08336089,Tunau,Zweitstimmen,AfD,21,24.137931034482758
08336090,Utzenfeld,Erststimmen,AfD,88,25.730994152046783
08336090,Utzenfeld,Zweitstimmen,AfD,80,23.323615160349853
08336091,"Weil am Rhein, Stadt",Erststimmen,AfD,2268,19.38627233096846
08336091,"Weil am Rhein, Stadt",Zweitstimmen,AfD,2217,18.887374339751233
08336094,Wembach,Erststimmen,AfD,42,30.0
08336094,Wembach,Zweitstimmen,AfD,39,27.857142857142858
08336096,Wieden,Erststimmen,AfD,44,12.941176470588237
08336096,Wieden,Zweitstimmen,AfD,61,17.888563049853374
08336100,Wittlingen,Erststimmen,AfD,86,16.074766355140188
08336100,Wittlingen,Zweitstimmen,AfD,89,16.6044776119403
08336103,"Zell im Wiesental, Stadt",Erststimmen,AfD,498,19.71496437054632
08336103,"Zell im Wiesental, Stadt",Zweitstimmen,AfD,513,20.30878859857482
08336105,Grenzach-Wyhlen,Erststimmen,AfD,1057,17.14239377229971
08336105,Grenzach-Wyhlen,Zweitstimmen,AfD,1040,16.872160934458144
08336106,Häg-Ehrsberg,Erststimmen,AfD,117,23.732251521298174
08336106,Häg-Ehrsberg,Zweitstimmen,AfD,123,25.0
08336107,Kleines Wiesental,Erststimmen,AfD,415,25.136281041792852
08336107,Kleines Wiesental,Zweitstimmen,AfD,408,24.682395644283122
08337002,Albbruck,Erststimmen,AfD,812,21.85733512786003
08337002,Albbruck,Zweitstimmen,AfD,808,21.708758731864588
08337030,Dettighofen,Erststimmen,AfD,123,21.578947368421055
08337030,Dettighofen,Zweitstimmen,AfD,126,22.144112478031637
08337032,Dogern,Erststimmen,AfD,187,15.302782324058919
08337032,Dogern,Zweitstimmen,AfD,184,15.081967213114755
08337038,Görwihl,Erststimmen,AfD,584,24.363788068418856
08337038,Görwihl,Zweitstimmen,AfD,574,23.9067055393586
08337049,Herrischried,Erststimmen,AfD,346,25.744047619047617
08337049,Herrischried,Zweitstimmen,AfD,341,25.203252032520325
08337053,Hohentengen am Hochrhein,Erststimmen,AfD,341,18.10939989378651
08337053,Hohentengen am Hochrhein,Zweitstimmen,AfD,350,18.577494692144374
08337060,Jestetten,Erststimmen,AfD,449,21.52444870565676
08337060,Jestetten,Zweitstimmen,AfD,445,21.353166986564297
08337062,Klettgau,Erststimmen,AfD,699,19.192751235584844
08337062,Klettgau,Zweitstimmen,AfD,715,19.615912208504803
08337065,Lauchringen,Erststimmen,AfD,653,17.558483463296586
08337065,Lauchringen,Zweitstimmen,AfD,662,17.790916420317117
08337066,"Laufenburg (Baden), Stadt",Erststimmen,AfD,877,23.568933082504703
08337066,"Laufenburg (Baden), Stadt",Zweitstimmen,AfD,866,23.18607764390897
08337070,Lottstetten,Erststimmen,AfD,194,21.627647714604237
08337070,Lottstetten,Zweitstimmen,AfD,193,21.46829810901001
08337076,Murg,Erststimmen,AfD,802,25.13318708868693
08337076,Murg,Zweitstimmen,AfD,760,23.802067021609773
08337090,Rickenbach,Erststimmen,AfD,572,27.006610009442873
08337090,Rickenbach,Zweitstimmen,AfD,554,26.132075471698112
08337096,"Bad Säckingen, Stadt",Erststimmen,AfD,1500,20.95264701773991
08337096,"Bad Säckingen, Stadt",Zweitstimmen,AfD,1447,20.184126098479567
08337106,"Stühlingen, Stadt",Erststimmen,AfD,551,19.387755102040817
08337106,"Stühlingen, Stadt",Zweitstimmen,AfD,551,19.32655208698702
08337116,"Wehr, Stadt",Erststimmen,AfD,1352,24.926253687315633
08337116,"Wehr, Stadt",Zweitstimmen,AfD,1305,24.011039558417664
08337118,Weilheim,Erststimmen,AfD,300,15.592515592515593
08337118,Weilheim,Zweitstimmen,AfD,302,15.65578019699326
08337123,Wutöschingen,Erststimmen,AfD,706,22.285353535353536
08337123,Wutöschingen,Zweitstimmen,AfD,721,22.73013871374527
08337124,Eggingen,Erststimmen,AfD,177,19.011815252416756
08337124,Eggingen,Zweitstimmen,AfD,177,18.971061093247588
08337125,Küssaberg,Erststimmen,AfD,609,21.549893842887474
08337125,Küssaberg,Zweitstimmen,AfD,619,21.84191954834157
08337126,"Waldshut-Tiengen, Stadt",Erststimmen,AfD,1789,18.84943630808134
08337126,"Waldshut-Tiengen, Stadt",Zweitstimmen,AfD,1790,18.836157003051667
08416006,Bodelshausen,Erststimmen,AfD,638,24.148372445117335
08416006,Bodelshausen,Zweitstimmen,AfD,632,23.98481973434535
08416009,Dettenhausen,Erststimmen,AfD,561,17.602761217445874
08416009,Dettenhausen,Zweitstimmen,AfD,566,17.74294670846395
08416018,Hirrlingen,Erststimmen,AfD,359,20.573065902578797
08416018,Hirrlingen,Zweitstimmen,AfD,361,20.558086560364465
08416025,"Mössingen, Stadt",Erststimmen,AfD,1965,18.782259606193843
08416025,"Mössingen, Stadt",Zweitstimmen,AfD,2006,19.135743584851664
08416031,Ofterdingen,Erststimmen,AfD,501,18.028067650233897
08416031,Ofterdingen,Zweitstimmen,AfD,510,18.33213515456506
08416036,"Rottenburg am Neckar, Stadt",Erststimmen,AfD,4132,18.00514183624559
08416036,"Rottenburg am Neckar, Stadt",Zweitstimmen,AfD,4256,18.493894755138403
08416041,"Tübingen, Universitätsstadt",Erststimmen,AfD,2844,5.528663906222662
08416041,"Tübingen, Universitätsstadt",Zweitstimmen,AfD,2994,5.808291462160747
08416048,Ammerbuch,Erststimmen,AfD,1001,14.94475962974022
08416048,Ammerbuch,Zweitstimmen,AfD,1038,15.462535379115149
08416049,Neustetten,Erststimmen,AfD,446,20.998116760828626
08416049,Neustetten,Zweitstimmen,AfD,475,22.27954971857411
08416050,Starzach,Erststimmen,AfD,685,26.664071623199685
08416050,Starzach,Zweitstimmen,AfD,663,25.677769171185126
08417002,"Balingen, Stadt",Erststimmen,AfD,4055,23.172752728727357
08417002,"Balingen, Stadt",Zweitstimmen,AfD,4132,23.534772455430883
08417008,Bisingen,Erststimmen,AfD,1252,25.49378945225005
08417008,Bisingen,Zweitstimmen,AfD,1253,25.3746456055083
08417010,Bitz,Erststimmen,AfD,564,27.962320277640057
08417010,Bitz,Zweitstimmen,AfD,551,27.18302910705476
08417014,Dautmergen,Erststimmen,AfD,71,27.626459143968873
08417014,Dautmergen,Zweitstimmen,AfD,72,27.906976744186046
08417015,Dormettingen,Erststimmen,AfD,140,23.931623931623932
08417015,Dormettingen,Zweitstimmen,AfD,143,24.40273037542662
08417016,Dotternhausen,Erststimmen,AfD,227,21.234798877455567
08417016,Dotternhausen,Zweitstimmen,AfD,222,20.708955223880597
08417022,"Geislingen, Stadt",Erststimmen,AfD,853,25.379351383516813
08417022,"Geislingen, Stadt",Zweitstimmen,AfD,874,25.888625592417064
08417023,Grosselfingen,Erststimmen,AfD,386,34.038800705467374
08417023,Grosselfingen,Zweitstimmen,AfD,387,34.03693931398417
08417025,"Haigerloch, Stadt",Erststimmen,AfD,1443,25.503711558854718
08417025,"Haigerloch, Stadt",Zweitstimmen,AfD,1472,25.847234416154524
08417029,Hausen am Tann,Erststimmen,AfD,73,28.185328185328185
08417029,Hausen am Tann,Zweitstimmen,AfD,79,30.268199233716476
08417044,"Meßstetten, Stadt",Erststimmen,AfD,1575,28.527440681036044
08417044,"Meßstetten, Stadt",Zweitstimmen,AfD,1602,28.901316976366587
08417045,Nusplingen,Erststimmen,AfD,241,24.245472837022135
08417045,Nusplingen,Zweitstimmen,AfD,266,26.65330661322645
08417047,Obernheim,Erststimmen,AfD,268,31.41852286049238
08417047,Obernheim,Zweitstimmen,AfD,262,30.643274853801174
08417051,Rangendingen,Erststimmen,AfD,717,25.157894736842106
08417051,Rangendingen,Zweitstimmen,AfD,720,25.148445686342995
08417052,Ratshausen,Erststimmen,AfD,132,29.398663697104677
08417052,Ratshausen,Zweitstimmen,AfD,137,30.30973451327434
08417054,"Rosenfeld, Stadt",Erststimmen,AfD,961,27.790630422209368
08417054,"Rosenfeld, Stadt",Zweitstimmen,AfD,972,27.882960413080895
08417057,"Schömberg, Stadt",Erststimmen,AfD,599,27.252047315741585
08417057,"Schömberg, Stadt",Zweitstimmen,AfD,609,27.61904761904762
08417063,Straßberg,Erststimmen,AfD,403,28.18181818181818
08417063,Straßberg,Zweitstimmen,AfD,410,28.611304954640616
08417071,Weilen unter den Rinnen,Erststimmen,AfD,109,29.06666666666667
08417071,Weilen unter den Rinnen,Zweitstimmen,AfD,117,31.36729222520107
08417075,Winterlingen,Erststimmen,AfD,916,27.606992163954192
08417075,Winterlingen,Zweitstimmen,AfD,944,28.331332533013203
08417078,Zimmern unter der Burg,Erststimmen,AfD,95,33.45070422535211
08417078,Zimmern unter der Burg,Zweitstimmen,AfD,101,35.31468531468531
08417079,"Albstadt, Stadt",Erststimmen,AfD,5247,28.031841008654773
08417079,"Albstadt, Stadt",Zweitstimmen,AfD,5221,27.75503694646749
08425002,Allmendingen,Erststimmen,AfD,595,22.118959107806692
08425002,Allmendingen,Zweitstimmen,AfD,640,23.907358983937243
08425004,Altheim,Erststimmen,AfD,55,20.22058823529412
08425004,Altheim,Zweitstimmen,AfD,61,22.181818181818183
08425005,Altheim (Alb),Erststimmen,AfD,255,24.709302325581394
08425005,Altheim (Alb),Zweitstimmen,AfD,274,26.39691714836224
08425008,Amstetten,Erststimmen,AfD,493,22.257336343115124
08425008,Amstetten,Zweitstimmen,AfD,509,23.073436083408886
08425011,Asselfingen,Erststimmen,AfD,111,21.022727272727273
08425011,Asselfingen,Zweitstimmen,AfD,127,23.962264150943398
08425013,Ballendorf,Erststimmen,AfD,62,20.26143790849673
08425013,Ballendorf,Zweitstimmen,AfD,65,21.38157894736842
08425014,Beimerstetten,Erststimmen,AfD,204,14.468085106382977
08425014,Beimerstetten,Zweitstimmen,AfD,223,15.75971731448763
08425017,Berghülen,Erststimmen,AfD,227,18.410381184103812
08425017,Berghülen,Zweitstimmen,AfD,234,19.03986981285598
08425019,Bernstadt,Erststimmen,AfD,249,18.056562726613485
08425019,Bernstadt,Zweitstimmen,AfD,271,19.63768115942029
08425020,"Blaubeuren, Stadt",Erststimmen,AfD,1016,16.849087893864013
08425020,"Blaubeuren, Stadt",Zweitstimmen,AfD,1015,16.83808891838089
08425022,Börslingen,Erststimmen,AfD,34,32.075471698113205
08425022,Börslingen,Zweitstimmen,AfD,31,29.523809523809526
08425024,Breitingen,Erststimmen,AfD,42,29.577464788732392
08425024,Breitingen,Zweitstimmen,AfD,46,32.3943661971831
08425031,Dornstadt,Erststimmen,AfD,864,17.733990147783253
08425031,Dornstadt,Zweitstimmen,AfD,905,18.514729950900165
08425033,"Ehingen (Donau), Stadt",Erststimmen,AfD,2712,20.971234147850293
08425033,"Ehingen (Donau), Stadt",Zweitstimmen,AfD,2895,22.405386579986068
08425035,Emeringen,Erststimmen,AfD,16,14.953271028037381
08425035,Emeringen,Zweitstimmen,AfD,19,17.92452830188679
08425036,Emerkingen,Erststimmen,AfD,48,12.532637075718014
08425036,Emerkingen,Zweitstimmen,AfD,57,14.960629921259844
08425050,Griesingen,Erststimmen,AfD,106,22.362869198312236
08425050,Griesingen,Zweitstimmen,AfD,114,24.101479915433405
08425052,Grundsheim,Erststimmen,AfD,26,19.84732824427481
08425052,Grundsheim,Zweitstimmen,AfD,25,19.083969465648856
08425055,Hausen am Bussen,Erststimmen,AfD,26,18.181818181818183
08425055,Hausen am Bussen,Zweitstimmen,AfD,29,20.422535211267608
08425062,Holzkirch,Erststimmen,AfD,20,15.037593984962406
08425062,Holzkirch,Zweitstimmen,AfD,18,13.846153846153847
08425071,"Laichingen, Stadt",Erststimmen,AfD,1259,21.310088016249153
08425071,"Laichingen, Stadt",Zweitstimmen,AfD,1294,21.898798443052968
08425072,"Langenau, Stadt",Erststimmen,AfD,1444,17.873499195444982
08425072,"Langenau, Stadt",Zweitstimmen,AfD,1487,18.394359228104896
08425073,Lauterach,Erststimmen,AfD,49,18.28358208955224
08425073,Lauterach,Zweitstimmen,AfD,54,20.074349442379184
08425075,Lonsee,Erststimmen,AfD,601,21.71242774566474
08425075,Lonsee,Zweitstimmen,AfD,634,22.822174226061914
08425079,Merklingen,Erststimmen,AfD,271,22.54575707154742
08425079,Merklingen,Zweitstimmen,AfD,280,23.275145469659186
08425081,"Munderkingen, Stadt",Erststimmen,AfD,462,20.307692307692307
08425081,"Munderkingen, Stadt",Zweitstimmen,AfD,480,21.145374449339208
08425083,Neenstetten,Erststimmen,AfD,81,19.28571428571429
08425083,Neenstetten,Zweitstimmen,AfD,81,19.471153846153847
08425084,Nellingen,Erststimmen,AfD,320,24.596464258262873
08425084,Nellingen,Zweitstimmen,AfD,341,26.190476190476193
08425085,Nerenstetten,Erststimmen,AfD,42,21.98952879581152
08425085,Nerenstetten,Zweitstimmen,AfD,45,23.4375
08425088,Oberdischingen,Erststimmen,AfD,223,17.34059097978227
08425088,Oberdischingen,Zweitstimmen,AfD,242,18.847352024922117
08425090,Obermarchtal,Erststimmen,AfD,162,19.87730061349693
08425090,Obermarchtal,Zweitstimmen,AfD,177,21.878862793572313
08425091,Oberstadion,Erststimmen,AfD,265,26.13412228796844
08425091,Oberstadion,Zweitstimmen,AfD,284,28.035538005923
08425092,Öllingen,Erststimmen,AfD,61,24.596774193548388
08425092,Öllingen,Zweitstimmen,AfD,66,26.82926829268293
08425093,Öpfingen,Erststimmen,AfD,218,17.329093799682035
08425093,Öpfingen,Zweitstimmen,AfD,246,19.523809523809526
08425097,Rammingen,Erststimmen,AfD,210,27.486910994764397
08425097,Rammingen,Zweitstimmen,AfD,219,28.664921465968586
08425098,Rechtenstein,Erststimmen,AfD,29,19.863013698630137
08425098,Rechtenstein,Zweitstimmen,AfD,32,21.768707482993197
08425104,Rottenacker,Erststimmen,AfD,326,26.655764513491416
08425104,Rottenacker,Zweitstimmen,AfD,346,28.36065573770492
08425108,"Schelklingen, Stadt",Erststimmen,AfD,759,22.231985940246048
08425108,"Schelklingen, Stadt",Zweitstimmen,AfD,804,23.57080035180299
08425112,Setzingen,Erststimmen,AfD,84,24.418604651162788
08425112,Setzingen,Zweitstimmen,AfD,89,26.099706744868033
08425123,Untermarchtal,Erststimmen,AfD,77,23.8390092879257
08425123,Untermarchtal,Zweitstimmen,AfD,88,27.160493827160494
08425124,Unterstadion,Erststimmen,AfD,112,25.112107623318387
08425124,Unterstadion,Zweitstimmen,AfD,126,28.314606741573034
08425125,Unterwachingen,Erststimmen,AfD,32,25.196850393700785
08425125,Unterwachingen,Zweitstimmen,AfD,39,30.46875
08425130,Weidenstetten,Erststimmen,AfD,158,18.698224852071004
08425130,Weidenstetten,Zweitstimmen,AfD,173,20.497630331753555
08425134,Westerheim,Erststimmen,AfD,294,15.789473684210526
08425134,Westerheim,Zweitstimmen,AfD,313,16.72008547008547
08425135,Westerstetten,Erststimmen,AfD,203,15.309200603318251
08425135,Westerstetten,Zweitstimmen,AfD,223,16.792168674698797
08425139,Heroldstatt,Erststimmen,AfD,388,22.453703703703702
08425139,Heroldstatt,Zweitstimmen,AfD,413,23.872832369942195
08426001,Achstetten,Erststimmen,AfD,623,21.054410273741127
08426001,Achstetten,Zweitstimmen,AfD,663,22.44414353419093
08426005,Alleshausen,Erststimmen,AfD,48,16.666666666666664
08426005,Alleshausen,Zweitstimmen,AfD,48,16.783216783216783
08426006,Allmannsweiler,Erststimmen,AfD,49,29.166666666666668
08426006,Allmannsweiler,Zweitstimmen,AfD,48,28.57142857142857
08426008,Altheim,Erststimmen,AfD,281,21.9188767550702
08426008,Altheim,Zweitstimmen,AfD,278,21.701795472287273
08426011,Attenweiler,Erststimmen,AfD,207,17.009038619556286
08426011,Attenweiler,Zweitstimmen,AfD,224,18.375717801476622
08426013,"Bad Buchau, Stadt",Erststimmen,AfD,590,21.916790490341754
08426013,"Bad Buchau, Stadt",Zweitstimmen,AfD,595,21.963824289405682
08426014,"Bad Schussenried, Stadt",Erststimmen,AfD,984,22.558459422283356
08426014,"Bad Schussenried, Stadt",Zweitstimmen,AfD,1013,23.217969287187714
08426020,Betzenweiler,Erststimmen,AfD,56,18.181818181818183
08426020,Betzenweiler,Zweitstimmen,AfD,66,21.49837133550489
08426021,"Biberach an der Riß, Stadt",Erststimmen,AfD,2625,16.18272609580174
08426021,"Biberach an der Riß, Stadt",Zweitstimmen,AfD,2679,16.50240236540594
08426028,Burgrieden,Erststimmen,AfD,595,25.602409638554217
08426028,Burgrieden,Zweitstimmen,AfD,585,25.085763293310464
08426035,Dürmentingen,Erststimmen,AfD,329,22.169811320754718
08426035,Dürmentingen,Zweitstimmen,AfD,337,22.77027027027027
08426036,Dürnau,Erststimmen,AfD,44,22.110552763819097
08426036,Dürnau,Zweitstimmen,AfD,41,20.603015075376884
08426038,Eberhardzell,Erststimmen,AfD,524,19.472315124489036
08426038,Eberhardzell,Zweitstimmen,AfD,555,20.670391061452513
08426043,Erlenmoos,Erststimmen,AfD,220,20.44609665427509
08426043,Erlenmoos,Zweitstimmen,AfD,233,21.69459962756052
08426045,Ertingen,Erststimmen,AfD,977,32.085385878489326
08426045,Ertingen,Zweitstimmen,AfD,960,31.56856297270635
08426058,Hochdorf,Erststimmen,AfD,276,19.021364576154376
08426058,Hochdorf,Zweitstimmen,AfD,295,20.358868184955142
08426062,Ingoldingen,Erststimmen,AfD,376,19.925808161102278
08426062,Ingoldingen,Zweitstimmen,AfD,396,20.985691573926868
08426064,Kanzach,Erststimmen,AfD,61,24.897959183673468
08426064,Kanzach,Zweitstimmen,AfD,61,24.897959183673468
08426067,Langenenslingen,Erststimmen,AfD,557,27.10462287104623
08426067,Langenenslingen,Zweitstimmen,AfD,557,27.03883495145631
08426070,"Laupheim, Stadt",Erststimmen,AfD,2452,22.0841214086283
08426070,"Laupheim, Stadt",Zweitstimmen,AfD,2494,22.436128103634402
08426071,Maselheim,Erststimmen,AfD,480,18.209408194233685
08426071,Maselheim,Zweitstimmen,AfD,509,19.316888045540797
08426073,Mietingen,Erststimmen,AfD,633,21.865284974093264
08426073,Mietingen,Zweitstimmen,AfD,659,22.763385146804836
08426074,Mittelbiberach,Erststimmen,AfD,416,16.10530391018196
08426074,Mittelbiberach,Zweitstimmen,AfD,456,17.59259259259259
08426078,Moosburg,Erststimmen,AfD,27,20.610687022900763
08426078,Moosburg,Zweitstimmen,AfD,28,21.53846153846154
08426087,"Ochsenhausen, Stadt",Erststimmen,AfD,900,19.854401058901388
08426087,"Ochsenhausen, Stadt",Zweitstimmen,AfD,923,20.31697116442879
08426090,Oggelshausen,Erststimmen,AfD,99,31.428571428571427
08426090,Oggelshausen,Zweitstimmen,AfD,95,30.063291139240505
08426097,"Riedlingen, Stadt",Erststimmen,AfD,1549,29.231930552934514
08426097,"Riedlingen, Stadt",Zweitstimmen,AfD,1547,29.227281314944264
08426108,Schwendi,Erststimmen,AfD,812,21.734475374732334
08426108,Schwendi,Zweitstimmen,AfD,843,22.558201766122558
08426109,Seekirch,Erststimmen,AfD,20,14.388489208633093
08426109,Seekirch,Zweitstimmen,AfD,23,16.546762589928058
08426113,Steinhausen an der Rottum,Erststimmen,AfD,347,25.953627524308153
08426113,Steinhausen an der Rottum,Zweitstimmen,AfD,361,26.960418222554143
08426118,Tiefenbach,Erststimmen,AfD,65,29.411764705882355
08426118,Tiefenbach,Zweitstimmen,AfD,70,31.53153153153153
08426120,Ummendorf,Erststimmen,AfD,370,14.464425332290853
08426120,Ummendorf,Zweitstimmen,AfD,417,16.295427901524032
08426121,Unlingen,Erststimmen,AfD,352,23.848238482384822
08426121,Unlingen,Zweitstimmen,AfD,360,24.291497975708502
08426124,Uttenweiler,Erststimmen,AfD,507,22.364358182620204
08426124,Uttenweiler,Zweitstimmen,AfD,551,24.315975286849074
08426125,Wain,Erststimmen,AfD,190,21.64009111617312
08426125,Wain,Zweitstimmen,AfD,186,21.08843537414966
08426128,Warthausen,Erststimmen,AfD,460,15.889464594127805
08426128,Warthausen,Zweitstimmen,AfD,476,16.46489104116223
08426134,Schemmerhofen,Erststimmen,AfD,978,19.23682140047207
08426134,Schemmerhofen,Zweitstimmen,AfD,1020,20.031421838177533
08426135,Gutenzell-Hürbel,Erststimmen,AfD,239,20.65687121866897
08426135,Gutenzell-Hürbel,Zweitstimmen,AfD,245,21.157167530224523
08435005,Bermatingen,Erststimmen,AfD,358,15.59233449477352
08435005,Bermatingen,Zweitstimmen,AfD,378,16.420503909643788
08435010,Daisendorf,Erststimmen,AfD,123,13.50164654226125
08435010,Daisendorf,Zweitstimmen,AfD,126,13.740458015267176
08435013,Eriskirch,Erststimmen,AfD,487,18.92732219199378
08435013,Eriskirch,Zweitstimmen,AfD,486,18.866459627329192
08435015,Frickingen,Erststimmen,AfD,327,17.571198280494357
08435015,Frickingen,Zweitstimmen,AfD,327,17.524115755627008
08435016,"Friedrichshafen, Stadt",Erststimmen,AfD,5268,20.266215280449334
08435016,"Friedrichshafen, Stadt",Zweitstimmen,AfD,5206,19.95859530746818
08435018,Hagnau am Bodensee,Erststimmen,AfD,81,9.794437726723096
08435018,Hagnau am Bodensee,Zweitstimmen,AfD,92,11.057692307692307
08435020,Heiligenberg,Erststimmen,AfD,274,16.23222748815166
08435020,Heiligenberg,Zweitstimmen,AfD,278,16.35294117647059
08435024,Immenstaad am Bodensee,Erststimmen,AfD,447,12.826398852223816
08435024,Immenstaad am Bodensee,Zweitstimmen,AfD,461,13.194046937607325
08435029,Kressbronn am Bodensee,Erststimmen,AfD,774,16.284451925099937
08435029,Kressbronn am Bodensee,Zweitstimmen,AfD,764,16.030214015946285
08435030,Langenargen,Erststimmen,AfD,706,15.671476137624863
08435030,Langenargen,Zweitstimmen,AfD,722,16.0053203280869
08435034,"Markdorf, Stadt",Erststimmen,AfD,1294,17.6414451261077
08435034,"Markdorf, Stadt",Zweitstimmen,AfD,1292,17.573449401523394
08435036,"Meersburg, Stadt",Erststimmen,AfD,410,13.562686073436984
08435036,"Meersburg, Stadt",Zweitstimmen,AfD,407,13.445655764783615
08435045,Oberteuringen,Erststimmen,AfD,577,21.465773809523807
08435045,Oberteuringen,Zweitstimmen,AfD,580,21.513353115727003
08435047,Owingen,Erststimmen,AfD,456,18.529053230394148
08435047,Owingen,Zweitstimmen,AfD,461,18.618739903069468
08435052,Salem,Erststimmen,AfD,994,14.820336961383628
08435052,Salem,Zweitstimmen,AfD,1049,15.614766299493896
08435053,Sipplingen,Erststimmen,AfD,176,14.53344343517754
08435053,Sipplingen,Zweitstimmen,AfD,184,15.194054500412882
08435054,Stetten,Erststimmen,AfD,68,11.785095320623917
08435054,Stetten,Zweitstimmen,AfD,70,12.089810017271157
08435059,"Überlingen, Stadt",Erststimmen,AfD,1583,13.036317219797414
08435059,"Überlingen, Stadt",Zweitstimmen,AfD,1629,13.374384236453201
08435066,Uhldingen-Mühlhofen,Erststimmen,AfD,661,15.527366690157388
08435066,Uhldingen-Mühlhofen,Zweitstimmen,AfD,709,16.600327792086162
08435067,Deggenhausertal,Erststimmen,AfD,445,17.3828125
08435067,Deggenhausertal,Zweitstimmen,AfD,456,17.79165040967616
08437005,Beuron,Erststimmen,AfD,66,16.83673469387755
08437005,Beuron,Zweitstimmen,AfD,66,16.751269035532996
08437008,Bingen,Erststimmen,AfD,405,25.763358778625957
08437008,Bingen,Zweitstimmen,AfD,392,24.747474747474747
08437031,"Gammertingen, Stadt",Erststimmen,AfD,904,28.662016487000635
08437031,"Gammertingen, Stadt",Zweitstimmen,AfD,854,27.0595690747782
08437044,Herbertingen,Erststimmen,AfD,760,28.72260015117158
08437044,Herbertingen,Zweitstimmen,AfD,721,27.023988005997
08437047,"Hettingen, Stadt",Erststimmen,AfD,234,19.68040370058873
08437047,"Hettingen, Stadt",Zweitstimmen,AfD,229,19.30860033726813
08437053,Hohentengen,Erststimmen,AfD,694,28.33809718252348
08437053,Hohentengen,Zweitstimmen,AfD,665,26.988636363636363
08437056,Illmensee,Erststimmen,AfD,235,19.074675324675326
08437056,Illmensee,Zweitstimmen,AfD,229,18.512530315278898
08437059,Inzigkofen,Erststimmen,AfD,392,22.632794457274827
08437059,Inzigkofen,Zweitstimmen,AfD,386,22.209436133486765
08437065,Krauchenwies,Erststimmen,AfD,637,23.653917564054957
08437065,Krauchenwies,Zweitstimmen,AfD,624,23.11111111111111
08437072,Leibertingen,Erststimmen,AfD,350,24.424284717376135
08437072,Leibertingen,Zweitstimmen,AfD,356,24.80836236933798
08437076,"Mengen, Stadt",Erststimmen,AfD,1329,27.17235739112656
08437076,"Mengen, Stadt",Zweitstimmen,AfD,1259,25.589430894308947
08437078,"Meßkirch, Stadt",Erststimmen,AfD,1133,27.386995407299974
08437078,"Meßkirch, Stadt",Zweitstimmen,AfD,1171,28.33978702807357
08437082,Neufra,Erststimmen,AfD,315,30.612244897959183
08437082,Neufra,Zweitstimmen,AfD,306,29.53667953667954
08437086,Ostrach,Erststimmen,AfD,1059,27.392653905845837
08437086,Ostrach,Zweitstimmen,AfD,1047,27.033307513555382
08437088,"Pfullendorf, Stadt",Erststimmen,AfD,1480,26.051751452209114
08437088,"Pfullendorf, Stadt",Zweitstimmen,AfD,1448,25.42134831460674
08437100,"Bad Saulgau, Stadt",Erststimmen,AfD,2018,22.939638513129477
08437100,"Bad Saulgau, Stadt",Zweitstimmen,AfD,1972,22.396365701306074
08437101,"Scheer, Stadt",Erststimmen,AfD,336,26.229508196721312
08437101,"Scheer, Stadt",Zweitstimmen,AfD,335,26.192337763878033
08437102,Schwenningen,Erststimmen,AfD,292,29.08366533864542
08437102,Schwenningen,Zweitstimmen,AfD,302,29.99006951340616
08437104,"Sigmaringen, Stadt",Erststimmen,AfD,1757,22.955317481055655
08437104,"Sigmaringen, Stadt",Zweitstimmen,AfD,1696,22.0747103995835
08437105,Sigmaringendorf,Erststimmen,AfD,417,21.395587480759364
08437105,Sigmaringendorf,Zweitstimmen,AfD,391,19.93880673125956
08437107,Stetten am kalten Markt,Erststimmen,AfD,775,28.461255967682703
08437107,Stetten am kalten Markt,Zweitstimmen,AfD,737,26.946983546617915
08437114,"Veringenstadt, Stadt",Erststimmen,AfD,315,26.785714285714285
08437114,"Veringenstadt, Stadt",Zweitstimmen,AfD,304,26.00513259195894
08437118,Wald,Erststimmen,AfD,378,23.803526448362717
08437118,Wald,Zweitstimmen,AfD,381,23.97734424166142
08437123,Sauldorf,Erststimmen,AfD,392,24.623115577889447
08437123,Sauldorf,Zweitstimmen,AfD,391,24.49874686716792
08437124,Herdwangen-Schönach,Erststimmen,AfD,396,20.614263404476834
08437124,Herdwangen-Schönach,Zweitstimmen,AfD,393,20.45809474232171
08121000,"Heilbronn, Universitätsstadt",Erststimmen,BSW,1035,2.291394540503443
08121000,"Heilbronn, Universitätsstadt",Zweitstimmen,BSW,988,2.1833771629356256
08125030,Flein,Erststimmen,BSW,62,1.5121951219512195
08125030,Flein,Zweitstimmen,BSW,54,1.3132295719844358
08125058,"Leingarten, Stadt",Erststimmen,BSW,100,1.7238407171177381
08125058,"Leingarten, Stadt",Zweitstimmen,BSW,99,1.7060141306220922
08125074,Nordheim,Erststimmen,BSW,80,1.76444640494045
08125074,Nordheim,Zweitstimmen,BSW,76,1.6725352112676055
08125094,Talheim,Erststimmen,BSW,53,1.8537950332284014
08125094,Talheim,Zweitstimmen,BSW,27,0.9417509591907918
08126011,Bretzfeld,Erststimmen,BSW,109,1.6005873715124816
08126011,Bretzfeld,Zweitstimmen,BSW,125,1.8325758686409617
08126020,Dörzbach,Erststimmen,BSW,17,1.2056737588652482
08126020,Dörzbach,Zweitstimmen,BSW,29,2.0538243626062327
08126028,"Forchtenberg, Stadt",Erststimmen,BSW,17,0.6110711718188354
08126028,"Forchtenberg, Stadt",Zweitstimmen,BSW,27,0.9694793536804309
08126039,"Ingelfingen, Stadt",Erststimmen,BSW,26,0.8678237650200267
08126039,"Ingelfingen, Stadt",Zweitstimmen,BSW,37,1.2337445815271757
08126045,"Krautheim, Stadt",Erststimmen,BSW,26,1.0682004930156122
08126045,"Krautheim, Stadt",Zweitstimmen,BSW,38,1.5605749486652978
08126046,"Künzelsau, Stadt",Erststimmen,BSW,104,1.466854724964739
08126046,"Künzelsau, Stadt",Zweitstimmen,BSW,142,2.002820874471086
08126047,Kupferzell,Erststimmen,BSW,45,1.3533834586466165
08126047,Kupferzell,Zweitstimmen,BSW,54,1.6201620162016201
08126056,Mulfingen,Erststimmen,BSW,14,0.6068487212830517
08126056,Mulfingen,Zweitstimmen,BSW,19,0.824295010845987
08126058,"Neuenstein, Stadt",Erststimmen,BSW,48,1.3909011880614315
08126058,"Neuenstein, Stadt",Zweitstimmen,BSW,48,1.3896931094383325
08126060,"Niedernhall, Stadt",Erststimmen,BSW,35,1.771255060728745
08126060,"Niedernhall, Stadt",Zweitstimmen,BSW,42,2.1212121212121215
08126066,"Öhringen, Stadt",Erststimmen,BSW,163,1.418748368004178
08126066,"Öhringen, Stadt",Zweitstimmen,BSW,232,2.0172158942700635
08126069,Pfedelbach,Erststimmen,BSW,50,1.0024057738572574
08126069,Pfedelbach,Zweitstimmen,BSW,81,1.6216216216216217
08126072,Schöntal,Erststimmen,BSW,35,1.0080645161290323
08126072,Schöntal,Zweitstimmen,BSW,36,1.03359173126615
08126085,"Waldenburg, Stadt",Erststimmen,BSW,16,0.9919404835709857
08126085,"Waldenburg, Stadt",Zweitstimmen,BSW,17,1.054590570719603
08126086,Weißbach,Erststimmen,BSW,4,0.47562425683709864
08126086,Weißbach,Zweitstimmen,BSW,5,0.5959475566150179
08126094,Zweiflingen,Erststimmen,BSW,6,0.5671077504725899
08126094,Zweiflingen,Zweitstimmen,BSW,11,1.0396975425330812
08127008,Blaufelden,Erststimmen,BSW,37,1.345943979628956
08127008,Blaufelden,Zweitstimmen,BSW,34,1.2363636363636363
08127009,Braunsbach,Erststimmen,BSW,16,1.06312292358804
08127009,Braunsbach,Zweitstimmen,BSW,19,1.255783212161269
08127012,Bühlertann,Erststimmen,BSW,40,2.399520095980804
08127012,Bühlertann,Zweitstimmen,BSW,33,1.9831730769230769
08127013,Bühlerzell,Erststimmen,BSW,19,1.4559386973180077
08127013,Bühlerzell,Zweitstimmen,BSW,20,1.5278838808250574
08127014,"Crailsheim, Stadt",Erststimmen,BSW,346,2.685709850190173
08127014,"Crailsheim, Stadt",Zweitstimmen,BSW,238,1.842961127458572
08127023,Fichtenberg,Erststimmen,BSW,39,2.4074074074074074
08127023,Fichtenberg,Zweitstimmen,BSW,40,2.466091245376079
08127025,"Gaildorf, Stadt",Erststimmen,BSW,88,1.702127659574468
08127025,"Gaildorf, Stadt",Zweitstimmen,BSW,73,1.4087225009648783
08127032,"Gerabronn, Stadt",Erststimmen,BSW,41,1.988360814742968
08127032,"Gerabronn, Stadt",Zweitstimmen,BSW,35,1.6990291262135921
08127043,"Ilshofen, Stadt",Erststimmen,BSW,61,1.8133174791914386
08127043,"Ilshofen, Stadt",Zweitstimmen,BSW,56,1.661228122218926
08127046,"Kirchberg an der Jagst, Stadt",Erststimmen,BSW,48,2.233597021870638
08127046,"Kirchberg an der Jagst, Stadt",Zweitstimmen,BSW,38,1.761706073249884
08127047,"Langenburg, Stadt",Erststimmen,BSW,16,1.5810276679841897
08127047,"Langenburg, Stadt",Zweitstimmen,BSW,14,1.3875123885034688
08127052,Mainhardt,Erststimmen,BSW,75,2.3248605083694978
08127052,Mainhardt,Zweitstimmen,BSW,62,1.9212891230244808
08127056,Michelbach an der Bilz,Erststimmen,BSW,38,1.8943170488534395
08127056,Michelbach an der Bilz,Zweitstimmen,BSW,25,1.242544731610338
08127059,Michelfeld,Erststimmen,BSW,37,1.7177344475394614
08127059,Michelfeld,Zweitstimmen,BSW,25,1.1595547309833023
08127062,Oberrot,Erststimmen,BSW,30,1.680672268907563
08127062,Oberrot,Zweitstimmen,BSW,26,1.4508928571428572
08127063,Obersontheim,Erststimmen,BSW,49,1.787668734038672
08127063,Obersontheim,Zweitstimmen,BSW,48,1.7486338797814207
08127071,Rot am See,Erststimmen,BSW,50,1.688048615800135
08127071,Rot am See,Zweitstimmen,BSW,47,1.5867656988521268
08127073,Satteldorf,Erststimmen,BSW,52,1.8232819074333801
08127073,Satteldorf,Zweitstimmen,BSW,39,1.3617318435754189
08127075,"Schrozberg, Stadt",Erststimmen,BSW,23,0.8019525801952581
08127075,"Schrozberg, Stadt",Zweitstimmen,BSW,28,0.9759498082955734
08127076,"Schwäbisch Hall, Stadt",Erststimmen,BSW,421,2.08436478859293
08127076,"Schwäbisch Hall, Stadt",Zweitstimmen,BSW,403,1.991500296501285
08127079,Sulzbach-Laufen,Erststimmen,BSW,15,1.0737294201861132
08127079,Sulzbach-Laufen,Zweitstimmen,BSW,14,1.002865329512894
08127086,Untermünkheim,Erststimmen,BSW,15,0.8259911894273128
08127086,Untermünkheim,Zweitstimmen,BSW,22,1.2074643249176729
08127089,"Vellberg, Stadt",Erststimmen,BSW,43,1.6757599376461418
08127089,"Vellberg, Stadt",Zweitstimmen,BSW,42,1.6367887763055338
08127091,Wallhausen,Erststimmen,BSW,37,1.9786096256684493
08127091,Wallhausen,Zweitstimmen,BSW,28,1.4933333333333334
08127099,Wolpertshausen,Erststimmen,BSW,22,1.8062397372742198
08127099,Wolpertshausen,Zweitstimmen,BSW,22,1.8018018018018018
08127100,Rosengarten,Erststimmen,BSW,47,1.6240497581202489
08127100,Rosengarten,Zweitstimmen,BSW,48,1.6517549896765313
08127101,Kreßberg,Erststimmen,BSW,39,1.8606870229007633
08127101,Kreßberg,Zweitstimmen,BSW,36,1.7159199237368923
08127102,Fichtenau,Erststimmen,BSW,36,1.5971606033717833
08127102,Fichtenau,Zweitstimmen,BSW,29,1.2877442273534636
08127103,Frankenhardt,Erststimmen,BSW,49,1.7462580185317176
08127103,Frankenhardt,Zweitstimmen,BSW,47,1.671408250355619
08127104,Stimpfach,Erststimmen,BSW,15,0.8965929468021518
08127104,Stimpfach,Zweitstimmen,BSW,17,1.0173548773189707
08128006,Assamstadt,Erststimmen,BSW,0,0.0
08128006,Assamstadt,Zweitstimmen,BSW,9,0.6617647058823529
08128007,"Bad Mergentheim, Stadt",Erststimmen,BSW,0,0.0
08128007,"Bad Mergentheim, Stadt",Zweitstimmen,BSW,137,1.2172367836517104
08128014,"Boxberg, Stadt",Erststimmen,BSW,0,0.0
08128014,"Boxberg, Stadt",Zweitstimmen,BSW,59,1.542887029288703
08128020,"Creglingen, Stadt",Erststimmen,BSW,0,0.0
08128020,"Creglingen, Stadt",Zweitstimmen,BSW,27,1.007462686567164
08128039,"Freudenberg, Stadt",Erststimmen,BSW,0,0.0
08128039,"Freudenberg, Stadt",Zweitstimmen,BSW,20,1.0582010582010581
08128045,Großrinderfeld,Erststimmen,BSW,0,0.0
08128045,Großrinderfeld,Zweitstimmen,BSW,23,0.9708737864077669
08128047,"Grünsfeld, Stadt",Erststimmen,BSW,0,0.0
08128047,"Grünsfeld, Stadt",Zweitstimmen,BSW,9,0.41685965724872626
08128058,Igersheim,Erststimmen,BSW,0,0.0
08128058,Igersheim,Zweitstimmen,BSW,35,1.1389521640091116
08128061,Königheim,Erststimmen,BSW,0,0.0
08128061,Königheim,Zweitstimmen,BSW,16,0.8434370057986295
08128064,"Külsheim, Stadt",Erststimmen,BSW,0,0.0
08128064,"Külsheim, Stadt",Zweitstimmen,BSW,29,0.948332243296272
08128082,"Niederstetten, Stadt",Erststimmen,BSW,0,0.0
08128082,"Niederstetten, Stadt",Zweitstimmen,BSW,34,1.126947298641034
08128115,"Tauberbischofsheim, Stadt",Erststimmen,BSW,0,0.0
08128115,"Tauberbischofsheim, Stadt",Zweitstimmen,BSW,68,1.0047281323877069
08128126,"Weikersheim, Stadt",Erststimmen,BSW,0,0.0
08128126,"Weikersheim, Stadt",Zweitstimmen,BSW,55,1.2295998211491168
08128128,Werbach,Erststimmen,BSW,0,0.0
08128128,Werbach,Zweitstimmen,BSW,25,1.2899896800825592
08128131,"Wertheim, Stadt",Erststimmen,BSW,0,0.0
08128131,"Wertheim, Stadt",Zweitstimmen,BSW,189,1.7726505346088914
08128137,Wittighausen,Erststimmen,BSW,0,0.0
08128137,Wittighausen,Zweitstimmen,BSW,8,0.7928642220019821
08128138,Ahorn,Erststimmen,BSW,0,0.0
08128138,Ahorn,Zweitstimmen,BSW,20,1.4064697609001406
08128139,"Lauda-Königshofen, Stadt",Erststimmen,BSW,0,0.0
08128139,"Lauda-Königshofen, Stadt",Zweitstimmen,BSW,82,1.1096075778078485
08135010,Dischingen,Erststimmen,BSW,23,0.9274193548387096
08135010,Dischingen,Zweitstimmen,BSW,22,0.8874546187979023
08135015,Gerstetten,Erststimmen,BSW,77,1.2233873530346362
08135015,Gerstetten,Zweitstimmen,BSW,94,1.4887551472917326
08135016,"Giengen an der Brenz, Stadt",Erststimmen,BSW,114,1.4772580018141765
08135016,"Giengen an der Brenz, Stadt",Zweitstimmen,BSW,155,2.0046559751681325
08135019,"Heidenheim an der Brenz, Stadt",Erststimmen,BSW,293,1.5678510273972601
08135019,"Heidenheim an der Brenz, Stadt",Zweitstimmen,BSW,393,2.0986863184876645
08135020,"Herbrechtingen, Stadt",Erststimmen,BSW,115,1.7749652724185832
08135020,"Herbrechtingen, Stadt",Zweitstimmen,BSW,144,2.2164075727258736
08135021,Hermaringen,Erststimmen,BSW,15,1.166407465007776
08135021,Hermaringen,Zweitstimmen,BSW,17,1.3147718484145399
08135025,Königsbronn,Erststimmen,BSW,62,1.6320084232692815
08135025,Königsbronn,Zweitstimmen,BSW,77,2.023121387283237
08135026,Nattheim,Erststimmen,BSW,42,1.135135135135135
08135026,Nattheim,Zweitstimmen,BSW,59,1.5868746637977407
08135027,"Niederstotzingen, Stadt",Erststimmen,BSW,32,1.2628255722178374
08135027,"Niederstotzingen, Stadt",Zweitstimmen,BSW,36,1.4156508061344868
08135031,Sontheim an der Brenz,Erststimmen,BSW,41,1.311160857051487
08135031,Sontheim an der Brenz,Zweitstimmen,BSW,58,1.8477222045237336
08135032,Steinheim am Albuch,Erststimmen,BSW,57,1.234300563014292
08135032,Steinheim am Albuch,Zweitstimmen,BSW,67,1.4464594127806563
08216002,Au am Rhein,Erststimmen,BSW,0,0.0
08216002,Au am Rhein,Zweitstimmen,BSW,27,1.3903192584963955
08216005,Bietigheim,Erststimmen,BSW,0,0.0
08216005,Bietigheim,Zweitstimmen,BSW,47,1.377087606211544
08216006,Bischweier,Erststimmen,BSW,0,0.0
08216006,Bischweier,Zweitstimmen,BSW,24,1.3848817080207732
08216009,Durmersheim,Erststimmen,BSW,0,0.0
08216009,Durmersheim,Zweitstimmen,BSW,83,1.4072566971854865
08216012,Elchesheim-Illingen,Erststimmen,BSW,0,0.0
08216012,Elchesheim-Illingen,Zweitstimmen,BSW,22,1.2331838565022422
08216013,Forbach,Erststimmen,BSW,0,0.0
08216013,Forbach,Zweitstimmen,BSW,18,0.7496876301541024
08216015,"Gaggenau, Stadt",Erststimmen,BSW,0,0.0
08216015,"Gaggenau, Stadt",Zweitstimmen,BSW,153,1.094890510948905
08216017,"Gernsbach, Stadt",Erststimmen,BSW,0,0.0
08216017,"Gernsbach, Stadt",Zweitstimmen,BSW,76,1.0868010868010867
08216023,Iffezheim,Erststimmen,BSW,0,0.0
08216023,Iffezheim,Zweitstimmen,BSW,30,1.1303692539562924
08216024,"Kuppenheim, Stadt",Erststimmen,BSW,0,0.0
08216024,"Kuppenheim, Stadt",Zweitstimmen,BSW,47,1.0986442262739597
08216029,Loffenau,Erststimmen,BSW,0,0.0
08216029,Loffenau,Zweitstimmen,BSW,11,0.8264462809917356
08216033,Muggensturm,Erststimmen,BSW,0,0.0
08216033,Muggensturm,Zweitstimmen,BSW,28,0.863664404688464
08216039,Ötigheim,Erststimmen,BSW,0,0.0
08216039,Ötigheim,Zweitstimmen,BSW,23,0.8246683399067766
08216043,"Rastatt, Stadt",Erststimmen,BSW,0,0.0
08216043,"Rastatt, Stadt",Zweitstimmen,BSW,248,1.3586807648057853
08216052,Steinmauern,Erststimmen,BSW,0,0.0
08216052,Steinmauern,Zweitstimmen,BSW,25,1.513317191283293
08216059,Weisenbach,Erststimmen,BSW,0,0.0
08216059,Weisenbach,Zweitstimmen,BSW,9,0.7081038552321007
08231000,"Pforzheim, Stadt",Erststimmen,BSW,0,0.0
08231000,"Pforzheim, Stadt",Zweitstimmen,BSW,726,1.789279112754159
08235006,"Altensteig, Stadt",Erststimmen,BSW,0,0.0
08235006,"Altensteig, Stadt",Zweitstimmen,BSW,51,1.0450819672131149
08235007,Althengstett,Erststimmen,BSW,0,0.0
08235007,Althengstett,Zweitstimmen,BSW,46,1.0037093606807768
08235008,"Bad Liebenzell, Stadt",Erststimmen,BSW,0,0.0
08235008,"Bad Liebenzell, Stadt",Zweitstimmen,BSW,64,1.3225873114279811
08235018,Dobel,Erststimmen,BSW,0,0.0
08235018,Dobel,Zweitstimmen,BSW,20,1.669449081803005
08235020,Ebhausen,Erststimmen,BSW,0,0.0
08235020,Ebhausen,Zweitstimmen,BSW,15,0.6216328222130129
08235022,Egenhausen,Erststimmen,BSW,0,0.0
08235022,Egenhausen,Zweitstimmen,BSW,7,0.5947323704333051
08235025,Enzklösterle,Erststimmen,BSW,0,0.0
08235025,Enzklösterle,Zweitstimmen,BSW,4,0.5594405594405595
08235029,Gechingen,Erststimmen,BSW,0,0.0
08235029,Gechingen,Zweitstimmen,BSW,32,1.509433962264151
08235032,"Haiterbach, Stadt",Erststimmen,BSW,0,0.0
08235032,"Haiterbach, Stadt",Zweitstimmen,BSW,44,1.593625498007968
08235033,"Bad Herrenalb, Stadt",Erststimmen,BSW,0,0.0
08235033,"Bad Herrenalb, Stadt",Zweitstimmen,BSW,49,1.3049267643142477
08235035,Höfen an der Enz,Erststimmen,BSW,0,0.0
08235035,Höfen an der Enz,Zweitstimmen,BSW,16,2.0075282308657463
08235046,"Nagold, Stadt",Erststimmen,BSW,0,0.0
08235046,"Nagold, Stadt",Zweitstimmen,BSW,126,1.187223216809573
08235047,"Neubulach, Stadt",Erststimmen,BSW,0,0.0
08235047,"Neubulach, Stadt",Zweitstimmen,BSW,32,0.9679370840895343
08235050,Neuweiler,Erststimmen,BSW,0,0.0
08235050,Neuweiler,Zweitstimmen,BSW,26,1.365546218487395
08235055,Oberreichenbach,Erststimmen,BSW,0,0.0
08235055,Oberreichenbach,Zweitstimmen,BSW,20,1.070663811563169
08235057,Ostelsheim,Erststimmen,BSW,0,0.0
08235057,Ostelsheim,Zweitstimmen,BSW,14,0.9749303621169917
08235060,Rohrdorf,Erststimmen,BSW,0,0.0
08235060,Rohrdorf,Zweitstimmen,BSW,17,1.9296254256526675
08235065,Schömberg,Erststimmen,BSW,0,0.0
08235065,Schömberg,Zweitstimmen,BSW,62,1.6797615822270389
08235066,Simmersfeld,Erststimmen,BSW,0,0.0
08235066,Simmersfeld,Zweitstimmen,BSW,14,1.0997643362136684
08235067,Simmozheim,Erststimmen,BSW,0,0.0
08235067,Simmozheim,Zweitstimmen,BSW,23,1.4259144451332921
08235073,Unterreichenbach,Erststimmen,BSW,0,0.0
08235073,Unterreichenbach,Zweitstimmen,BSW,17,1.4925373134328357
08235079,"Bad Wildbad, Stadt",Erststimmen,BSW,0,0.0
08235079,"Bad Wildbad, Stadt",Zweitstimmen,BSW,61,1.4189346359618515
08235080,"Wildberg, Stadt",Erststimmen,BSW,0,0.0
08235080,"Wildberg, Stadt",Zweitstimmen,BSW,55,0.9853099247581512
08235084,"Bad Teinach-Zavelstein, Stadt",Erststimmen,BSW,0,0.0
08235084,"Bad Teinach-Zavelstein, Stadt",Zweitstimmen,BSW,15,0.8488964346349746
08235085,"Calw, Stadt",Erststimmen,BSW,0,0.0
08235085,"Calw, Stadt",Zweitstimmen,BSW,180,1.6963528413910092
08236004,Birkenfeld,Erststimmen,BSW,0,0.0
08236004,Birkenfeld,Zweitstimmen,BSW,83,1.6377269139700077
08236011,Eisingen,Erststimmen,BSW,0,0.0
08236011,Eisingen,Zweitstimmen,BSW,34,1.4425116673737801
08236013,Engelsbrand,Erststimmen,BSW,0,0.0
08236013,Engelsbrand,Zweitstimmen,BSW,24,0.9819967266775778
08236019,Friolzheim,Erststimmen,BSW,0,0.0
08236019,Friolzheim,Zweitstimmen,BSW,28,1.3307984790874523
08236025,"Heimsheim, Stadt",Erststimmen,BSW,0,0.0
08236025,"Heimsheim, Stadt",Zweitstimmen,BSW,18,0.6766917293233082
08236028,Illingen,Erststimmen,BSW,0,0.0
08236028,Illingen,Zweitstimmen,BSW,43,1.0755377688844423
08236030,Ispringen,Erststimmen,BSW,0,0.0
08236030,Ispringen,Zweitstimmen,BSW,35,1.2464387464387465
08236031,Kieselbronn,Erststimmen,BSW,0,0.0
08236031,Kieselbronn,Zweitstimmen,BSW,11,0.6840796019900498
08236033,"Knittlingen, Stadt",Erststimmen,BSW,0,0.0
08236033,"Knittlingen, Stadt",Zweitstimmen,BSW,75,1.8867924528301887
08236038,"Maulbronn, Stadt",Erststimmen,BSW,0,0.0
08236038,"Maulbronn, Stadt",Zweitstimmen,BSW,34,1.0388023220287197
08236039,Mönsheim,Erststimmen,BSW,0,0.0
08236039,Mönsheim,Zweitstimmen,BSW,11,0.6962025316455696
08236040,"Mühlacker, Stadt",Erststimmen,BSW,0,0.0
08236040,"Mühlacker, Stadt",Zweitstimmen,BSW,135,1.2540640966093821
08236043,"Neuenbürg, Stadt",Erststimmen,BSW,0,0.0
08236043,"Neuenbürg, Stadt",Zweitstimmen,BSW,47,1.2737127371273713
08236044,Neuhausen,Erststimmen,BSW,0,0.0
08236044,Neuhausen,Zweitstimmen,BSW,28,0.9180327868852459
08236046,Niefern-Öschelbronn,Erststimmen,BSW,0,0.0
08236046,Niefern-Öschelbronn,Zweitstimmen,BSW,66,1.1808910359634999
08236050,Ötisheim,Erststimmen,BSW,0,0.0
08236050,Ötisheim,Zweitstimmen,BSW,30,1.1797090051120724
08236061,Sternenfels,Erststimmen,BSW,0,0.0
08236061,Sternenfels,Zweitstimmen,BSW,32,2.056555269922879
08236062,Tiefenbronn,Erststimmen,BSW,0,0.0
08236062,Tiefenbronn,Zweitstimmen,BSW,29,0.9014609884986011
08236065,Wiernsheim,Erststimmen,BSW,0,0.0
08236065,Wiernsheim,Zweitstimmen,BSW,41,1.0671525247267049
08236067,Wimsheim,Erststimmen,BSW,0,0.0
08236067,Wimsheim,Zweitstimmen,BSW,11,0.6756756756756757
08236068,Wurmberg,Erststimmen,BSW,0,0.0
08236068,Wurmberg,Zweitstimmen,BSW,13,0.7975460122699387
08236070,Keltern,Erststimmen,BSW,0,0.0
08236070,Keltern,Zweitstimmen,BSW,69,1.3132851161020176
08236071,Remchingen,Erststimmen,BSW,0,0.0
08236071,Remchingen,Zweitstimmen,BSW,67,1.0337910816232063
08236072,Straubenhardt,Erststimmen,BSW,0,0.0
08236072,Straubenhardt,Zweitstimmen,BSW,83,1.3515714053085817
08236073,Neulingen,Erststimmen,BSW,0,0.0
08236073,Neulingen,Zweitstimmen,BSW,43,1.1634199134199135
08236074,Kämpfelbach,Erststimmen,BSW,0,0.0
08236074,Kämpfelbach,Zweitstimmen,BSW,51,1.4210086375034827
08236075,Ölbronn-Dürrn,Erststimmen,BSW,0,0.0
08236075,Ölbronn-Dürrn,Zweitstimmen,BSW,36,1.8367346938775513
08236076,Königsbach-Stein,Erststimmen,BSW,0,0.0
08236076,Königsbach-Stein,Zweitstimmen,BSW,64,1.1475703783396092
08237002,"Alpirsbach, Stadt",Erststimmen,BSW,66,2.133850630455868
08237002,"Alpirsbach, Stadt",Zweitstimmen,BSW,42,1.353528843055108
08237004,Baiersbronn,Erststimmen,BSW,100,1.3533631073216943
08237004,Baiersbronn,Zweitstimmen,BSW,95,1.2818782890298206
08237019,"Dornstetten, Stadt",Erststimmen,BSW,81,2.006440426058955
08237019,"Dornstetten, Stadt",Zweitstimmen,BSW,60,1.4811157738829919
08237024,Empfingen,Erststimmen,BSW,40,1.809954751131222
08237024,Empfingen,Zweitstimmen,BSW,34,1.5294646873594242
08237027,Eutingen im Gäu,Erststimmen,BSW,75,2.2308149910767403
08237027,Eutingen im Gäu,Zweitstimmen,BSW,53,1.5755053507728896
08237028,"Freudenstadt, Stadt",Erststimmen,BSW,219,2.033237396713397
08237028,"Freudenstadt, Stadt",Zweitstimmen,BSW,197,1.8245809021024357
08237030,Glatten,Erststimmen,BSW,30,2.1216407355021216
08237030,Glatten,Zweitstimmen,BSW,24,1.692524682651622
08237032,Grömbach,Erststimmen,BSW,3,1.1235955056179776
08237032,Grömbach,Zweitstimmen,BSW,3,1.1320754716981132
08237040,"Horb am Neckar, Stadt",Erststimmen,BSW,225,1.8047645784872062
08237040,"Horb am Neckar, Stadt",Zweitstimmen,BSW,204,1.6304347826086956
08237045,Loßburg,Erststimmen,BSW,90,2.011173184357542
08237045,Loßburg,Zweitstimmen,BSW,85,1.898168825368468
08237054,Pfalzgrafenweiler,Erststimmen,BSW,80,2.1911804984935634
08237054,Pfalzgrafenweiler,Zweitstimmen,BSW,70,1.912568306010929
08237061,Schopfloch,Erststimmen,BSW,22,1.4120667522464698
08237061,Schopfloch,Zweitstimmen,BSW,21,1.345291479820628
08237072,Wörnersberg,Erststimmen,BSW,0,0.0
08237072,Wörnersberg,Zweitstimmen,BSW,3,3.3333333333333335
08237073,Seewald,Erststimmen,BSW,14,1.1894647408666101
08237073,Seewald,Zweitstimmen,BSW,19,1.6074450084602367
08237074,Waldachtal,Erststimmen,BSW,56,1.7494532958450486
08237074,Waldachtal,Zweitstimmen,BSW,49,1.5226848974518334
08237075,Bad Rippoldsau-Schapbach,Erststimmen,BSW,25,2.0145044319097503
08237075,Bad Rippoldsau-Schapbach,Zweitstimmen,BSW,19,1.521216973578863
08316002,Bahlingen am Kaiserstuhl,Erststimmen,BSW,0,0.0
08316002,Bahlingen am Kaiserstuhl,Zweitstimmen,BSW,27,1.041264944080216
08316003,Biederbach,Erststimmen,BSW,0,0.0
08316003,Biederbach,Zweitstimmen,BSW,12,1.1673151750972763
08316009,Denzlingen,Erststimmen,BSW,0,0.0
08316009,Denzlingen,Zweitstimmen,BSW,92,1.2498301861160168
08316010,"Elzach, Stadt",Erststimmen,BSW,0,0.0
08316010,"Elzach, Stadt",Zweitstimmen,BSW,29,0.6753609687936656
08316011,"Emmendingen, Stadt",Erststimmen,BSW,0,0.0
08316011,"Emmendingen, Stadt",Zweitstimmen,BSW,202,1.434659090909091
08316012,"Endingen am Kaiserstuhl, Stadt",Erststimmen,BSW,0,0.0
08316012,"Endingen am Kaiserstuhl, Stadt",Zweitstimmen,BSW,62,1.0763888888888888
08316013,Forchheim,Erststimmen,BSW,0,0.0
08316013,Forchheim,Zweitstimmen,BSW,6,0.7255139056831923
08316014,Gutach im Breisgau,Erststimmen,BSW,0,0.0
08316014,Gutach im Breisgau,Zweitstimmen,BSW,33,1.252371916508539
08316017,"Herbolzheim, Stadt",Erststimmen,BSW,0,0.0
08316017,"Herbolzheim, Stadt",Zweitstimmen,BSW,70,1.3270142180094786
08316020,"Kenzingen, Stadt",Erststimmen,BSW,0,0.0
08316020,"Kenzingen, Stadt",Zweitstimmen,BSW,58,1.0399856553702707
08316024,Malterdingen,Erststimmen,BSW,0,0.0
08316024,Malterdingen,Zweitstimmen,BSW,27,1.418812401471361
08316036,Reute,Erststimmen,BSW,0,0.0
08316036,Reute,Zweitstimmen,BSW,21,1.206896551724138
08316037,Riegel am Kaiserstuhl,Erststimmen,BSW,0,0.0
08316037,Riegel am Kaiserstuhl,Zweitstimmen,BSW,28,1.3861386138613863
08316038,Sasbach am Kaiserstuhl,Erststimmen,BSW,0,0.0
08316038,Sasbach am Kaiserstuhl,Zweitstimmen,BSW,24,1.1684518013631937
08316039,Sexau,Erststimmen,BSW,0,0.0
08316039,Sexau,Zweitstimmen,BSW,15,0.7109004739336493
08316042,Simonswald,Erststimmen,BSW,0,0.0
08316042,Simonswald,Zweitstimmen,BSW,6,0.33860045146726864
08316043,Teningen,Erststimmen,BSW,0,0.0
08316043,Teningen,Zweitstimmen,BSW,72,1.1207970112079702
08316045,Vörstetten,Erststimmen,BSW,0,0.0
08316045,Vörstetten,Zweitstimmen,BSW,20,1.0559662090813093
08316049,Weisweil,Erststimmen,BSW,0,0.0
08316049,Weisweil,Zweitstimmen,BSW,26,2.08
08316051,Wyhl am Kaiserstuhl,Erststimmen,BSW,0,0.0
08316051,Wyhl am Kaiserstuhl,Zweitstimmen,BSW,20,0.966183574879227
08316053,Rheinhausen im Breisgau,Erststimmen,BSW,0,0.0
08316053,Rheinhausen im Breisgau,Zweitstimmen,BSW,32,1.4084507042253522
08316054,Freiamt,Erststimmen,BSW,0,0.0
08316054,Freiamt,Zweitstimmen,BSW,28,1.1150935882118678
08316055,Winden im Elztal,Erststimmen,BSW,0,0.0
08316055,Winden im Elztal,Zweitstimmen,BSW,10,0.6119951040391677
08316056,"Waldkirch, Stadt",Erststimmen,BSW,0,0.0
08316056,"Waldkirch, Stadt",Zweitstimmen,BSW,132,1.1695906432748537
08325001,Aichhalden,Erststimmen,BSW,52,2.0400156924284034
08325001,Aichhalden,Zweitstimmen,BSW,44,1.726167124362495
08325009,Bösingen,Erststimmen,BSW,40,1.937984496124031
08325009,Bösingen,Zweitstimmen,BSW,29,1.4029995162070632
08325011,Dietingen,Erststimmen,BSW,41,1.7205203524968526
08325011,Dietingen,Zweitstimmen,BSW,32,1.343408900083963
08325012,"Dornhan, Stadt",Erststimmen,BSW,59,1.6457461645746165
08325012,"Dornhan, Stadt",Zweitstimmen,BSW,51,1.4218009478672986
08325014,Dunningen,Erststimmen,BSW,56,1.5069967707212055
08325014,Dunningen,Zweitstimmen,BSW,45,1.2103281334050566
08325015,Epfendorf,Erststimmen,BSW,37,2.047592695074709
08325015,Epfendorf,Zweitstimmen,BSW,30,1.6602102933038185
08325024,Hardt,Erststimmen,BSW,28,1.6776512881965249
08325024,Hardt,Zweitstimmen,BSW,18,1.0804321728691477
08325036,Lauterbach,Erststimmen,BSW,29,1.9515477792732168
08325036,Lauterbach,Zweitstimmen,BSW,28,1.8791946308724832
08325045,"Oberndorf am Neckar, Stadt",Erststimmen,BSW,108,1.6859194505151422
08325045,"Oberndorf am Neckar, Stadt",Zweitstimmen,BSW,101,1.5766468935373086
08325049,"Rottweil, Stadt",Erststimmen,BSW,207,1.7202692595362752
08325049,"Rottweil, Stadt",Zweitstimmen,BSW,203,1.68506682161534
08325050,Schenkenzell,Erststimmen,BSW,10,0.9680542110358179
08325050,Schenkenzell,Zweitstimmen,BSW,11,1.0597302504816954
08325051,"Schiltach, Stadt",Erststimmen,BSW,42,2.0812685827552033
08325051,"Schiltach, Stadt",Zweitstimmen,BSW,42,2.075098814229249
08325053,"Schramberg, Stadt",Erststimmen,BSW,189,2.013422818791946
08325053,"Schramberg, Stadt",Zweitstimmen,BSW,179,1.9020295399001168
08325057,"Sulz am Neckar, Stadt",Erststimmen,BSW,109,1.766899011184957
08325057,"Sulz am Neckar, Stadt",Zweitstimmen,BSW,85,1.375182009383595
08325060,Villingendorf,Erststimmen,BSW,57,3.0
08325060,Villingendorf,Zweitstimmen,BSW,43,2.2595901208617972
08325061,Vöhringen,Erststimmen,BSW,44,1.875532821824382
08325061,Vöhringen,Zweitstimmen,BSW,40,1.6985138004246285
08325064,Wellendingen,Erststimmen,BSW,34,2.0531400966183577
08325064,Wellendingen,Zweitstimmen,BSW,37,2.2289156626506026
08325069,Zimmern ob Rottweil,Erststimmen,BSW,75,2.2414823670053794
08325069,Zimmern ob Rottweil,Zweitstimmen,BSW,59,1.763826606875934
08325070,Fluorn-Winzeln,Erststimmen,BSW,48,2.6860660324566314
08325070,Fluorn-Winzeln,Zweitstimmen,BSW,38,2.1205357142857144
08325071,Eschbronn,Erststimmen,BSW,19,1.4855355746677092
08325071,Eschbronn,Zweitstimmen,BSW,21,1.644479248238058
08325072,Deißlingen,Erststimmen,BSW,54,1.6780609073958979
08325072,Deißlingen,Zweitstimmen,BSW,48,1.486528336946423
08326003,"Bad Dürrheim, Stadt",Erststimmen,BSW,0,0.0
08326003,"Bad Dürrheim, Stadt",Zweitstimmen,BSW,100,1.4688601645123385
08326005,"Blumberg, Stadt",Erststimmen,BSW,0,0.0
08326005,"Blumberg, Stadt",Zweitstimmen,BSW,69,1.5706806282722512
08326006,"Bräunlingen, Stadt",Erststimmen,BSW,0,0.0
08326006,"Bräunlingen, Stadt",Zweitstimmen,BSW,40,1.2686330478908976
08326010,Dauchingen,Erststimmen,BSW,0,0.0
08326010,Dauchingen,Zweitstimmen,BSW,30,1.4299332697807436
08326012,"Donaueschingen, Stadt",Erststimmen,BSW,0,0.0
08326012,"Donaueschingen, Stadt",Zweitstimmen,BSW,171,1.6228528044035306
08326017,"Furtwangen im Schwarzwald, Stadt",Erststimmen,BSW,0,0.0
08326017,"Furtwangen im Schwarzwald, Stadt",Zweitstimmen,BSW,54,1.3527054108216432
08326020,Gütenbach,Erststimmen,BSW,0,0.0
08326020,Gütenbach,Zweitstimmen,BSW,3,0.5338078291814947
08326027,"Hüfingen, Stadt",Erststimmen,BSW,0,0.0
08326027,"Hüfingen, Stadt",Zweitstimmen,BSW,78,1.9741837509491267
08326031,Königsfeld im Schwarzwald,Erststimmen,BSW,0,0.0
08326031,Königsfeld im Schwarzwald,Zweitstimmen,BSW,46,1.3031161473087818
08326037,Mönchweiler,Erststimmen,BSW,0,0.0
08326037,Mönchweiler,Zweitstimmen,BSW,27,1.6284680337756332
08326041,Niedereschach,Erststimmen,BSW,0,0.0
08326041,Niedereschach,Zweitstimmen,BSW,47,1.4118353860018025
08326052,"St. Georgen im Schwarzwald, Stadt",Erststimmen,BSW,0,0.0
08326052,"St. Georgen im Schwarzwald, Stadt",Zweitstimmen,BSW,55,0.8915545469281894
08326054,Schönwald im Schwarzwald,Erststimmen,BSW,0,0.0
08326054,Schönwald im Schwarzwald,Zweitstimmen,BSW,12,0.9042954031650339
08326055,Schonach im Schwarzwald,Erststimmen,BSW,0,0.0
08326055,Schonach im Schwarzwald,Zweitstimmen,BSW,13,0.6169909824394874
08326060,"Triberg im Schwarzwald, Stadt",Erststimmen,BSW,0,0.0
08326060,"Triberg im Schwarzwald, Stadt",Zweitstimmen,BSW,23,1.2849162011173185
08326061,Tuningen,Erststimmen,BSW,0,0.0
08326061,Tuningen,Zweitstimmen,BSW,19,1.1404561824729893
08326065,Unterkirnach,Erststimmen,BSW,0,0.0
08326065,Unterkirnach,Zweitstimmen,BSW,16,1.2749003984063745
08326068,"Vöhrenbach, Stadt",Erststimmen,BSW,0,0.0
08326068,"Vöhrenbach, Stadt",Zweitstimmen,BSW,16,0.9489916963226572
08326074,"Villingen-Schwenningen, Stadt",Erststimmen,BSW,0,0.0
08326074,"Villingen-Schwenningen, Stadt",Zweitstimmen,BSW,531,1.5136830102622578
08326075,Brigachtal,Erststimmen,BSW,0,0.0
08326075,Brigachtal,Zweitstimmen,BSW,50,1.7059024223814396
08327002,Aldingen,Erststimmen,BSW,0,0.0
08327002,Aldingen,Zweitstimmen,BSW,38,1.1746522411128284
08327004,Bärenthal,Erststimmen,BSW,0,0.0
08327004,Bärenthal,Zweitstimmen,BSW,1,0.35842293906810035
08327005,Balgheim,Erststimmen,BSW,0,0.0
08327005,Balgheim,Zweitstimmen,BSW,14,1.9886363636363635
08327006,Böttingen,Erststimmen,BSW,0,0.0
08327006,Böttingen,Zweitstimmen,BSW,8,0.9864364981504316
08327007,Bubsheim,Erststimmen,BSW,0,0.0
08327007,Bubsheim,Zweitstimmen,BSW,10,1.8018018018018018
08327008,Buchheim,Erststimmen,BSW,0,0.0
08327008,Buchheim,Zweitstimmen,BSW,8,1.7699115044247788
08327009,Deilingen,Erststimmen,BSW,0,0.0
08327009,Deilingen,Zweitstimmen,BSW,7,0.7345225603357817
08327010,Denkingen,Erststimmen,BSW,0,0.0
08327010,Denkingen,Zweitstimmen,BSW,22,1.4864864864864866
08327011,Dürbheim,Erststimmen,BSW,0,0.0
08327011,Dürbheim,Zweitstimmen,BSW,11,1.132852729145211
08327012,Durchhausen,Erststimmen,BSW,0,0.0
08327012,Durchhausen,Zweitstimmen,BSW,5,0.945179584120983
08327013,Egesheim,Erststimmen,BSW,0,0.0
08327013,Egesheim,Zweitstimmen,BSW,10,3.5211267605633805
08327016,"Fridingen an der Donau, Stadt",Erststimmen,BSW,0,0.0
08327016,"Fridingen an der Donau, Stadt",Zweitstimmen,BSW,19,1.1343283582089554
08327017,Frittlingen,Erststimmen,BSW,0,0.0
08327017,Frittlingen,Zweitstimmen,BSW,13,1.1937557392102847
08327018,"Geisingen, Stadt",Erststimmen,BSW,0,0.0
08327018,"Geisingen, Stadt",Zweitstimmen,BSW,49,1.6284479893652375
08327019,Gosheim,Erststimmen,BSW,0,0.0
08327019,Gosheim,Zweitstimmen,BSW,29,1.673398730525101
08327020,Gunningen,Erststimmen,BSW,0,0.0
08327020,Gunningen,Zweitstimmen,BSW,14,3.4229828850855744
08327023,Hausen ob Verena,Erststimmen,BSW,0,0.0
08327023,Hausen ob Verena,Zweitstimmen,BSW,14,2.8688524590163933
08327025,Immendingen,Erststimmen,BSW,0,0.0
08327025,Immendingen,Zweitstimmen,BSW,56,1.8451400329489294
08327027,Irndorf,Erststimmen,BSW,0,0.0
08327027,Irndorf,Zweitstimmen,BSW,7,1.5486725663716814
08327029,Königsheim,Erststimmen,BSW,0,0.0
08327029,Königsheim,Zweitstimmen,BSW,6,1.694915254237288
08327030,Kolbingen,Erststimmen,BSW,0,0.0
08327030,Kolbingen,Zweitstimmen,BSW,8,1.045751633986928
08327033,Mahlstetten,Erststimmen,BSW,0,0.0
08327033,Mahlstetten,Zweitstimmen,BSW,6,1.2474012474012475
08327036,"Mühlheim an der Donau, Stadt",Erststimmen,BSW,0,0.0
08327036,"Mühlheim an der Donau, Stadt",Zweitstimmen,BSW,25,1.2357884330202669
08327038,Neuhausen ob Eck,Erststimmen,BSW,0,0.0
08327038,Neuhausen ob Eck,Zweitstimmen,BSW,19,0.9875259875259876
08327040,Reichenbach am Heuberg,Erststimmen,BSW,0,0.0
08327040,Reichenbach am Heuberg,Zweitstimmen,BSW,3,1.3636363636363635
08327041,Renquishausen,Erststimmen,BSW,0,0.0
08327041,Renquishausen,Zweitstimmen,BSW,1,0.19960079840319359
08327046,"Spaichingen, Stadt",Erststimmen,BSW,0,0.0
08327046,"Spaichingen, Stadt",Zweitstimmen,BSW,76,1.3146514443867843
08327048,Talheim,Erststimmen,BSW,0,0.0
08327048,Talheim,Zweitstimmen,BSW,10,1.3908205841446455
08327049,"Trossingen, Stadt",Erststimmen,BSW,0,0.0
08327049,"Trossingen, Stadt",Zweitstimmen,BSW,78,1.2020342117429497
08327050,"Tuttlingen, Stadt",Erststimmen,BSW,0,0.0
08327050,"Tuttlingen, Stadt",Zweitstimmen,BSW,241,1.8532759151030451
08327051,Wehingen,Erststimmen,BSW,0,0.0
08327051,Wehingen,Zweitstimmen,BSW,24,1.5493867010974822
08327054,Wurmlingen,Erststimmen,BSW,0,0.0
08327054,Wurmlingen,Zweitstimmen,BSW,16,0.7428040854224698
08327055,Seitingen-Oberflacht,Erststimmen,BSW,0,0.0
08327055,Seitingen-Oberflacht,Zweitstimmen,BSW,11,0.8396946564885497
08327056,Rietheim-Weilheim,Erststimmen,BSW,0,0.0
08327056,Rietheim-Weilheim,Zweitstimmen,BSW,22,1.5246015246015245
08327057,Emmingen-Liptingen,Erststimmen,BSW,0,0.0
08327057,Emmingen-Liptingen,Zweitstimmen,BSW,41,1.564288439526898
08336004,Aitern,Erststimmen,BSW,0,0.0
08336004,Aitern,Zweitstimmen,BSW,2,0.6514657980456027
08336006,Bad Bellingen,Erststimmen,BSW,0,0.0
08336006,Bad Bellingen,Zweitstimmen,BSW,30,1.3895321908290876
08336008,Binzen,Erststimmen,BSW,0,0.0
08336008,Binzen,Zweitstimmen,BSW,21,1.2773722627737227
08336010,Böllen,Erststimmen,BSW,0,0.0
08336010,Böllen,Zweitstimmen,BSW,0,0.0
08336014,Efringen-Kirchen,Erststimmen,BSW,0,0.0
08336014,Efringen-Kirchen,Zweitstimmen,BSW,56,1.1691022964509394
08336019,Eimeldingen,Erststimmen,BSW,0,0.0
08336019,Eimeldingen,Zweitstimmen,BSW,22,1.7027863777089782
08336024,Fischingen,Erststimmen,BSW,0,0.0
08336024,Fischingen,Zweitstimmen,BSW,3,0.7177033492822966
08336025,Fröhnd,Erststimmen,BSW,0,0.0
08336025,Fröhnd,Zweitstimmen,BSW,3,0.949367088607595
08336034,Hasel,Erststimmen,BSW,0,0.0
08336034,Hasel,Zweitstimmen,BSW,7,1.1475409836065573
08336036,Hausen im Wiesental,Erststimmen,BSW,0,0.0
08336036,Hausen im Wiesental,Zweitstimmen,BSW,23,1.8760195758564437
08336043,Inzlingen,Erststimmen,BSW,0,0.0
08336043,Inzlingen,Zweitstimmen,BSW,14,1.051840721262209
08336050,"Lörrach, Stadt",Erststimmen,BSW,0,0.0
08336050,"Lörrach, Stadt",Zweitstimmen,BSW,317,1.5417538057487477
08336057,Maulburg,Erststimmen,BSW,0,0.0
08336057,Maulburg,Zweitstimmen,BSW,31,1.546134663341646
08336069,"Rheinfelden (Baden), Stadt",Erststimmen,BSW,0,0.0
08336069,"Rheinfelden (Baden), Stadt",Zweitstimmen,BSW,215,1.5762463343108504
08336073,Rümmingen,Erststimmen,BSW,0,0.0
08336073,Rümmingen,Zweitstimmen,BSW,7,0.7486631016042781
08336075,Schallbach,Erststimmen,BSW,0,0.0
08336075,Schallbach,Zweitstimmen,BSW,3,0.6211180124223602
08336079,"Schönau im Schwarzwald, Stadt",Erststimmen,BSW,0,0.0
08336079,"Schönau im Schwarzwald, Stadt",Zweitstimmen,BSW,12,1.8461538461538463
08336080,Schönenberg,Erststimmen,BSW,0,0.0
08336080,Schönenberg,Zweitstimmen,BSW,7,4.320987654320987
08336081,"Schopfheim, Stadt",Erststimmen,BSW,0,0.0
08336081,"Schopfheim, Stadt",Zweitstimmen,BSW,190,2.0236446905953773
08336082,Schwörstadt,Erststimmen,BSW,0,0.0
08336082,Schwörstadt,Zweitstimmen,BSW,15,1.2733446519524618
08336084,Steinen,Erststimmen,BSW,0,0.0
08336084,Steinen,Zweitstimmen,BSW,91,1.705397301349325
08336087,"Todtnau, Stadt",Erststimmen,BSW,0,0.0
08336087,"Todtnau, Stadt",Zweitstimmen,BSW,28,1.1177644710578842
08336089,Tunau,Erststimmen,BSW,0,0.0
08336089,Tunau,Zweitstimmen,BSW,0,0.0
08336090,Utzenfeld,Erststimmen,BSW,0,0.0
08336090,Utzenfeld,Zweitstimmen,BSW,4,1.1661807580174928
08336091,"Weil am Rhein, Stadt",Erststimmen,BSW,0,0.0
08336091,"Weil am Rhein, Stadt",Zweitstimmen,BSW,191,1.6271937297665702
08336094,Wembach,Erststimmen,BSW,0,0.0
08336094,Wembach,Zweitstimmen,BSW,2,1.4285714285714286
08336096,Wieden,Erststimmen,BSW,0,0.0
08336096,Wieden,Zweitstimmen,BSW,2,0.5865102639296188
08336100,Wittlingen,Erststimmen,BSW,0,0.0
08336100,Wittlingen,Zweitstimmen,BSW,5,0.9328358208955223
08336103,"Zell im Wiesental, Stadt",Erststimmen,BSW,0,0.0
08336103,"Zell im Wiesental, Stadt",Zweitstimmen,BSW,41,1.623119556611243
08336105,Grenzach-Wyhlen,Erststimmen,BSW,0,0.0
08336105,Grenzach-Wyhlen,Zweitstimmen,BSW,117,1.8981181051265412
08336106,Häg-Ehrsberg,Erststimmen,BSW,0,0.0
08336106,Häg-Ehrsberg,Zweitstimmen,BSW,7,1.4227642276422763
08336107,Kleines Wiesental,Erststimmen,BSW,0,0.0
08336107,Kleines Wiesental,Zweitstimmen,BSW,26,1.572897761645493
08337002,Albbruck,Erststimmen,BSW,0,0.0
08337002,Albbruck,Zweitstimmen,BSW,41,1.1015583019881785
08337030,Dettighofen,Erststimmen,BSW,0,0.0
08337030,Dettighofen,Zweitstimmen,BSW,5,0.8787346221441126
08337032,Dogern,Erststimmen,BSW,0,0.0
08337032,Dogern,Zweitstimmen,BSW,10,0.819672131147541
08337038,Görwihl,Erststimmen,BSW,0,0.0
08337038,Görwihl,Zweitstimmen,BSW,33,1.3744273219491878
08337049,Herrischried,Erststimmen,BSW,0,0.0
08337049,Herrischried,Zweitstimmen,BSW,34,2.5129342202512936
08337053,Hohentengen am Hochrhein,Erststimmen,BSW,0,0.0
08337053,Hohentengen am Hochrhein,Zweitstimmen,BSW,26,1.3800424628450108
08337060,Jestetten,Erststimmen,BSW,0,0.0
08337060,Jestetten,Zweitstimmen,BSW,36,1.727447216890595
08337062,Klettgau,Erststimmen,BSW,0,0.0
08337062,Klettgau,Zweitstimmen,BSW,41,1.1248285322359397
08337065,Lauchringen,Erststimmen,BSW,0,0.0
08337065,Lauchringen,Zweitstimmen,BSW,55,1.4780972856758936
08337066,"Laufenburg (Baden), Stadt",Erststimmen,BSW,0,0.0
08337066,"Laufenburg (Baden), Stadt",Zweitstimmen,BSW,37,0.9906291834002677
08337070,Lottstetten,Erststimmen,BSW,0,0.0
08337070,Lottstetten,Zweitstimmen,BSW,19,2.1134593993325916
08337076,Murg,Erststimmen,BSW,0,0.0
08337076,Murg,Zweitstimmen,BSW,39,1.2214218603194489
08337090,Rickenbach,Erststimmen,BSW,0,0.0
08337090,Rickenbach,Zweitstimmen,BSW,29,1.3679245283018868
08337096,"Bad Säckingen, Stadt",Erststimmen,BSW,0,0.0
08337096,"Bad Säckingen, Stadt",Zweitstimmen,BSW,80,1.1159157483609987
08337106,"Stühlingen, Stadt",Erststimmen,BSW,0,0.0
08337106,"Stühlingen, Stadt",Zweitstimmen,BSW,38,1.3328656611715188
08337116,"Wehr, Stadt",Erststimmen,BSW,0,0.0
08337116,"Wehr, Stadt",Zweitstimmen,BSW,75,1.3799448022079117
08337118,Weilheim,Erststimmen,BSW,0,0.0
08337118,Weilheim,Zweitstimmen,BSW,20,1.0368066355624677
08337123,Wutöschingen,Erststimmen,BSW,0,0.0
08337123,Wutöschingen,Zweitstimmen,BSW,44,1.3871374527112232
08337124,Eggingen,Erststimmen,BSW,0,0.0
08337124,Eggingen,Zweitstimmen,BSW,12,1.2861736334405145
08337125,Küssaberg,Erststimmen,BSW,0,0.0
08337125,Küssaberg,Zweitstimmen,BSW,41,1.4467184191954834
08337126,"Waldshut-Tiengen, Stadt",Erststimmen,BSW,0,0.0
08337126,"Waldshut-Tiengen, Stadt",Zweitstimmen,BSW,122,1.2838051141744713
08416006,Bodelshausen,Erststimmen,BSW,59,2.2331566994700984
08416006,Bodelshausen,Zweitstimmen,BSW,43,1.6318785578747628
08416009,Dettenhausen,Erststimmen,BSW,63,1.9767806714778786
08416009,Dettenhausen,Zweitstimmen,BSW,45,1.4106583072100314
08416018,Hirrlingen,Erststimmen,BSW,0,0.0
08416018,Hirrlingen,Zweitstimmen,BSW,14,0.7972665148063782
08416025,"Mössingen, Stadt",Erststimmen,BSW,174,1.6631619193270886
08416025,"Mössingen, Stadt",Zweitstimmen,BSW,156,1.4881236287322333
08416031,Ofterdingen,Erststimmen,BSW,48,1.7272400143936668
08416031,Ofterdingen,Zweitstimmen,BSW,38,1.3659237958303379
08416036,"Rottenburg am Neckar, Stadt",Erststimmen,BSW,400,1.7429953374874723
08416036,"Rottenburg am Neckar, Stadt",Zweitstimmen,BSW,345,1.49915265284839
08416041,"Tübingen, Universitätsstadt",Erststimmen,BSW,782,1.5201881767461753
08416041,"Tübingen, Universitätsstadt",Zweitstimmen,BSW,720,1.3967835179544883
08416048,Ammerbuch,Erststimmen,BSW,114,1.7020005971931922
08416048,Ammerbuch,Zweitstimmen,BSW,106,1.5790257708922986
08416049,Neustetten,Erststimmen,BSW,30,1.4124293785310735
08416049,Neustetten,Zweitstimmen,BSW,27,1.2664165103189493
08416050,Starzach,Erststimmen,BSW,0,0.0
08416050,Starzach,Zweitstimmen,BSW,32,1.2393493415956625
08417002,"Balingen, Stadt",Erststimmen,BSW,0,0.0
08417002,"Balingen, Stadt",Zweitstimmen,BSW,239,1.3612804009796662
08417008,Bisingen,Erststimmen,BSW,0,0.0
08417008,Bisingen,Zweitstimmen,BSW,97,1.964358039692183
08417010,Bitz,Erststimmen,BSW,0,0.0
08417010,Bitz,Zweitstimmen,BSW,23,1.1346817957572768
08417014,Dautmergen,Erststimmen,BSW,0,0.0
08417014,Dautmergen,Zweitstimmen,BSW,2,0.7751937984496124
08417015,Dormettingen,Erststimmen,BSW,0,0.0
08417015,Dormettingen,Zweitstimmen,BSW,21,3.583617747440273
08417016,Dotternhausen,Erststimmen,BSW,0,0.0
08417016,Dotternhausen,Zweitstimmen,BSW,16,1.4925373134328357
08417022,"Geislingen, Stadt",Erststimmen,BSW,0,0.0
08417022,"Geislingen, Stadt",Zweitstimmen,BSW,36,1.066350710900474
08417023,Grosselfingen,Erststimmen,BSW,0,0.0
08417023,Grosselfingen,Zweitstimmen,BSW,19,1.6710642040457344
08417025,"Haigerloch, Stadt",Erststimmen,BSW,0,0.0
08417025,"Haigerloch, Stadt",Zweitstimmen,BSW,94,1.6505706760316066
08417029,Hausen am Tann,Erststimmen,BSW,0,0.0
08417029,Hausen am Tann,Zweitstimmen,BSW,4,1.532567049808429
08417044,"Meßstetten, Stadt",Erststimmen,BSW,0,0.0
08417044,"Meßstetten, Stadt",Zweitstimmen,BSW,66,1.1906909615731553
08417045,Nusplingen,Erststimmen,BSW,0,0.0
08417045,Nusplingen,Zweitstimmen,BSW,13,1.3026052104208417
08417047,Obernheim,Erststimmen,BSW,0,0.0
08417047,Obernheim,Zweitstimmen,BSW,16,1.8713450292397662
08417051,Rangendingen,Erststimmen,BSW,0,0.0
08417051,Rangendingen,Zweitstimmen,BSW,55,1.921061823262312
08417052,Ratshausen,Erststimmen,BSW,0,0.0
08417052,Ratshausen,Zweitstimmen,BSW,6,1.3274336283185841
08417054,"Rosenfeld, Stadt",Erststimmen,BSW,0,0.0
08417054,"Rosenfeld, Stadt",Zweitstimmen,BSW,44,1.262191623637407
08417057,"Schömberg, Stadt",Erststimmen,BSW,0,0.0
08417057,"Schömberg, Stadt",Zweitstimmen,BSW,15,0.6802721088435374
08417063,Straßberg,Erststimmen,BSW,0,0.0
08417063,Straßberg,Zweitstimmen,BSW,23,1.6050244242847174
08417071,Weilen unter den Rinnen,Erststimmen,BSW,0,0.0
08417071,Weilen unter den Rinnen,Zweitstimmen,BSW,5,1.3404825737265416
08417075,Winterlingen,Erststimmen,BSW,0,0.0
08417075,Winterlingen,Zweitstimmen,BSW,56,1.680672268907563
08417078,Zimmern unter der Burg,Erststimmen,BSW,0,0.0
08417078,Zimmern unter der Burg,Zweitstimmen,BSW,0,0.0
08417079,"Albstadt, Stadt",Erststimmen,BSW,0,0.0
08417079,"Albstadt, Stadt",Zweitstimmen,BSW,284,1.5097549306256979
08425002,Allmendingen,Erststimmen,BSW,13,0.483271375464684
08425002,Allmendingen,Zweitstimmen,BSW,25,0.9338812103100484
08425004,Altheim,Erststimmen,BSW,0,0.0
08425004,Altheim,Zweitstimmen,BSW,1,0.36363636363636365
08425005,Altheim (Alb),Erststimmen,BSW,14,1.3565891472868217
08425005,Altheim (Alb),Zweitstimmen,BSW,20,1.9267822736030826
08425008,Amstetten,Erststimmen,BSW,31,1.399548532731377
08425008,Amstetten,Zweitstimmen,BSW,31,1.4052583862194017
08425011,Asselfingen,Erststimmen,BSW,6,1.1363636363636365
08425011,Asselfingen,Zweitstimmen,BSW,7,1.3207547169811322
08425013,Ballendorf,Erststimmen,BSW,0,0.0
08425013,Ballendorf,Zweitstimmen,BSW,1,0.3289473684210526
08425014,Beimerstetten,Erststimmen,BSW,10,0.7092198581560284
08425014,Beimerstetten,Zweitstimmen,BSW,17,1.2014134275618376
08425017,Berghülen,Erststimmen,BSW,9,0.7299270072992701
08425017,Berghülen,Zweitstimmen,BSW,12,0.9764035801464606
08425019,Bernstadt,Erststimmen,BSW,7,0.5076142131979695
08425019,Bernstadt,Zweitstimmen,BSW,13,0.9420289855072465
08425020,"Blaubeuren, Stadt",Erststimmen,BSW,43,0.7131011608623549
08425020,"Blaubeuren, Stadt",Zweitstimmen,BSW,63,1.0451227604512277
08425022,Börslingen,Erststimmen,BSW,2,1.8867924528301887
08425022,Börslingen,Zweitstimmen,BSW,3,2.857142857142857
08425024,Breitingen,Erststimmen,BSW,1,0.7042253521126761
08425024,Breitingen,Zweitstimmen,BSW,3,2.112676056338028
08425031,Dornstadt,Erststimmen,BSW,32,0.6568144499178982
08425031,Dornstadt,Zweitstimmen,BSW,54,1.104746317512275
08425033,"Ehingen (Donau), Stadt",Erststimmen,BSW,158,1.2217754407670895
08425033,"Ehingen (Donau), Stadt",Zweitstimmen,BSW,191,1.4782137605448493
08425035,Emeringen,Erststimmen,BSW,0,0.0
08425035,Emeringen,Zweitstimmen,BSW,0,0.0
08425036,Emerkingen,Erststimmen,BSW,1,0.26109660574412535
08425036,Emerkingen,Zweitstimmen,BSW,1,0.26246719160104987
08425050,Griesingen,Erststimmen,BSW,2,0.42194092827004215
08425050,Griesingen,Zweitstimmen,BSW,2,0.42283298097251587
08425052,Grundsheim,Erststimmen,BSW,0,0.0
08425052,Grundsheim,Zweitstimmen,BSW,1,0.7633587786259541
08425055,Hausen am Bussen,Erststimmen,BSW,1,0.6993006993006993
08425055,Hausen am Bussen,Zweitstimmen,BSW,1,0.7042253521126761
08425062,Holzkirch,Erststimmen,BSW,0,0.0
08425062,Holzkirch,Zweitstimmen,BSW,0,0.0
08425071,"Laichingen, Stadt",Erststimmen,BSW,47,0.7955314827352742
08425071,"Laichingen, Stadt",Zweitstimmen,BSW,61,1.0323235742088341
08425072,"Langenau, Stadt",Erststimmen,BSW,118,1.4605768040599085
08425072,"Langenau, Stadt",Zweitstimmen,BSW,142,1.756556160316675
08425073,Lauterach,Erststimmen,BSW,2,0.7462686567164178
08425073,Lauterach,Zweitstimmen,BSW,2,0.7434944237918215
08425075,Lonsee,Erststimmen,BSW,39,1.4089595375722543
08425075,Lonsee,Zweitstimmen,BSW,41,1.4758819294456442
08425079,Merklingen,Erststimmen,BSW,11,0.9151414309484194
08425079,Merklingen,Zweitstimmen,BSW,21,1.7456359102244388
08425081,"Munderkingen, Stadt",Erststimmen,BSW,15,0.6593406593406593
08425081,"Munderkingen, Stadt",Zweitstimmen,BSW,28,1.2334801762114538
08425083,Neenstetten,Erststimmen,BSW,4,0.9523809523809524
08425083,Neenstetten,Zweitstimmen,BSW,4,0.9615384615384616
08425084,Nellingen,Erststimmen,BSW,9,0.6917755572636434
08425084,Nellingen,Zweitstimmen,BSW,14,1.0752688172043012
08425085,Nerenstetten,Erststimmen,BSW,4,2.094240837696335
08425085,Nerenstetten,Zweitstimmen,BSW,5,2.604166666666667
08425088,Oberdischingen,Erststimmen,BSW,11,0.8553654743390358
08425088,Oberdischingen,Zweitstimmen,BSW,10,0.778816199376947
08425090,Obermarchtal,Erststimmen,BSW,8,0.98159509202454
08425090,Obermarchtal,Zweitstimmen,BSW,14,1.73053152039555
08425091,Oberstadion,Erststimmen,BSW,3,0.2958579881656805
08425091,Oberstadion,Zweitstimmen,BSW,6,0.5923000987166831
08425092,Öllingen,Erststimmen,BSW,4,1.6129032258064515
08425092,Öllingen,Zweitstimmen,BSW,5,2.0325203252032518
08425093,Öpfingen,Erststimmen,BSW,10,0.7949125596184419
08425093,Öpfingen,Zweitstimmen,BSW,11,0.873015873015873
08425097,Rammingen,Erststimmen,BSW,4,0.5235602094240838
08425097,Rammingen,Zweitstimmen,BSW,7,0.9162303664921465
08425098,Rechtenstein,Erststimmen,BSW,0,0.0
08425098,Rechtenstein,Zweitstimmen,BSW,1,0.6802721088435374
08425104,Rottenacker,Erststimmen,BSW,9,0.7358953393295176
08425104,Rottenacker,Zweitstimmen,BSW,12,0.9836065573770493
08425108,"Schelklingen, Stadt",Erststimmen,BSW,31,0.9080257762155829
08425108,"Schelklingen, Stadt",Zweitstimmen,BSW,45,1.3192612137203166
08425112,Setzingen,Erststimmen,BSW,6,1.744186046511628
08425112,Setzingen,Zweitstimmen,BSW,1,0.2932551319648094
08425123,Untermarchtal,Erststimmen,BSW,1,0.30959752321981426
08425123,Untermarchtal,Zweitstimmen,BSW,2,0.6172839506172839
08425124,Unterstadion,Erststimmen,BSW,4,0.8968609865470852
08425124,Unterstadion,Zweitstimmen,BSW,7,1.5730337078651686
08425125,Unterwachingen,Erststimmen,BSW,0,0.0
08425125,Unterwachingen,Zweitstimmen,BSW,0,0.0
08425130,Weidenstetten,Erststimmen,BSW,9,1.0650887573964496
08425130,Weidenstetten,Zweitstimmen,BSW,14,1.6587677725118484
08425134,Westerheim,Erststimmen,BSW,19,1.0204081632653061
08425134,Westerheim,Zweitstimmen,BSW,19,1.014957264957265
08425135,Westerstetten,Erststimmen,BSW,13,0.9803921568627451
08425135,Westerstetten,Zweitstimmen,BSW,13,0.9789156626506025
08425139,Heroldstatt,Erststimmen,BSW,27,1.5625
08425139,Heroldstatt,Zweitstimmen,BSW,33,1.907514450867052
08426001,Achstetten,Erststimmen,BSW,0,0.0
08426001,Achstetten,Zweitstimmen,BSW,36,1.2186865267433988
08426005,Alleshausen,Erststimmen,BSW,0,0.0
08426005,Alleshausen,Zweitstimmen,BSW,6,2.097902097902098
08426006,Allmannsweiler,Erststimmen,BSW,0,0.0
08426006,Allmannsweiler,Zweitstimmen,BSW,0,0.0
08426008,Altheim,Erststimmen,BSW,0,0.0
08426008,Altheim,Zweitstimmen,BSW,14,1.092896174863388
08426011,Attenweiler,Erststimmen,BSW,0,0.0
08426011,Attenweiler,Zweitstimmen,BSW,6,0.4922067268252666
08426013,"Bad Buchau, Stadt",Erststimmen,BSW,0,0.0
08426013,"Bad Buchau, Stadt",Zweitstimmen,BSW,44,1.6242155777039495
08426014,"Bad Schussenried, Stadt",Erststimmen,BSW,0,0.0
08426014,"Bad Schussenried, Stadt",Zweitstimmen,BSW,60,1.37520055008022
08426020,Betzenweiler,Erststimmen,BSW,0,0.0
08426020,Betzenweiler,Zweitstimmen,BSW,2,0.6514657980456027
08426021,"Biberach an der Riß, Stadt",Erststimmen,BSW,0,0.0
08426021,"Biberach an der Riß, Stadt",Zweitstimmen,BSW,184,1.1334236786990268
08426028,Burgrieden,Erststimmen,BSW,0,0.0
08426028,Burgrieden,Zweitstimmen,BSW,37,1.5866209262435675
08426035,Dürmentingen,Erststimmen,BSW,0,0.0
08426035,Dürmentingen,Zweitstimmen,BSW,22,1.4864864864864866
08426036,Dürnau,Erststimmen,BSW,0,0.0
08426036,Dürnau,Zweitstimmen,BSW,5,2.512562814070352
08426038,Eberhardzell,Erststimmen,BSW,0,0.0
08426038,Eberhardzell,Zweitstimmen,BSW,23,0.8566108007448789
08426043,Erlenmoos,Erststimmen,BSW,0,0.0
08426043,Erlenmoos,Zweitstimmen,BSW,9,0.8379888268156425
08426045,Ertingen,Erststimmen,BSW,0,0.0
08426045,Ertingen,Zweitstimmen,BSW,54,1.7757316672147319
08426058,Hochdorf,Erststimmen,BSW,0,0.0
08426058,Hochdorf,Zweitstimmen,BSW,15,1.0351966873706004
08426062,Ingoldingen,Erststimmen,BSW,0,0.0
08426062,Ingoldingen,Zweitstimmen,BSW,14,0.7419183889772125
08426064,Kanzach,Erststimmen,BSW,0,0.0
08426064,Kanzach,Zweitstimmen,BSW,3,1.2244897959183674
08426067,Langenenslingen,Erststimmen,BSW,0,0.0
08426067,Langenenslingen,Zweitstimmen,BSW,24,1.1650485436893203
08426070,"Laupheim, Stadt",Erststimmen,BSW,0,0.0
08426070,"Laupheim, Stadt",Zweitstimmen,BSW,134,1.2054695933789135
08426071,Maselheim,Erststimmen,BSW,0,0.0
08426071,Maselheim,Zweitstimmen,BSW,26,0.9867172675521821
08426073,Mietingen,Erststimmen,BSW,0,0.0
08426073,Mietingen,Zweitstimmen,BSW,28,0.9671848013816925
08426074,Mittelbiberach,Erststimmen,BSW,0,0.0
08426074,Mittelbiberach,Zweitstimmen,BSW,22,0.8487654320987654
08426078,Moosburg,Erststimmen,BSW,0,0.0
08426078,Moosburg,Zweitstimmen,BSW,1,0.7692307692307693
08426087,"Ochsenhausen, Stadt",Erststimmen,BSW,0,0.0
08426087,"Ochsenhausen, Stadt",Zweitstimmen,BSW,53,1.1666299801893023
08426090,Oggelshausen,Erststimmen,BSW,0,0.0
08426090,Oggelshausen,Zweitstimmen,BSW,3,0.949367088607595
08426097,"Riedlingen, Stadt",Erststimmen,BSW,0,0.0
08426097,"Riedlingen, Stadt",Zweitstimmen,BSW,77,1.4547515586623843
08426108,Schwendi,Erststimmen,BSW,0,0.0
08426108,Schwendi,Zweitstimmen,BSW,43,1.1506556061011506
08426109,Seekirch,Erststimmen,BSW,0,0.0
08426109,Seekirch,Zweitstimmen,BSW,0,0.0
08426113,Steinhausen an der Rottum,Erststimmen,BSW,0,0.0
08426113,Steinhausen an der Rottum,Zweitstimmen,BSW,8,0.597460791635549
08426118,Tiefenbach,Erststimmen,BSW,0,0.0
08426118,Tiefenbach,Zweitstimmen,BSW,3,1.3513513513513513
08426120,Ummendorf,Erststimmen,BSW,0,0.0
08426120,Ummendorf,Zweitstimmen,BSW,26,1.016021883548261
08426121,Unlingen,Erststimmen,BSW,0,0.0
08426121,Unlingen,Zweitstimmen,BSW,12,0.8097165991902834
08426124,Uttenweiler,Erststimmen,BSW,0,0.0
08426124,Uttenweiler,Zweitstimmen,BSW,19,0.8384819064430714
08426125,Wain,Erststimmen,BSW,0,0.0
08426125,Wain,Zweitstimmen,BSW,5,0.5668934240362812
08426128,Warthausen,Erststimmen,BSW,0,0.0
08426128,Warthausen,Zweitstimmen,BSW,29,1.0031131096506398
08426134,Schemmerhofen,Erststimmen,BSW,0,0.0
08426134,Schemmerhofen,Zweitstimmen,BSW,49,0.9622937941869599
08426135,Gutenzell-Hürbel,Erststimmen,BSW,0,0.0
08426135,Gutenzell-Hürbel,Zweitstimmen,BSW,13,1.1226252158894647
08435005,Bermatingen,Erststimmen,BSW,0,0.0
08435005,Bermatingen,Zweitstimmen,BSW,25,1.0860121633362294
08435010,Daisendorf,Erststimmen,BSW,0,0.0
08435010,Daisendorf,Zweitstimmen,BSW,10,1.0905125408942202
08435013,Eriskirch,Erststimmen,BSW,0,0.0
08435013,Eriskirch,Zweitstimmen,BSW,31,1.203416149068323
08435015,Frickingen,Erststimmen,BSW,0,0.0
08435015,Frickingen,Zweitstimmen,BSW,34,1.822079314040729
08435016,"Friedrichshafen, Stadt",Erststimmen,BSW,0,0.0
08435016,"Friedrichshafen, Stadt",Zweitstimmen,BSW,385,1.4760006134028523
08435018,Hagnau am Bodensee,Erststimmen,BSW,0,0.0
08435018,Hagnau am Bodensee,Zweitstimmen,BSW,5,0.6009615384615385
08435020,Heiligenberg,Erststimmen,BSW,0,0.0
08435020,Heiligenberg,Zweitstimmen,BSW,45,2.6470588235294117
08435024,Immenstaad am Bodensee,Erststimmen,BSW,0,0.0
08435024,Immenstaad am Bodensee,Zweitstimmen,BSW,41,1.1734401831711505
08435029,Kressbronn am Bodensee,Erststimmen,BSW,0,0.0
08435029,Kressbronn am Bodensee,Zweitstimmen,BSW,60,1.258917331095258
08435030,Langenargen,Erststimmen,BSW,0,0.0
08435030,Langenargen,Zweitstimmen,BSW,47,1.0418975836843272
08435034,"Markdorf, Stadt",Erststimmen,BSW,0,0.0
08435034,"Markdorf, Stadt",Zweitstimmen,BSW,106,1.441784548422198
08435036,"Meersburg, Stadt",Erststimmen,BSW,0,0.0
08435036,"Meersburg, Stadt",Zweitstimmen,BSW,46,1.5196564255037992
08435045,Oberteuringen,Erststimmen,BSW,0,0.0
08435045,Oberteuringen,Zweitstimmen,BSW,36,1.3353115727002967
08435047,Owingen,Erststimmen,BSW,0,0.0
08435047,Owingen,Zweitstimmen,BSW,51,2.059773828756058
08435052,Salem,Erststimmen,BSW,0,0.0
08435052,Salem,Zweitstimmen,BSW,92,1.3694551949985114
08435053,Sipplingen,Erststimmen,BSW,0,0.0
08435053,Sipplingen,Zweitstimmen,BSW,14,1.1560693641618496
08435054,Stetten,Erststimmen,BSW,0,0.0
08435054,Stetten,Zweitstimmen,BSW,9,1.5544041450777202
08435059,"Überlingen, Stadt",Erststimmen,BSW,0,0.0
08435059,"Überlingen, Stadt",Zweitstimmen,BSW,196,1.6091954022988506
08435066,Uhldingen-Mühlhofen,Erststimmen,BSW,0,0.0
08435066,Uhldingen-Mühlhofen,Zweitstimmen,BSW,61,1.4282369468508547
08435067,Deggenhausertal,Erststimmen,BSW,0,0.0
08435067,Deggenhausertal,Zweitstimmen,BSW,49,1.911822083495903
08437005,Beuron,Erststimmen,BSW,4,1.0204081632653061
08437005,Beuron,Zweitstimmen,BSW,4,1.015228426395939
08437008,Bingen,Erststimmen,BSW,21,1.3358778625954197
08437008,Bingen,Zweitstimmen,BSW,18,1.1363636363636365
08437031,"Gammertingen, Stadt",Erststimmen,BSW,66,2.092580849714648
08437031,"Gammertingen, Stadt",Zweitstimmen,BSW,60,1.9011406844106464
08437044,Herbertingen,Erststimmen,BSW,42,1.5873015873015872
08437044,Herbertingen,Zweitstimmen,BSW,37,1.3868065967016492
08437047,"Hettingen, Stadt",Erststimmen,BSW,15,1.2615643397813288
08437047,"Hettingen, Stadt",Zweitstimmen,BSW,15,1.2647554806070826
08437053,Hohentengen,Erststimmen,BSW,25,1.0208248264597795
08437053,Hohentengen,Zweitstimmen,BSW,27,1.0957792207792207
08437056,Illmensee,Erststimmen,BSW,21,1.7045454545454544
08437056,Illmensee,Zweitstimmen,BSW,17,1.3742926434923202
08437059,Inzigkofen,Erststimmen,BSW,14,0.8083140877598153
08437059,Inzigkofen,Zweitstimmen,BSW,15,0.863060989643268
08437065,Krauchenwies,Erststimmen,BSW,41,1.5224656516895656
08437065,Krauchenwies,Zweitstimmen,BSW,52,1.925925925925926
08437072,Leibertingen,Erststimmen,BSW,21,1.465457083042568
08437072,Leibertingen,Zweitstimmen,BSW,16,1.1149825783972125
08437076,"Mengen, Stadt",Erststimmen,BSW,91,1.860560212635453
08437076,"Mengen, Stadt",Zweitstimmen,BSW,93,1.8902439024390243
08437078,"Meßkirch, Stadt",Erststimmen,BSW,59,1.4261542180323905
08437078,"Meßkirch, Stadt",Zweitstimmen,BSW,69,1.669893514036786
08437082,Neufra,Erststimmen,BSW,16,1.5549076773566568
08437082,Neufra,Zweitstimmen,BSW,12,1.1583011583011582
08437086,Ostrach,Erststimmen,BSW,59,1.5261251939989653
08437086,Ostrach,Zweitstimmen,BSW,57,1.471727343144849
08437088,"Pfullendorf, Stadt",Erststimmen,BSW,104,1.8306636155606408
08437088,"Pfullendorf, Stadt",Zweitstimmen,BSW,99,1.738061797752809
08437100,"Bad Saulgau, Stadt",Erststimmen,BSW,126,1.4323064681141298
08437100,"Bad Saulgau, Stadt",Zweitstimmen,BSW,119,1.3515048268029528
08437101,"Scheer, Stadt",Erststimmen,BSW,12,0.936768149882904
08437101,"Scheer, Stadt",Zweitstimmen,BSW,10,0.7818608287724784
08437102,Schwenningen,Erststimmen,BSW,13,1.294820717131474
08437102,Schwenningen,Zweitstimmen,BSW,9,0.893743793445879
08437104,"Sigmaringen, Stadt",Erststimmen,BSW,127,1.659263130389339
08437104,"Sigmaringen, Stadt",Zweitstimmen,BSW,120,1.5618898867629831
08437105,Sigmaringendorf,Erststimmen,BSW,26,1.3340174448435094
08437105,Sigmaringendorf,Zweitstimmen,BSW,33,1.6828148903620603
08437107,Stetten am kalten Markt,Erststimmen,BSW,46,1.6893132574366507
08437107,Stetten am kalten Markt,Zweitstimmen,BSW,39,1.4259597806215722
08437114,"Veringenstadt, Stadt",Erststimmen,BSW,23,1.9557823129251701
08437114,"Veringenstadt, Stadt",Zweitstimmen,BSW,23,1.9674935842600514
08437118,Wald,Erststimmen,BSW,25,1.5743073047858942
08437118,Wald,Zweitstimmen,BSW,28,1.762114537444934
08437123,Sauldorf,Erststimmen,BSW,28,1.7587939698492463
08437123,Sauldorf,Zweitstimmen,BSW,28,1.7543859649122806
08437124,Herdwangen-Schönach,Erststimmen,BSW,79,4.112441436751692
08437124,Herdwangen-Schönach,Zweitstimmen,BSW,63,3.279541905257678
08135010,Dischingen,Erststimmen,BÜNDNIS DEUTSCHLAND,4,0.16129032258064516
08135010,Dischingen,Zweitstimmen,BÜNDNIS DEUTSCHLAND,0,0.0
08135015,Gerstetten,Erststimmen,BÜNDNIS DEUTSCHLAND,19,0.301874801398157
08135015,Gerstetten,Zweitstimmen,BÜNDNIS DEUTSCHLAND,0,0.0
08135016,"Giengen an der Brenz, Stadt",Erststimmen,BÜNDNIS DEUTSCHLAND,24,0.31100168459245825
08135016,"Giengen an der Brenz, Stadt",Zweitstimmen,BÜNDNIS DEUTSCHLAND,0,0.0
08135019,"Heidenheim an der Brenz, Stadt",Erststimmen,BÜNDNIS DEUTSCHLAND,164,0.877568493150685
08135019,"Heidenheim an der Brenz, Stadt",Zweitstimmen,BÜNDNIS DEUTSCHLAND,0,0.0
08135020,"Herbrechtingen, Stadt",Erststimmen,BÜNDNIS DEUTSCHLAND,47,0.72542058959716
08135020,"Herbrechtingen, Stadt",Zweitstimmen,BÜNDNIS DEUTSCHLAND,0,0.0
08135021,Hermaringen,Erststimmen,BÜNDNIS DEUTSCHLAND,4,0.3110419906687403
08135021,Hermaringen,Zweitstimmen,BÜNDNIS DEUTSCHLAND,0,0.0
08135025,Königsbronn,Erststimmen,BÜNDNIS DEUTSCHLAND,28,0.7370360621216109
08135025,Königsbronn,Zweitstimmen,BÜNDNIS DEUTSCHLAND,0,0.0
08135026,Nattheim,Erststimmen,BÜNDNIS DEUTSCHLAND,14,0.3783783783783784
08135026,Nattheim,Zweitstimmen,BÜNDNIS DEUTSCHLAND,0,0.0
08135027,"Niederstotzingen, Stadt",Erststimmen,BÜNDNIS DEUTSCHLAND,6,0.23677979479084454
08135027,"Niederstotzingen, Stadt",Zweitstimmen,BÜNDNIS DEUTSCHLAND,0,0.0
08135031,Sontheim an der Brenz,Erststimmen,BÜNDNIS DEUTSCHLAND,15,0.4796929964822514
08135031,Sontheim an der Brenz,Zweitstimmen,BÜNDNIS DEUTSCHLAND,0,0.0
08135032,Steinheim am Albuch,Erststimmen,BÜNDNIS DEUTSCHLAND,27,0.5846686877436119
08135032,Steinheim am Albuch,Zweitstimmen,BÜNDNIS DEUTSCHLAND,0,0.0
08416018,Hirrlingen,Erststimmen,BÜNDNIS DEUTSCHLAND,13,0.7449856733524355
08416018,Hirrlingen,Zweitstimmen,BÜNDNIS DEUTSCHLAND,0,0.0
08416050,Starzach,Erststimmen,BÜNDNIS DEUTSCHLAND,8,0.3114052160373686
08416050,Starzach,Zweitstimmen,BÜNDNIS DEUTSCHLAND,0,0.0
08417002,"Balingen, Stadt",Erststimmen,BÜNDNIS DEUTSCHLAND,146,0.834333390479456
08417002,"Balingen, Stadt",Zweitstimmen,BÜNDNIS DEUTSCHLAND,0,0.0
08417008,Bisingen,Erststimmen,BÜNDNIS DEUTSCHLAND,34,0.6923233557320301
08417008,Bisingen,Zweitstimmen,BÜNDNIS DEUTSCHLAND,0,0.0
08417010,Bitz,Erststimmen,BÜNDNIS DEUTSCHLAND,10,0.495785820525533
08417010,Bitz,Zweitstimmen,BÜNDNIS DEUTSCHLAND,0,0.0
08417014,Dautmergen,Erststimmen,BÜNDNIS DEUTSCHLAND,0,0.0
08417014,Dautmergen,Zweitstimmen,BÜNDNIS DEUTSCHLAND,0,0.0
08417015,Dormettingen,Erststimmen,BÜNDNIS DEUTSCHLAND,7,1.1965811965811968
08417015,Dormettingen,Zweitstimmen,BÜNDNIS DEUTSCHLAND,0,0.0
08417016,Dotternhausen,Erststimmen,BÜNDNIS DEUTSCHLAND,7,0.6548175865294669
08417016,Dotternhausen,Zweitstimmen,BÜNDNIS DEUTSCHLAND,0,0.0
08417022,"Geislingen, Stadt",Erststimmen,BÜNDNIS DEUTSCHLAND,29,0.8628384409401963
08417022,"Geislingen, Stadt",Zweitstimmen,BÜNDNIS DEUTSCHLAND,0,0.0
08417023,Grosselfingen,Erststimmen,BÜNDNIS DEUTSCHLAND,9,0.7936507936507936
08417023,Grosselfingen,Zweitstimmen,BÜNDNIS DEUTSCHLAND,0,0.0
08417025,"Haigerloch, Stadt",Erststimmen,BÜNDNIS DEUTSCHLAND,32,0.5655708731000354
08417025,"Haigerloch, Stadt",Zweitstimmen,BÜNDNIS DEUTSCHLAND,0,0.0
08417029,Hausen am Tann,Erststimmen,BÜNDNIS DEUTSCHLAND,9,3.474903474903475
08417029,Hausen am Tann,Zweitstimmen,BÜNDNIS DEUTSCHLAND,0,0.0
08417044,"Meßstetten, Stadt",Erststimmen,BÜNDNIS DEUTSCHLAND,38,0.6882811084948379
08417044,"Meßstetten, Stadt",Zweitstimmen,BÜNDNIS DEUTSCHLAND,0,0.0
08417045,Nusplingen,Erststimmen,BÜNDNIS DEUTSCHLAND,8,0.8048289738430584
08417045,Nusplingen,Zweitstimmen,BÜNDNIS DEUTSCHLAND,0,0.0
08417047,Obernheim,Erststimmen,BÜNDNIS DEUTSCHLAND,8,0.9378663540445485
08417047,Obernheim,Zweitstimmen,BÜNDNIS DEUTSCHLAND,0,0.0
08417051,Rangendingen,Erststimmen,BÜNDNIS DEUTSCHLAND,21,0.7368421052631579
08417051,Rangendingen,Zweitstimmen,BÜNDNIS DEUTSCHLAND,0,0.0
08417052,Ratshausen,Erststimmen,BÜNDNIS DEUTSCHLAND,2,0.4454342984409799
08417052,Ratshausen,Zweitstimmen,BÜNDNIS DEUTSCHLAND,0,0.0
08417054,"Rosenfeld, Stadt",Erststimmen,BÜNDNIS DEUTSCHLAND,20,0.578368999421631
08417054,"Rosenfeld, Stadt",Zweitstimmen,BÜNDNIS DEUTSCHLAND,0,0.0
08417057,"Schömberg, Stadt",Erststimmen,BÜNDNIS DEUTSCHLAND,9,0.40946314831665154
08417057,"Schömberg, Stadt",Zweitstimmen,BÜNDNIS DEUTSCHLAND,0,0.0
08417063,Straßberg,Erststimmen,BÜNDNIS DEUTSCHLAND,5,0.34965034965034963
08417063,Straßberg,Zweitstimmen,BÜNDNIS DEUTSCHLAND,0,0.0
08417071,Weilen unter den Rinnen,Erststimmen,BÜNDNIS DEUTSCHLAND,4,1.0666666666666667
08417071,Weilen unter den Rinnen,Zweitstimmen,BÜNDNIS DEUTSCHLAND,0,0.0
08417075,Winterlingen,Erststimmen,BÜNDNIS DEUTSCHLAND,16,0.48221820373719104
08417075,Winterlingen,Zweitstimmen,BÜNDNIS DEUTSCHLAND,0,0.0
08417078,Zimmern unter der Burg,Erststimmen,BÜNDNIS DEUTSCHLAND,3,1.056338028169014
08417078,Zimmern unter der Burg,Zweitstimmen,BÜNDNIS DEUTSCHLAND,0,0.0
08417079,"Albstadt, Stadt",Erststimmen,BÜNDNIS DEUTSCHLAND,92,0.4915055027246501
08417079,"Albstadt, Stadt",Zweitstimmen,BÜNDNIS DEUTSCHLAND,0,0.0
08425002,Allmendingen,Erststimmen,BÜNDNIS DEUTSCHLAND,13,0.483271375464684
08425002,Allmendingen,Zweitstimmen,BÜNDNIS DEUTSCHLAND,0,0.0
08425004,Altheim,Erststimmen,BÜNDNIS DEUTSCHLAND,0,0.0
08425004,Altheim,Zweitstimmen,BÜNDNIS DEUTSCHLAND,0,0.0
08425005,Altheim (Alb),Erststimmen,BÜNDNIS DEUTSCHLAND,2,0.1937984496124031
08425005,Altheim (Alb),Zweitstimmen,BÜNDNIS DEUTSCHLAND,0,0.0
08425008,Amstetten,Erststimmen,BÜNDNIS DEUTSCHLAND,3,0.13544018058690743
08425008,Amstetten,Zweitstimmen,BÜNDNIS DEUTSCHLAND,0,0.0
08425011,Asselfingen,Erststimmen,BÜNDNIS DEUTSCHLAND,0,0.0
08425011,Asselfingen,Zweitstimmen,BÜNDNIS DEUTSCHLAND,0,0.0
08425013,Ballendorf,Erststimmen,BÜNDNIS DEUTSCHLAND,1,0.32679738562091504
08425013,Ballendorf,Zweitstimmen,BÜNDNIS DEUTSCHLAND,0,0.0
08425014,Beimerstetten,Erststimmen,BÜNDNIS DEUTSCHLAND,1,0.07092198581560284
08425014,Beimerstetten,Zweitstimmen,BÜNDNIS DEUTSCHLAND,0,0.0
08425017,Berghülen,Erststimmen,BÜNDNIS DEUTSCHLAND,1,0.08110300081103002
08425017,Berghülen,Zweitstimmen,BÜNDNIS DEUTSCHLAND,0,0.0
08425019,Bernstadt,Erststimmen,BÜNDNIS DEUTSCHLAND,3,0.21754894851341552
08425019,Bernstadt,Zweitstimmen,BÜNDNIS DEUTSCHLAND,0,0.0
08425020,"Blaubeuren, Stadt",Erststimmen,BÜNDNIS DEUTSCHLAND,10,0.16583747927031509
08425020,"Blaubeuren, Stadt",Zweitstimmen,BÜNDNIS DEUTSCHLAND,0,0.0
08425022,Börslingen,Erststimmen,BÜNDNIS DEUTSCHLAND,0,0.0
08425022,Börslingen,Zweitstimmen,BÜNDNIS DEUTSCHLAND,0,0.0
08425024,Breitingen,Erststimmen,BÜNDNIS DEUTSCHLAND,0,0.0
08425024,Breitingen,Zweitstimmen,BÜNDNIS DEUTSCHLAND,0,0.0
08425031,Dornstadt,Erststimmen,BÜNDNIS DEUTSCHLAND,6,0.12315270935960591
08425031,Dornstadt,Zweitstimmen,BÜNDNIS DEUTSCHLAND,0,0.0
08425033,"Ehingen (Donau), Stadt",Erststimmen,BÜNDNIS DEUTSCHLAND,81,0.6263532322919888
08425033,"Ehingen (Donau), Stadt",Zweitstimmen,BÜNDNIS DEUTSCHLAND,0,0.0
08425035,Emeringen,Erststimmen,BÜNDNIS DEUTSCHLAND,0,0.0
08425035,Emeringen,Zweitstimmen,BÜNDNIS DEUTSCHLAND,0,0.0
08425036,Emerkingen,Erststimmen,BÜNDNIS DEUTSCHLAND,2,0.5221932114882507
08425036,Emerkingen,Zweitstimmen,BÜNDNIS DEUTSCHLAND,0,0.0
08425050,Griesingen,Erststimmen,BÜNDNIS DEUTSCHLAND,0,0.0
08425050,Griesingen,Zweitstimmen,BÜNDNIS DEUTSCHLAND,0,0.0
08425052,Grundsheim,Erststimmen,BÜNDNIS DEUTSCHLAND,1,0.7633587786259541
08425052,Grundsheim,Zweitstimmen,BÜNDNIS DEUTSCHLAND,0,0.0
08425055,Hausen am Bussen,Erststimmen,BÜNDNIS DEUTSCHLAND,1,0.6993006993006993
08425055,Hausen am Bussen,Zweitstimmen,BÜNDNIS DEUTSCHLAND,0,0.0
08425062,Holzkirch,Erststimmen,BÜNDNIS DEUTSCHLAND,0,0.0
08425062,Holzkirch,Zweitstimmen,BÜNDNIS DEUTSCHLAND,0,0.0
08425071,"Laichingen, Stadt",Erststimmen,BÜNDNIS DEUTSCHLAND,10,0.16926201760324985
08425071,"Laichingen, Stadt",Zweitstimmen,BÜNDNIS DEUTSCHLAND,0,0.0
08425072,"Langenau, Stadt",Erststimmen,BÜNDNIS DEUTSCHLAND,6,0.07426661715558856
08425072,"Langenau, Stadt",Zweitstimmen,BÜNDNIS DEUTSCHLAND,0,0.0
08425073,Lauterach,Erststimmen,BÜNDNIS DEUTSCHLAND,2,0.7462686567164178
08425073,Lauterach,Zweitstimmen,BÜNDNIS DEUTSCHLAND,0,0.0
08425075,Lonsee,Erststimmen,BÜNDNIS DEUTSCHLAND,4,0.1445086705202312
08425075,Lonsee,Zweitstimmen,BÜNDNIS DEUTSCHLAND,0,0.0
08425079,Merklingen,Erststimmen,BÜNDNIS DEUTSCHLAND,0,0.0
08425079,Merklingen,Zweitstimmen,BÜNDNIS DEUTSCHLAND,0,0.0
08425081,"Munderkingen, Stadt",Erststimmen,BÜNDNIS DEUTSCHLAND,12,0.5274725274725275
08425081,"Munderkingen, Stadt",Zweitstimmen,BÜNDNIS DEUTSCHLAND,0,0.0
08425083,Neenstetten,Erststimmen,BÜNDNIS DEUTSCHLAND,0,0.0
08425083,Neenstetten,Zweitstimmen,BÜNDNIS DEUTSCHLAND,0,0.0
08425084,Nellingen,Erststimmen,BÜNDNIS DEUTSCHLAND,2,0.15372790161414296
08425084,Nellingen,Zweitstimmen,BÜNDNIS DEUTSCHLAND,0,0.0
08425085,Nerenstetten,Erststimmen,BÜNDNIS DEUTSCHLAND,0,0.0
08425085,Nerenstetten,Zweitstimmen,BÜNDNIS DEUTSCHLAND,0,0.0
08425088,Oberdischingen,Erststimmen,BÜNDNIS DEUTSCHLAND,3,0.23328149300155523
08425088,Oberdischingen,Zweitstimmen,BÜNDNIS DEUTSCHLAND,0,0.0
08425090,Obermarchtal,Erststimmen,BÜNDNIS DEUTSCHLAND,4,0.49079754601227
08425090,Obermarchtal,Zweitstimmen,BÜNDNIS DEUTSCHLAND,0,0.0
08425091,Oberstadion,Erststimmen,BÜNDNIS DEUTSCHLAND,1,0.09861932938856016
08425091,Oberstadion,Zweitstimmen,BÜNDNIS DEUTSCHLAND,0,0.0
08425092,Öllingen,Erststimmen,BÜNDNIS DEUTSCHLAND,0,0.0
08425092,Öllingen,Zweitstimmen,BÜNDNIS DEUTSCHLAND,0,0.0
08425093,Öpfingen,Erststimmen,BÜNDNIS DEUTSCHLAND,5,0.39745627980922094
08425093,Öpfingen,Zweitstimmen,BÜNDNIS DEUTSCHLAND,0,0.0
08425097,Rammingen,Erststimmen,BÜNDNIS DEUTSCHLAND,3,0.3926701570680628
08425097,Rammingen,Zweitstimmen,BÜNDNIS DEUTSCHLAND,0,0.0
08425098,Rechtenstein,Erststimmen,BÜNDNIS DEUTSCHLAND,0,0.0
08425098,Rechtenstein,Zweitstimmen,BÜNDNIS DEUTSCHLAND,0,0.0
08425104,Rottenacker,Erststimmen,BÜNDNIS DEUTSCHLAND,1,0.08176614881439084
08425104,Rottenacker,Zweitstimmen,BÜNDNIS DEUTSCHLAND,0,0.0
08425108,"Schelklingen, Stadt",Erststimmen,BÜNDNIS DEUTSCHLAND,2,0.05858230814294083
08425108,"Schelklingen, Stadt",Zweitstimmen,BÜNDNIS DEUTSCHLAND,0,0.0
08425112,Setzingen,Erststimmen,BÜNDNIS DEUTSCHLAND,0,0.0
08425112,Setzingen,Zweitstimmen,BÜNDNIS DEUTSCHLAND,0,0.0
08425123,Untermarchtal,Erststimmen,BÜNDNIS DEUTSCHLAND,3,0.9287925696594427
08425123,Untermarchtal,Zweitstimmen,BÜNDNIS DEUTSCHLAND,0,0.0
08425124,Unterstadion,Erststimmen,BÜNDNIS DEUTSCHLAND,0,0.0
08425124,Unterstadion,Zweitstimmen,BÜNDNIS DEUTSCHLAND,0,0.0
08425125,Unterwachingen,Erststimmen,BÜNDNIS DEUTSCHLAND,0,0.0
08425125,Unterwachingen,Zweitstimmen,BÜNDNIS DEUTSCHLAND,0,0.0
08425130,Weidenstetten,Erststimmen,BÜNDNIS DEUTSCHLAND,2,0.2366863905325444
08425130,Weidenstetten,Zweitstimmen,BÜNDNIS DEUTSCHLAND,0,0.0
08425134,Westerheim,Erststimmen,BÜNDNIS DEUTSCHLAND,7,0.37593984962406013
08425134,Westerheim,Zweitstimmen,BÜNDNIS DEUTSCHLAND,0,0.0
08425135,Westerstetten,Erststimmen,BÜNDNIS DEUTSCHLAND,1,0.07541478129713425
08425135,Westerstetten,Zweitstimmen,BÜNDNIS DEUTSCHLAND,0,0.0
08425139,Heroldstatt,Erststimmen,BÜNDNIS DEUTSCHLAND,7,0.40509259259259256
08425139,Heroldstatt,Zweitstimmen,BÜNDNIS DEUTSCHLAND,0,0.0
08121000,"Heilbronn, Universitätsstadt",Erststimmen,Bündnis C,0,0.0
08121000,"Heilbronn, Universitätsstadt",Zweitstimmen,Bündnis C,52,0.11491458752292767
08125030,Flein,Erststimmen,Bündnis C,0,0.0
08125030,Flein,Zweitstimmen,Bündnis C,6,0.14591439688715954
08125058,"Leingarten, Stadt",Erststimmen,Bündnis C,0,0.0
08125058,"Leingarten, Stadt",Zweitstimmen,Bündnis C,9,0.15509219369291743
08125074,Nordheim,Erststimmen,Bündnis C,0,0.0
08125074,Nordheim,Zweitstimmen,Bündnis C,9,0.19806338028169013
08125094,Talheim,Erststimmen,Bündnis C,0,0.0
08125094,Talheim,Zweitstimmen,Bündnis C,10,0.3487966515521451
08126011,Bretzfeld,Erststimmen,Bündnis C,0,0.0
08126011,Bretzfeld,Zweitstimmen,Bündnis C,41,0.6010848849142355
08126020,Dörzbach,Erststimmen,Bündnis C,0,0.0
08126020,Dörzbach,Zweitstimmen,Bündnis C,3,0.2124645892351275
08126028,"Forchtenberg, Stadt",Erststimmen,Bündnis C,0,0.0
08126028,"Forchtenberg, Stadt",Zweitstimmen,Bündnis C,8,0.2872531418312388
08126039,"Ingelfingen, Stadt",Erststimmen,Bündnis C,0,0.0
08126039,"Ingelfingen, Stadt",Zweitstimmen,Bündnis C,9,0.3001000333444481
08126045,"Krautheim, Stadt",Erststimmen,Bündnis C,0,0.0
08126045,"Krautheim, Stadt",Zweitstimmen,Bündnis C,1,0.04106776180698152
08126046,"Künzelsau, Stadt",Erststimmen,Bündnis C,0,0.0
08126046,"Künzelsau, Stadt",Zweitstimmen,Bündnis C,23,0.3244005641748942
08126047,Kupferzell,Erststimmen,Bündnis C,0,0.0
08126047,Kupferzell,Zweitstimmen,Bündnis C,20,0.6000600060006
08126056,Mulfingen,Erststimmen,Bündnis C,0,0.0
08126056,Mulfingen,Zweitstimmen,Bündnis C,10,0.43383947939262474
08126058,"Neuenstein, Stadt",Erststimmen,Bündnis C,0,0.0
08126058,"Neuenstein, Stadt",Zweitstimmen,Bündnis C,11,0.3184713375796179
08126060,"Niedernhall, Stadt",Erststimmen,Bündnis C,0,0.0
08126060,"Niedernhall, Stadt",Zweitstimmen,Bündnis C,7,0.35353535353535354
08126066,"Öhringen, Stadt",Erststimmen,Bündnis C,0,0.0
08126066,"Öhringen, Stadt",Zweitstimmen,Bündnis C,15,0.1304234414398748
08126069,Pfedelbach,Erststimmen,Bündnis C,0,0.0
08126069,Pfedelbach,Zweitstimmen,Bündnis C,14,0.28028028028028024
08126072,Schöntal,Erststimmen,Bündnis C,0,0.0
08126072,Schöntal,Zweitstimmen,Bündnis C,5,0.1435544071202986
08126085,"Waldenburg, Stadt",Erststimmen,Bündnis C,0,0.0
08126085,"Waldenburg, Stadt",Zweitstimmen,Bündnis C,4,0.24813895781637718
08126086,Weißbach,Erststimmen,Bündnis C,0,0.0
08126086,Weißbach,Zweitstimmen,Bündnis C,3,0.3575685339690107
08126094,Zweiflingen,Erststimmen,Bündnis C,0,0.0
08126094,Zweiflingen,Zweitstimmen,Bündnis C,3,0.28355387523629494
08127008,Blaufelden,Erststimmen,Bündnis C,0,0.0
08127008,Blaufelden,Zweitstimmen,Bündnis C,21,0.7636363636363637
08127009,Braunsbach,Erststimmen,Bündnis C,0,0.0
08127009,Braunsbach,Zweitstimmen,Bündnis C,5,0.3304692663582287
08127012,Bühlertann,Erststimmen,Bündnis C,6,0.3599280143971206
08127012,Bühlertann,Zweitstimmen,Bündnis C,8,0.4807692307692308
08127013,Bühlerzell,Erststimmen,Bündnis C,1,0.07662835249042146
08127013,Bühlerzell,Zweitstimmen,Bündnis C,2,0.15278838808250572
08127014,"Crailsheim, Stadt",Erststimmen,Bündnis C,49,0.3803461926569898
08127014,"Crailsheim, Stadt",Zweitstimmen,Bündnis C,34,0.2632801610655103
08127023,Fichtenberg,Erststimmen,Bündnis C,9,0.5555555555555556
08127023,Fichtenberg,Zweitstimmen,Bündnis C,9,0.5548705302096177
08127025,"Gaildorf, Stadt",Erststimmen,Bündnis C,23,0.4448742746615087
08127025,"Gaildorf, Stadt",Zweitstimmen,Bündnis C,24,0.4631416441528367
08127032,"Gerabronn, Stadt",Erststimmen,Bündnis C,0,0.0
08127032,"Gerabronn, Stadt",Zweitstimmen,Bündnis C,5,0.24271844660194172
08127043,"Ilshofen, Stadt",Erststimmen,Bündnis C,17,0.5053507728894174
08127043,"Ilshofen, Stadt",Zweitstimmen,Bündnis C,16,0.47463660634826466
08127046,"Kirchberg an der Jagst, Stadt",Erststimmen,Bündnis C,25,1.1633317822242903
08127046,"Kirchberg an der Jagst, Stadt",Zweitstimmen,Bündnis C,19,0.880853036624942
08127047,"Langenburg, Stadt",Erststimmen,Bündnis C,0,0.0
08127047,"Langenburg, Stadt",Zweitstimmen,Bündnis C,3,0.29732408325074333
08127052,Mainhardt,Erststimmen,Bündnis C,24,0.7439553626782394
08127052,Mainhardt,Zweitstimmen,Bündnis C,15,0.4648280136349551
08127056,Michelbach an der Bilz,Erststimmen,Bündnis C,11,0.5483549351944167
08127056,Michelbach an der Bilz,Zweitstimmen,Bündnis C,8,0.3976143141153081
08127059,Michelfeld,Erststimmen,Bündnis C,14,0.6499535747446611
08127059,Michelfeld,Zweitstimmen,Bündnis C,11,0.5102040816326531
08127062,Oberrot,Erststimmen,Bündnis C,5,0.2801120448179272
08127062,Oberrot,Zweitstimmen,Bündnis C,5,0.27901785714285715
08127063,Obersontheim,Erststimmen,Bündnis C,13,0.47427946005107624
08127063,Obersontheim,Zweitstimmen,Bündnis C,8,0.29143897996357016
08127071,Rot am See,Erststimmen,Bündnis C,22,0.7427413909520594
08127071,Rot am See,Zweitstimmen,Bündnis C,17,0.5739365293720459
08127073,Satteldorf,Erststimmen,Bündnis C,8,0.2805049088359046
08127073,Satteldorf,Zweitstimmen,Bündnis C,8,0.27932960893854747
08127075,"Schrozberg, Stadt",Erststimmen,Bündnis C,0,0.0
08127075,"Schrozberg, Stadt",Zweitstimmen,Bündnis C,10,0.34855350296270476
08127076,"Schwäbisch Hall, Stadt",Erststimmen,Bündnis C,181,0.8961283295375779
08127076,"Schwäbisch Hall, Stadt",Zweitstimmen,Bündnis C,124,0.6127693220003954
08127079,Sulzbach-Laufen,Erststimmen,Bündnis C,1,0.07158196134574087
08127079,Sulzbach-Laufen,Zweitstimmen,Bündnis C,0,0.0
08127086,Untermünkheim,Erststimmen,Bündnis C,0,0.0
08127086,Untermünkheim,Zweitstimmen,Bündnis C,23,1.2623490669593853
08127089,"Vellberg, Stadt",Erststimmen,Bündnis C,19,0.7404520654715511
08127089,"Vellberg, Stadt",Zweitstimmen,Bündnis C,13,0.5066250974279034
08127091,Wallhausen,Erststimmen,Bündnis C,7,0.37433155080213903
08127091,Wallhausen,Zweitstimmen,Bündnis C,8,0.4266666666666667
08127099,Wolpertshausen,Erststimmen,Bündnis C,9,0.7389162561576355
08127099,Wolpertshausen,Zweitstimmen,Bündnis C,9,0.7371007371007371
08127100,Rosengarten,Erststimmen,Bündnis C,22,0.7601935038009675
08127100,Rosengarten,Zweitstimmen,Bündnis C,21,0.7226428079834825
08127101,Kreßberg,Erststimmen,Bündnis C,6,0.2862595419847328
08127101,Kreßberg,Zweitstimmen,Bündnis C,5,0.23832221163012393
08127102,Fichtenau,Erststimmen,Bündnis C,19,0.8429458740017746
08127102,Fichtenau,Zweitstimmen,Bündnis C,3,0.13321492007104796
08127103,Frankenhardt,Erststimmen,Bündnis C,19,0.67712045616536
08127103,Frankenhardt,Zweitstimmen,Bündnis C,20,0.7112375533428165
08127104,Stimpfach,Erststimmen,Bündnis C,4,0.23909145248057379
08127104,Stimpfach,Zweitstimmen,Bündnis C,4,0.23937761819269898
08128006,Assamstadt,Erststimmen,Bündnis C,0,0.0
08128006,Assamstadt,Zweitstimmen,Bündnis C,0,0.0
08128007,"Bad Mergentheim, Stadt",Erststimmen,Bündnis C,0,0.0
08128007,"Bad Mergentheim, Stadt",Zweitstimmen,Bündnis C,15,0.13327410039982232
08128014,"Boxberg, Stadt",Erststimmen,Bündnis C,0,0.0
08128014,"Boxberg, Stadt",Zweitstimmen,Bündnis C,13,0.33995815899581594
08128020,"Creglingen, Stadt",Erststimmen,Bündnis C,0,0.0
08128020,"Creglingen, Stadt",Zweitstimmen,Bündnis C,2,0.0746268656716418
08128039,"Freudenberg, Stadt",Erststimmen,Bündnis C,0,0.0
08128039,"Freudenberg, Stadt",Zweitstimmen,Bündnis C,2,0.10582010582010583
08128045,Großrinderfeld,Erststimmen,Bündnis C,0,0.0
08128045,Großrinderfeld,Zweitstimmen,Bündnis C,1,0.04221190375685943
08128047,"Grünsfeld, Stadt",Erststimmen,Bündnis C,0,0.0
08128047,"Grünsfeld, Stadt",Zweitstimmen,Bündnis C,1,0.04631773969430292
08128058,Igersheim,Erststimmen,Bündnis C,0,0.0
08128058,Igersheim,Zweitstimmen,Bündnis C,9,0.292873413602343
08128061,Königheim,Erststimmen,Bündnis C,0,0.0
08128061,Königheim,Zweitstimmen,Bündnis C,0,0.0
08128064,"Külsheim, Stadt",Erststimmen,Bündnis C,0,0.0
08128064,"Külsheim, Stadt",Zweitstimmen,Bündnis C,1,0.032701111837802485
08128082,"Niederstetten, Stadt",Erststimmen,Bündnis C,0,0.0
08128082,"Niederstetten, Stadt",Zweitstimmen,Bündnis C,2,0.06629101756711965
08128115,"Tauberbischofsheim, Stadt",Erststimmen,Bündnis C,0,0.0
08128115,"Tauberbischofsheim, Stadt",Zweitstimmen,Bündnis C,8,0.1182033096926714
08128126,"Weikersheim, Stadt",Erststimmen,Bündnis C,0,0.0
08128126,"Weikersheim, Stadt",Zweitstimmen,Bündnis C,9,0.2012072434607646
08128128,Werbach,Erststimmen,Bündnis C,0,0.0
08128128,Werbach,Zweitstimmen,Bündnis C,3,0.15479876160990713
08128131,"Wertheim, Stadt",Erststimmen,Bündnis C,0,0.0
08128131,"Wertheim, Stadt",Zweitstimmen,Bündnis C,15,0.14068655036578503
08128137,Wittighausen,Erststimmen,Bündnis C,0,0.0
08128137,Wittighausen,Zweitstimmen,Bündnis C,1,0.09910802775024777
08128138,Ahorn,Erststimmen,Bündnis C,0,0.0
08128138,Ahorn,Zweitstimmen,Bündnis C,0,0.0
08128139,"Lauda-Königshofen, Stadt",Erststimmen,Bündnis C,0,0.0
08128139,"Lauda-Königshofen, Stadt",Zweitstimmen,Bündnis C,3,0.04059539918809201
08135010,Dischingen,Erststimmen,Bündnis C,0,0.0
08135010,Dischingen,Zweitstimmen,Bündnis C,4,0.16135538523598225
08135015,Gerstetten,Erststimmen,Bündnis C,0,0.0
08135015,Gerstetten,Zweitstimmen,Bündnis C,20,0.31675641431738993
08135016,"Giengen an der Brenz, Stadt",Erststimmen,Bündnis C,0,0.0
08135016,"Giengen an der Brenz, Stadt",Zweitstimmen,Bündnis C,8,0.10346611484738748
08135019,"Heidenheim an der Brenz, Stadt",Erststimmen,Bündnis C,0,0.0
08135019,"Heidenheim an der Brenz, Stadt",Zweitstimmen,Bündnis C,31,0.16554523122930687
08135020,"Herbrechtingen, Stadt",Erststimmen,Bündnis C,0,0.0
08135020,"Herbrechtingen, Stadt",Zweitstimmen,Bündnis C,10,0.15391719255040787
08135021,Hermaringen,Erststimmen,Bündnis C,0,0.0
08135021,Hermaringen,Zweitstimmen,Bündnis C,2,0.15467904098994587
08135025,Königsbronn,Erststimmen,Bündnis C,0,0.0
08135025,Königsbronn,Zweitstimmen,Bündnis C,4,0.10509721492380451
08135026,Nattheim,Erststimmen,Bündnis C,0,0.0
08135026,Nattheim,Zweitstimmen,Bündnis C,7,0.18827326519634213
08135027,"Niederstotzingen, Stadt",Erststimmen,Bündnis C,0,0.0
08135027,"Niederstotzingen, Stadt",Zweitstimmen,Bündnis C,2,0.07864726700747149
08135031,Sontheim an der Brenz,Erststimmen,Bündnis C,0,0.0
08135031,Sontheim an der Brenz,Zweitstimmen,Bündnis C,16,0.5097164702134438
08135032,Steinheim am Albuch,Erststimmen,Bündnis C,0,0.0
08135032,Steinheim am Albuch,Zweitstimmen,Bündnis C,20,0.4317789291882556
08216002,Au am Rhein,Erststimmen,Bündnis C,0,0.0
08216002,Au am Rhein,Zweitstimmen,Bündnis C,0,0.0
08216005,Bietigheim,Erststimmen,Bündnis C,0,0.0
08216005,Bietigheim,Zweitstimmen,Bündnis C,3,0.08789920890711983
08216006,Bischweier,Erststimmen,Bündnis C,0,0.0
08216006,Bischweier,Zweitstimmen,Bündnis C,0,0.0
08216009,Durmersheim,Erststimmen,Bündnis C,0,0.0
08216009,Durmersheim,Zweitstimmen,Bündnis C,3,0.050864699898270596
08216012,Elchesheim-Illingen,Erststimmen,Bündnis C,0,0.0
08216012,Elchesheim-Illingen,Zweitstimmen,Bündnis C,0,0.0
08216013,Forbach,Erststimmen,Bündnis C,0,0.0
08216013,Forbach,Zweitstimmen,Bündnis C,2,0.08329862557267806
08216015,"Gaggenau, Stadt",Erststimmen,Bündnis C,0,0.0
08216015,"Gaggenau, Stadt",Zweitstimmen,Bündnis C,10,0.07156147130385
08216017,"Gernsbach, Stadt",Erststimmen,Bündnis C,0,0.0
08216017,"Gernsbach, Stadt",Zweitstimmen,Bündnis C,4,0.057200057200057206
08216023,Iffezheim,Erststimmen,Bündnis C,0,0.0
08216023,Iffezheim,Zweitstimmen,Bündnis C,2,0.07535795026375283
08216024,"Kuppenheim, Stadt",Erststimmen,Bündnis C,0,0.0
08216024,"Kuppenheim, Stadt",Zweitstimmen,Bündnis C,6,0.1402524544179523
08216029,Loffenau,Erststimmen,Bündnis C,0,0.0
08216029,Loffenau,Zweitstimmen,Bündnis C,1,0.07513148009015778
08216033,Muggensturm,Erststimmen,Bündnis C,0,0.0
08216033,Muggensturm,Zweitstimmen,Bündnis C,3,0.09253547193090685
08216039,Ötigheim,Erststimmen,Bündnis C,0,0.0
08216039,Ötigheim,Zweitstimmen,Bündnis C,1,0.035855145213338116
08216043,"Rastatt, Stadt",Erststimmen,Bündnis C,0,0.0
08216043,"Rastatt, Stadt",Zweitstimmen,Bündnis C,8,0.04382841176792856
08216052,Steinmauern,Erststimmen,Bündnis C,0,0.0
08216052,Steinmauern,Zweitstimmen,Bündnis C,5,0.3026634382566586
08216059,Weisenbach,Erststimmen,Bündnis C,0,0.0
08216059,Weisenbach,Zweitstimmen,Bündnis C,0,0.0
08231000,"Pforzheim, Stadt",Erststimmen,Bündnis C,0,0.0
08231000,"Pforzheim, Stadt",Zweitstimmen,Bündnis C,98,0.24152803450400492
08235006,"Altensteig, Stadt",Erststimmen,Bündnis C,225,4.622971029381549
08235006,"Altensteig, Stadt",Zweitstimmen,Bündnis C,176,3.606557377049181
08235007,Althengstett,Erststimmen,Bündnis C,54,1.1842105263157896
08235007,Althengstett,Zweitstimmen,Bündnis C,27,0.5891337551821951
08235008,"Bad Liebenzell, Stadt",Erststimmen,Bündnis C,129,2.684703433922997
08235008,"Bad Liebenzell, Stadt",Zweitstimmen,Bündnis C,87,1.7978921264724117
08235018,Dobel,Erststimmen,Bündnis C,10,0.8368200836820083
08235018,Dobel,Zweitstimmen,Bündnis C,4,0.333889816360601
08235020,Ebhausen,Erststimmen,Bündnis C,59,2.461410095953275
08235020,Ebhausen,Zweitstimmen,Bündnis C,42,1.740571902196436
08235022,Egenhausen,Erststimmen,Bündnis C,56,4.753820033955857
08235022,Egenhausen,Zweitstimmen,Bündnis C,44,3.7383177570093453
08235025,Enzklösterle,Erststimmen,Bündnis C,6,0.846262341325811
08235025,Enzklösterle,Zweitstimmen,Bündnis C,2,0.27972027972027974
08235029,Gechingen,Erststimmen,Bündnis C,11,0.5220692928334125
08235029,Gechingen,Zweitstimmen,Bündnis C,4,0.18867924528301888
08235032,"Haiterbach, Stadt",Erststimmen,Bündnis C,87,3.1636363636363636
08235032,"Haiterbach, Stadt",Zweitstimmen,Bündnis C,66,2.3904382470119523
08235033,"Bad Herrenalb, Stadt",Erststimmen,Bündnis C,20,0.5360493165371214
08235033,"Bad Herrenalb, Stadt",Zweitstimmen,Bündnis C,9,0.2396804260985353
08235035,Höfen an der Enz,Erststimmen,Bündnis C,9,1.1306532663316584
08235035,Höfen an der Enz,Zweitstimmen,Bündnis C,3,0.37641154328732745
08235046,"Nagold, Stadt",Erststimmen,Bündnis C,113,1.067548417572036
08235046,"Nagold, Stadt",Zweitstimmen,Bündnis C,58,0.5464995759917083
08235047,"Neubulach, Stadt",Erststimmen,Bündnis C,83,2.525098874353514
08235047,"Neubulach, Stadt",Zweitstimmen,Bündnis C,63,1.9056261343012704
08235050,Neuweiler,Erststimmen,Bündnis C,54,2.843601895734597
08235050,Neuweiler,Zweitstimmen,Bündnis C,29,1.523109243697479
08235055,Oberreichenbach,Erststimmen,Bündnis C,38,2.054054054054054
08235055,Oberreichenbach,Zweitstimmen,Bündnis C,36,1.9271948608137044
08235057,Ostelsheim,Erststimmen,Bündnis C,12,0.8391608391608392
08235057,Ostelsheim,Zweitstimmen,Bündnis C,5,0.34818941504178275
08235060,Rohrdorf,Erststimmen,Bündnis C,19,2.1689497716894977
08235060,Rohrdorf,Zweitstimmen,Bündnis C,14,1.5891032917139614
08235065,Schömberg,Erststimmen,Bündnis C,62,1.6958424507658645
08235065,Schömberg,Zweitstimmen,Bündnis C,41,1.1108100785694934
08235066,Simmersfeld,Erststimmen,Bündnis C,24,1.8853102906520032
08235066,Simmersfeld,Zweitstimmen,Bündnis C,18,1.4139827179890023
08235067,Simmozheim,Erststimmen,Bündnis C,17,1.0625
08235067,Simmozheim,Zweitstimmen,Bündnis C,5,0.3099814011159331
08235073,Unterreichenbach,Erststimmen,Bündnis C,10,0.881057268722467
08235073,Unterreichenbach,Zweitstimmen,Bündnis C,7,0.6145741878841089
08235079,"Bad Wildbad, Stadt",Erststimmen,Bündnis C,42,0.9845288326300985
08235079,"Bad Wildbad, Stadt",Zweitstimmen,Bündnis C,19,0.44196324726680625
08235080,"Wildberg, Stadt",Erststimmen,Bündnis C,72,1.2944983818770228
08235080,"Wildberg, Stadt",Zweitstimmen,Bündnis C,41,0.73450376209244
08235084,"Bad Teinach-Zavelstein, Stadt",Erststimmen,Bündnis C,35,1.9875070982396368
08235084,"Bad Teinach-Zavelstein, Stadt",Zweitstimmen,Bündnis C,25,1.414827391058291
08235085,"Calw, Stadt",Erststimmen,Bündnis C,118,1.1194383834550803
08235085,"Calw, Stadt",Zweitstimmen,Bündnis C,71,0.6691169541042314
08236004,Birkenfeld,Erststimmen,Bündnis C,0,0.0
08236004,Birkenfeld,Zweitstimmen,Bündnis C,34,0.6708760852407262
08236011,Eisingen,Erststimmen,Bündnis C,0,0.0
08236011,Eisingen,Zweitstimmen,Bündnis C,11,0.46669495120916415
08236013,Engelsbrand,Erststimmen,Bündnis C,0,0.0
08236013,Engelsbrand,Zweitstimmen,Bündnis C,13,0.5319148936170213
08236019,Friolzheim,Erststimmen,Bündnis C,0,0.0
08236019,Friolzheim,Zweitstimmen,Bündnis C,5,0.2376425855513308
08236025,"Heimsheim, Stadt",Erststimmen,Bündnis C,0,0.0
08236025,"Heimsheim, Stadt",Zweitstimmen,Bündnis C,5,0.18796992481203006
08236028,Illingen,Erststimmen,Bündnis C,0,0.0
08236028,Illingen,Zweitstimmen,Bündnis C,9,0.22511255627813906
08236030,Ispringen,Erststimmen,Bündnis C,0,0.0
08236030,Ispringen,Zweitstimmen,Bündnis C,9,0.3205128205128205
08236031,Kieselbronn,Erststimmen,Bündnis C,0,0.0
08236031,Kieselbronn,Zweitstimmen,Bündnis C,3,0.18656716417910446
08236033,"Knittlingen, Stadt",Erststimmen,Bündnis C,0,0.0
08236033,"Knittlingen, Stadt",Zweitstimmen,Bündnis C,21,0.5283018867924528
08236038,"Maulbronn, Stadt",Erststimmen,Bündnis C,0,0.0
08236038,"Maulbronn, Stadt",Zweitstimmen,Bündnis C,5,0.15276504735716467
08236039,Mönsheim,Erststimmen,Bündnis C,0,0.0
08236039,Mönsheim,Zweitstimmen,Bündnis C,6,0.37974683544303794
08236040,"Mühlacker, Stadt",Erststimmen,Bündnis C,0,0.0
08236040,"Mühlacker, Stadt",Zweitstimmen,Bündnis C,19,0.17649790989317232
08236043,"Neuenbürg, Stadt",Erststimmen,Bündnis C,0,0.0
08236043,"Neuenbürg, Stadt",Zweitstimmen,Bündnis C,16,0.43360433604336046
08236044,Neuhausen,Erststimmen,Bündnis C,0,0.0
08236044,Neuhausen,Zweitstimmen,Bündnis C,6,0.19672131147540983
08236046,Niefern-Öschelbronn,Erststimmen,Bündnis C,0,0.0
08236046,Niefern-Öschelbronn,Zweitstimmen,Bündnis C,22,0.3936303453211666
08236050,Ötisheim,Erststimmen,Bündnis C,0,0.0
08236050,Ötisheim,Zweitstimmen,Bündnis C,9,0.3539127015336217
08236061,Sternenfels,Erststimmen,Bündnis C,0,0.0
08236061,Sternenfels,Zweitstimmen,Bündnis C,2,0.12853470437017994
08236062,Tiefenbronn,Erststimmen,Bündnis C,0,0.0
08236062,Tiefenbronn,Zweitstimmen,Bündnis C,4,0.12433944668946223
08236065,Wiernsheim,Erststimmen,Bündnis C,0,0.0
08236065,Wiernsheim,Zweitstimmen,Bündnis C,7,0.18219677251431546
08236067,Wimsheim,Erststimmen,Bündnis C,0,0.0
08236067,Wimsheim,Zweitstimmen,Bündnis C,4,0.2457002457002457
08236068,Wurmberg,Erststimmen,Bündnis C,0,0.0
08236068,Wurmberg,Zweitstimmen,Bündnis C,21,1.2883435582822087
08236070,Keltern,Erststimmen,Bündnis C,0,0.0
08236070,Keltern,Zweitstimmen,Bündnis C,35,0.6661591168633422
08236071,Remchingen,Erststimmen,Bündnis C,0,0.0
08236071,Remchingen,Zweitstimmen,Bündnis C,95,1.4658231754358895
08236072,Straubenhardt,Erststimmen,Bündnis C,0,0.0
08236072,Straubenhardt,Zweitstimmen,Bündnis C,22,0.35824784237094937
08236073,Neulingen,Erststimmen,Bündnis C,0,0.0
08236073,Neulingen,Zweitstimmen,Bündnis C,12,0.3246753246753247
08236074,Kämpfelbach,Erststimmen,Bündnis C,0,0.0
08236074,Kämpfelbach,Zweitstimmen,Bündnis C,7,0.19504040122596825
08236075,Ölbronn-Dürrn,Erststimmen,Bündnis C,0,0.0
08236075,Ölbronn-Dürrn,Zweitstimmen,Bündnis C,5,0.25510204081632654
08236076,Königsbach-Stein,Erststimmen,Bündnis C,0,0.0
08236076,Königsbach-Stein,Zweitstimmen,Bündnis C,29,0.5199928276851353
08237002,"Alpirsbach, Stadt",Erststimmen,Bündnis C,51,1.6488845780795343
08237002,"Alpirsbach, Stadt",Zweitstimmen,Bündnis C,36,1.160167579761521
08237004,Baiersbronn,Erststimmen,Bündnis C,73,0.987955068344837
08237004,Baiersbronn,Zweitstimmen,Bündnis C,49,0.6611793280259074
08237019,"Dornstetten, Stadt",Erststimmen,Bündnis C,69,1.7091899925687393
08237019,"Dornstetten, Stadt",Zweitstimmen,Bündnis C,58,1.431745248086892
08237024,Empfingen,Erststimmen,Bündnis C,11,0.4977375565610859
08237024,Empfingen,Zweitstimmen,Bündnis C,5,0.22492127755285649
08237027,Eutingen im Gäu,Erststimmen,Bündnis C,17,0.5056513979773943
08237027,Eutingen im Gäu,Zweitstimmen,Bündnis C,13,0.3864447086801427
08237028,"Freudenstadt, Stadt",Erststimmen,Bündnis C,123,1.1419552502088943
08237028,"Freudenstadt, Stadt",Zweitstimmen,Bündnis C,92,0.8520885431138279
08237030,Glatten,Erststimmen,Bündnis C,28,1.9801980198019802
08237030,Glatten,Zweitstimmen,Bündnis C,16,1.1283497884344147
08237032,Grömbach,Erststimmen,Bündnis C,5,1.8726591760299627
08237032,Grömbach,Zweitstimmen,Bündnis C,1,0.37735849056603776
08237040,"Horb am Neckar, Stadt",Erststimmen,Bündnis C,99,0.7940964145343707
08237040,"Horb am Neckar, Stadt",Zweitstimmen,Bündnis C,53,0.4235933503836317
08237045,Loßburg,Erststimmen,Bündnis C,85,1.899441340782123
08237045,Loßburg,Zweitstimmen,Bündnis C,68,1.5185350602947745
08237054,Pfalzgrafenweiler,Erststimmen,Bündnis C,151,4.135853190906601
08237054,Pfalzgrafenweiler,Zweitstimmen,Bündnis C,133,3.6338797814207653
08237061,Schopfloch,Erststimmen,Bündnis C,60,3.8510911424903727
08237061,Schopfloch,Zweitstimmen,Bündnis C,43,2.754644458680333
08237072,Wörnersberg,Erststimmen,Bündnis C,5,5.555555555555555
08237072,Wörnersberg,Zweitstimmen,Bündnis C,5,5.555555555555555
08237073,Seewald,Erststimmen,Bündnis C,14,1.1894647408666101
08237073,Seewald,Zweitstimmen,Bündnis C,12,1.015228426395939
08237074,Waldachtal,Erststimmen,Bündnis C,52,1.6244923461418308
08237074,Waldachtal,Zweitstimmen,Bündnis C,38,1.1808576755748912
08237075,Bad Rippoldsau-Schapbach,Erststimmen,Bündnis C,9,0.7252215954875101
08237075,Bad Rippoldsau-Schapbach,Zweitstimmen,Bündnis C,4,0.32025620496397117
08316002,Bahlingen am Kaiserstuhl,Erststimmen,Bündnis C,0,0.0
08316002,Bahlingen am Kaiserstuhl,Zweitstimmen,Bündnis C,12,0.46278441959120714
08316003,Biederbach,Erststimmen,Bündnis C,0,0.0
08316003,Biederbach,Zweitstimmen,Bündnis C,0,0.0
08316009,Denzlingen,Erststimmen,Bündnis C,0,0.0
08316009,Denzlingen,Zweitstimmen,Bündnis C,7,0.0950957750305665
08316010,"Elzach, Stadt",Erststimmen,Bündnis C,0,0.0
08316010,"Elzach, Stadt",Zweitstimmen,Bündnis C,5,0.11644154634373545
08316011,"Emmendingen, Stadt",Erststimmen,Bündnis C,0,0.0
08316011,"Emmendingen, Stadt",Zweitstimmen,Bündnis C,33,0.234375
08316012,"Endingen am Kaiserstuhl, Stadt",Erststimmen,Bündnis C,0,0.0
08316012,"Endingen am Kaiserstuhl, Stadt",Zweitstimmen,Bündnis C,6,0.10416666666666667
08316013,Forchheim,Erststimmen,Bündnis C,0,0.0
08316013,Forchheim,Zweitstimmen,Bündnis C,0,0.0
08316014,Gutach im Breisgau,Erststimmen,Bündnis C,0,0.0
08316014,Gutach im Breisgau,Zweitstimmen,Bündnis C,2,0.07590132827324478
08316017,"Herbolzheim, Stadt",Erststimmen,Bündnis C,0,0.0
08316017,"Herbolzheim, Stadt",Zweitstimmen,Bündnis C,12,0.2274881516587678
08316020,"Kenzingen, Stadt",Erststimmen,Bündnis C,0,0.0
08316020,"Kenzingen, Stadt",Zweitstimmen,Bündnis C,7,0.12551551013089476
08316024,Malterdingen,Erststimmen,Bündnis C,0,0.0
08316024,Malterdingen,Zweitstimmen,Bündnis C,5,0.2627430373095113
08316036,Reute,Erststimmen,Bündnis C,0,0.0
08316036,Reute,Zweitstimmen,Bündnis C,3,0.1724137931034483
08316037,Riegel am Kaiserstuhl,Erststimmen,Bündnis C,0,0.0
08316037,Riegel am Kaiserstuhl,Zweitstimmen,Bündnis C,2,0.09900990099009901
08316038,Sasbach am Kaiserstuhl,Erststimmen,Bündnis C,0,0.0
08316038,Sasbach am Kaiserstuhl,Zweitstimmen,Bündnis C,1,0.04868549172346641
08316039,Sexau,Erststimmen,Bündnis C,0,0.0
08316039,Sexau,Zweitstimmen,Bündnis C,3,0.14218009478672985
08316042,Simonswald,Erststimmen,Bündnis C,0,0.0
08316042,Simonswald,Zweitstimmen,Bündnis C,3,0.16930022573363432
08316043,Teningen,Erststimmen,Bündnis C,0,0.0
08316043,Teningen,Zweitstimmen,Bündnis C,13,0.20236612702366125
08316045,Vörstetten,Erststimmen,Bündnis C,0,0.0
08316045,Vörstetten,Zweitstimmen,Bündnis C,1,0.05279831045406547
08316049,Weisweil,Erststimmen,Bündnis C,0,0.0
08316049,Weisweil,Zweitstimmen,Bündnis C,2,0.16
08316051,Wyhl am Kaiserstuhl,Erststimmen,Bündnis C,0,0.0
08316051,Wyhl am Kaiserstuhl,Zweitstimmen,Bündnis C,7,0.33816425120772947
08316053,Rheinhausen im Breisgau,Erststimmen,Bündnis C,0,0.0
08316053,Rheinhausen im Breisgau,Zweitstimmen,Bündnis C,4,0.17605633802816903
08316054,Freiamt,Erststimmen,Bündnis C,0,0.0
08316054,Freiamt,Zweitstimmen,Bündnis C,3,0.11947431302270012
08316055,Winden im Elztal,Erststimmen,Bündnis C,0,0.0
08316055,Winden im Elztal,Zweitstimmen,Bündnis C,1,0.06119951040391676
08316056,"Waldkirch, Stadt",Erststimmen,Bündnis C,0,0.0
08316056,"Waldkirch, Stadt",Zweitstimmen,Bündnis C,6,0.053163211057947905
08325001,Aichhalden,Erststimmen,Bündnis C,20,0.7846214201647704
08325001,Aichhalden,Zweitstimmen,Bündnis C,17,0.6669282071400549
08325009,Bösingen,Erststimmen,Bündnis C,11,0.5329457364341085
08325009,Bösingen,Zweitstimmen,Bündnis C,4,0.1935171746492501
08325011,Dietingen,Erststimmen,Bündnis C,5,0.20981955518254303
08325011,Dietingen,Zweitstimmen,Bündnis C,2,0.08396305625524769
08325012,"Dornhan, Stadt",Erststimmen,Bündnis C,54,1.506276150627615
08325012,"Dornhan, Stadt",Zweitstimmen,Bündnis C,46,1.282408698076387
08325014,Dunningen,Erststimmen,Bündnis C,10,0.2691065662002153
08325014,Dunningen,Zweitstimmen,Bündnis C,12,0.32275416890801506
08325015,Epfendorf,Erststimmen,Bündnis C,8,0.44272274488101826
08325015,Epfendorf,Zweitstimmen,Bündnis C,5,0.2767017155506364
08325024,Hardt,Erststimmen,Bündnis C,1,0.05991611743559017
08325024,Hardt,Zweitstimmen,Bündnis C,3,0.18007202881152462
08325036,Lauterbach,Erststimmen,Bündnis C,4,0.2691790040376851
08325036,Lauterbach,Zweitstimmen,Bündnis C,3,0.20134228187919465
08325045,"Oberndorf am Neckar, Stadt",Erststimmen,Bündnis C,33,0.5151420543240711
08325045,"Oberndorf am Neckar, Stadt",Zweitstimmen,Bündnis C,18,0.280986575085857
08325049,"Rottweil, Stadt",Erststimmen,Bündnis C,31,0.25762486495470793
08325049,"Rottweil, Stadt",Zweitstimmen,Bündnis C,10,0.08300821781356355
08325050,Schenkenzell,Erststimmen,Bündnis C,9,0.8712487899322363
08325050,Schenkenzell,Zweitstimmen,Bündnis C,9,0.8670520231213872
08325051,"Schiltach, Stadt",Erststimmen,Bündnis C,8,0.39643211100099107
08325051,"Schiltach, Stadt",Zweitstimmen,Bündnis C,11,0.5434782608695652
08325053,"Schramberg, Stadt",Erststimmen,Bündnis C,38,0.40481516991584104
08325053,"Schramberg, Stadt",Zweitstimmen,Bündnis C,29,0.3081500371905217
08325057,"Sulz am Neckar, Stadt",Erststimmen,Bündnis C,36,0.5835629761711785
08325057,"Sulz am Neckar, Stadt",Zweitstimmen,Bündnis C,24,0.3882866850024268
08325060,Villingendorf,Erststimmen,Bündnis C,16,0.8421052631578947
08325060,Villingendorf,Zweitstimmen,Bündnis C,11,0.5780346820809248
08325061,Vöhringen,Erststimmen,Bündnis C,6,0.2557544757033248
08325061,Vöhringen,Zweitstimmen,Bündnis C,5,0.21231422505307856
08325064,Wellendingen,Erststimmen,Bündnis C,3,0.18115942028985507
08325064,Wellendingen,Zweitstimmen,Bündnis C,2,0.12048192771084339
08325069,Zimmern ob Rottweil,Erststimmen,Bündnis C,7,0.20920502092050208
08325069,Zimmern ob Rottweil,Zweitstimmen,Bündnis C,4,0.1195814648729447
08325070,Fluorn-Winzeln,Erststimmen,Bündnis C,15,0.8393956351426972
08325070,Fluorn-Winzeln,Zweitstimmen,Bündnis C,12,0.6696428571428571
08325071,Eschbronn,Erststimmen,Bündnis C,17,1.3291634089132134
08325071,Eschbronn,Zweitstimmen,Bündnis C,11,0.8613938919342208
08325072,Deißlingen,Erststimmen,Bündnis C,12,0.3729024238657551
08325072,Deißlingen,Zweitstimmen,Bündnis C,4,0.12387736141220192
08326003,"Bad Dürrheim, Stadt",Erststimmen,Bündnis C,0,0.0
08326003,"Bad Dürrheim, Stadt",Zweitstimmen,Bündnis C,38,0.5581668625146886
08326005,"Blumberg, Stadt",Erststimmen,Bündnis C,0,0.0
08326005,"Blumberg, Stadt",Zweitstimmen,Bündnis C,13,0.29592533576143865
08326006,"Bräunlingen, Stadt",Erststimmen,Bündnis C,0,0.0
08326006,"Bräunlingen, Stadt",Zweitstimmen,Bündnis C,3,0.09514747859181732
08326010,Dauchingen,Erststimmen,Bündnis C,0,0.0
08326010,Dauchingen,Zweitstimmen,Bündnis C,5,0.23832221163012393
08326012,"Donaueschingen, Stadt",Erststimmen,Bündnis C,0,0.0
08326012,"Donaueschingen, Stadt",Zweitstimmen,Bündnis C,27,0.25623991648476796
08326017,"Furtwangen im Schwarzwald, Stadt",Erststimmen,Bündnis C,0,0.0
08326017,"Furtwangen im Schwarzwald, Stadt",Zweitstimmen,Bündnis C,6,0.15030060120240482
08326020,Gütenbach,Erststimmen,Bündnis C,0,0.0
08326020,Gütenbach,Zweitstimmen,Bündnis C,0,0.0
08326027,"Hüfingen, Stadt",Erststimmen,Bündnis C,0,0.0
08326027,"Hüfingen, Stadt",Zweitstimmen,Bündnis C,9,0.22779043280182232
08326031,Königsfeld im Schwarzwald,Erststimmen,Bündnis C,0,0.0
08326031,Königsfeld im Schwarzwald,Zweitstimmen,Bündnis C,14,0.39660056657223797
08326037,Mönchweiler,Erststimmen,Bündnis C,0,0.0
08326037,Mönchweiler,Zweitstimmen,Bündnis C,13,0.7840772014475271
08326041,Niedereschach,Erststimmen,Bündnis C,0,0.0
08326041,Niedereschach,Zweitstimmen,Bündnis C,10,0.30039050765995795
08326052,"St. Georgen im Schwarzwald, Stadt",Erststimmen,Bündnis C,0,0.0
08326052,"St. Georgen im Schwarzwald, Stadt",Zweitstimmen,Bündnis C,59,0.9563948776138759
08326054,Schönwald im Schwarzwald,Erststimmen,Bündnis C,0,0.0
08326054,Schönwald im Schwarzwald,Zweitstimmen,Bündnis C,5,0.37678975131876413
08326055,Schonach im Schwarzwald,Erststimmen,Bündnis C,0,0.0
08326055,Schonach im Schwarzwald,Zweitstimmen,Bündnis C,8,0.37968675842429994
08326060,"Triberg im Schwarzwald, Stadt",Erststimmen,Bündnis C,0,0.0
08326060,"Triberg im Schwarzwald, Stadt",Zweitstimmen,Bündnis C,2,0.11173184357541899
08326061,Tuningen,Erststimmen,Bündnis C,0,0.0
08326061,Tuningen,Zweitstimmen,Bündnis C,6,0.36014405762304924
08326065,Unterkirnach,Erststimmen,Bündnis C,0,0.0
08326065,Unterkirnach,Zweitstimmen,Bündnis C,3,0.2390438247011952
08326068,"Vöhrenbach, Stadt",Erststimmen,Bündnis C,0,0.0
08326068,"Vöhrenbach, Stadt",Zweitstimmen,Bündnis C,6,0.3558718861209964
08326074,"Villingen-Schwenningen, Stadt",Erststimmen,Bündnis C,0,0.0
08326074,"Villingen-Schwenningen, Stadt",Zweitstimmen,Bündnis C,124,0.35347776510832385
08326075,Brigachtal,Erststimmen,Bündnis C,0,0.0
08326075,Brigachtal,Zweitstimmen,Bündnis C,21,0.7164790174002047
08327002,Aldingen,Erststimmen,Bündnis C,0,0.0
08327002,Aldingen,Zweitstimmen,Bündnis C,9,0.2782071097372488
08327004,Bärenthal,Erststimmen,Bündnis C,0,0.0
08327004,Bärenthal,Zweitstimmen,Bündnis C,0,0.0
08327005,Balgheim,Erststimmen,Bündnis C,0,0.0
08327005,Balgheim,Zweitstimmen,Bündnis C,0,0.0
08327006,Böttingen,Erststimmen,Bündnis C,0,0.0
08327006,Böttingen,Zweitstimmen,Bündnis C,0,0.0
08327007,Bubsheim,Erststimmen,Bündnis C,0,0.0
08327007,Bubsheim,Zweitstimmen,Bündnis C,0,0.0
08327008,Buchheim,Erststimmen,Bündnis C,0,0.0
08327008,Buchheim,Zweitstimmen,Bündnis C,0,0.0
08327009,Deilingen,Erststimmen,Bündnis C,0,0.0
08327009,Deilingen,Zweitstimmen,Bündnis C,2,0.2098635886673662
08327010,Denkingen,Erststimmen,Bündnis C,0,0.0
08327010,Denkingen,Zweitstimmen,Bündnis C,5,0.33783783783783783
08327011,Dürbheim,Erststimmen,Bündnis C,0,0.0
08327011,Dürbheim,Zweitstimmen,Bündnis C,0,0.0
08327012,Durchhausen,Erststimmen,Bündnis C,0,0.0
08327012,Durchhausen,Zweitstimmen,Bündnis C,1,0.1890359168241966
08327013,Egesheim,Erststimmen,Bündnis C,0,0.0
08327013,Egesheim,Zweitstimmen,Bündnis C,1,0.35211267605633806
08327016,"Fridingen an der Donau, Stadt",Erststimmen,Bündnis C,0,0.0
08327016,"Fridingen an der Donau, Stadt",Zweitstimmen,Bündnis C,0,0.0
08327017,Frittlingen,Erststimmen,Bündnis C,0,0.0
08327017,Frittlingen,Zweitstimmen,Bündnis C,4,0.3673094582185491
08327018,"Geisingen, Stadt",Erststimmen,Bündnis C,0,0.0
08327018,"Geisingen, Stadt",Zweitstimmen,Bündnis C,2,0.06646726487205051
08327019,Gosheim,Erststimmen,Bündnis C,0,0.0
08327019,Gosheim,Zweitstimmen,Bündnis C,2,0.1154068090017311
08327020,Gunningen,Erststimmen,Bündnis C,0,0.0
08327020,Gunningen,Zweitstimmen,Bündnis C,2,0.4889975550122249
08327023,Hausen ob Verena,Erststimmen,Bündnis C,0,0.0
08327023,Hausen ob Verena,Zweitstimmen,Bündnis C,0,0.0
08327025,Immendingen,Erststimmen,Bündnis C,0,0.0
08327025,Immendingen,Zweitstimmen,Bündnis C,0,0.0
08327027,Irndorf,Erststimmen,Bündnis C,0,0.0
08327027,Irndorf,Zweitstimmen,Bündnis C,1,0.22123893805309736
08327029,Königsheim,Erststimmen,Bündnis C,0,0.0
08327029,Königsheim,Zweitstimmen,Bündnis C,0,0.0
08327030,Kolbingen,Erststimmen,Bündnis C,0,0.0
08327030,Kolbingen,Zweitstimmen,Bündnis C,3,0.39215686274509803
08327033,Mahlstetten,Erststimmen,Bündnis C,0,0.0
08327033,Mahlstetten,Zweitstimmen,Bündnis C,1,0.2079002079002079
08327036,"Mühlheim an der Donau, Stadt",Erststimmen,Bündnis C,0,0.0
08327036,"Mühlheim an der Donau, Stadt",Zweitstimmen,Bündnis C,1,0.049431537320810674
08327038,Neuhausen ob Eck,Erststimmen,Bündnis C,0,0.0
08327038,Neuhausen ob Eck,Zweitstimmen,Bündnis C,0,0.0
08327040,Reichenbach am Heuberg,Erststimmen,Bündnis C,0,0.0
08327040,Reichenbach am Heuberg,Zweitstimmen,Bündnis C,0,0.0
08327041,Renquishausen,Erststimmen,Bündnis C,0,0.0
08327041,Renquishausen,Zweitstimmen,Bündnis C,0,0.0
08327046,"Spaichingen, Stadt",Erststimmen,Bündnis C,0,0.0
08327046,"Spaichingen, Stadt",Zweitstimmen,Bündnis C,8,0.13838436256702993
08327048,Talheim,Erststimmen,Bündnis C,0,0.0
08327048,Talheim,Zweitstimmen,Bündnis C,0,0.0
08327049,"Trossingen, Stadt",Erststimmen,Bündnis C,0,0.0
08327049,"Trossingen, Stadt",Zweitstimmen,Bündnis C,67,1.032516566497149
08327050,"Tuttlingen, Stadt",Erststimmen,Bündnis C,0,0.0
08327050,"Tuttlingen, Stadt",Zweitstimmen,Bündnis C,15,0.11534912334666256
08327051,Wehingen,Erststimmen,Bündnis C,0,0.0
08327051,Wehingen,Zweitstimmen,Bündnis C,1,0.06455777921239508
08327054,Wurmlingen,Erststimmen,Bündnis C,0,0.0
08327054,Wurmlingen,Zweitstimmen,Bündnis C,2,0.09285051067780872
08327055,Seitingen-Oberflacht,Erststimmen,Bündnis C,0,0.0
08327055,Seitingen-Oberflacht,Zweitstimmen,Bündnis C,1,0.07633587786259542
08327056,Rietheim-Weilheim,Erststimmen,Bündnis C,0,0.0
08327056,Rietheim-Weilheim,Zweitstimmen,Bündnis C,2,0.1386001386001386
08327057,Emmingen-Liptingen,Erststimmen,Bündnis C,0,0.0
08327057,Emmingen-Liptingen,Zweitstimmen,Bündnis C,6,0.22892025944296068
08336004,Aitern,Erststimmen,Bündnis C,0,0.0
08336004,Aitern,Zweitstimmen,Bündnis C,1,0.32573289902280134
08336006,Bad Bellingen,Erststimmen,Bündnis C,0,0.0
08336006,Bad Bellingen,Zweitstimmen,Bündnis C,2,0.09263547938860583
08336008,Binzen,Erststimmen,Bündnis C,0,0.0
08336008,Binzen,Zweitstimmen,Bündnis C,8,0.48661800486618007
08336010,Böllen,Erststimmen,Bündnis C,0,0.0
08336010,Böllen,Zweitstimmen,Bündnis C,0,0.0
08336014,Efringen-Kirchen,Erststimmen,Bündnis C,0,0.0
08336014,Efringen-Kirchen,Zweitstimmen,Bündnis C,46,0.9603340292275574
08336019,Eimeldingen,Erststimmen,Bündnis C,0,0.0
08336019,Eimeldingen,Zweitstimmen,Bündnis C,11,0.8513931888544891
08336024,Fischingen,Erststimmen,Bündnis C,0,0.0
08336024,Fischingen,Zweitstimmen,Bündnis C,10,2.3923444976076556
08336025,Fröhnd,Erststimmen,Bündnis C,0,0.0
08336025,Fröhnd,Zweitstimmen,Bündnis C,1,0.31645569620253167
08336034,Hasel,Erststimmen,Bündnis C,0,0.0
08336034,Hasel,Zweitstimmen,Bündnis C,2,0.32786885245901637
08336036,Hausen im Wiesental,Erststimmen,Bündnis C,0,0.0
08336036,Hausen im Wiesental,Zweitstimmen,Bündnis C,4,0.3262642740619902
08336043,Inzlingen,Erststimmen,Bündnis C,0,0.0
08336043,Inzlingen,Zweitstimmen,Bündnis C,0,0.0
08336050,"Lörrach, Stadt",Erststimmen,Bündnis C,0,0.0
08336050,"Lörrach, Stadt",Zweitstimmen,Bündnis C,108,0.5252662808229172
08336057,Maulburg,Erststimmen,Bündnis C,0,0.0
08336057,Maulburg,Zweitstimmen,Bündnis C,6,0.29925187032418954
08336069,"Rheinfelden (Baden), Stadt",Erststimmen,Bündnis C,0,0.0
08336069,"Rheinfelden (Baden), Stadt",Zweitstimmen,Bündnis C,14,0.10263929618768329
08336073,Rümmingen,Erststimmen,Bündnis C,0,0.0
08336073,Rümmingen,Zweitstimmen,Bündnis C,5,0.53475935828877
08336075,Schallbach,Erststimmen,Bündnis C,0,0.0
08336075,Schallbach,Zweitstimmen,Bündnis C,5,1.0351966873706004
08336079,"Schönau im Schwarzwald, Stadt",Erststimmen,Bündnis C,0,0.0
08336079,"Schönau im Schwarzwald, Stadt",Zweitstimmen,Bündnis C,0,0.0
08336080,Schönenberg,Erststimmen,Bündnis C,0,0.0
08336080,Schönenberg,Zweitstimmen,Bündnis C,0,0.0
08336081,"Schopfheim, Stadt",Erststimmen,Bündnis C,0,0.0
08336081,"Schopfheim, Stadt",Zweitstimmen,Bündnis C,12,0.12780913835339225
08336082,Schwörstadt,Erststimmen,Bündnis C,0,0.0
08336082,Schwörstadt,Zweitstimmen,Bündnis C,3,0.2546689303904924
08336084,Steinen,Erststimmen,Bündnis C,0,0.0
08336084,Steinen,Zweitstimmen,Bündnis C,55,1.0307346326836582
08336087,"Todtnau, Stadt",Erststimmen,Bündnis C,0,0.0
08336087,"Todtnau, Stadt",Zweitstimmen,Bündnis C,3,0.11976047904191617
08336089,Tunau,Erststimmen,Bündnis C,0,0.0
08336089,Tunau,Zweitstimmen,Bündnis C,0,0.0
08336090,Utzenfeld,Erststimmen,Bündnis C,0,0.0
08336090,Utzenfeld,Zweitstimmen,Bündnis C,1,0.2915451895043732
08336091,"Weil am Rhein, Stadt",Erststimmen,Bündnis C,0,0.0
08336091,"Weil am Rhein, Stadt",Zweitstimmen,Bündnis C,66,0.5622763673538933
08336094,Wembach,Erststimmen,Bündnis C,0,0.0
08336094,Wembach,Zweitstimmen,Bündnis C,3,2.142857142857143
08336096,Wieden,Erststimmen,Bündnis C,0,0.0
08336096,Wieden,Zweitstimmen,Bündnis C,0,0.0
08336100,Wittlingen,Erststimmen,Bündnis C,0,0.0
08336100,Wittlingen,Zweitstimmen,Bündnis C,0,0.0
08336103,"Zell im Wiesental, Stadt",Erststimmen,Bündnis C,0,0.0
08336103,"Zell im Wiesental, Stadt",Zweitstimmen,Bündnis C,3,0.11876484560570072
08336105,Grenzach-Wyhlen,Erststimmen,Bündnis C,0,0.0
08336105,Grenzach-Wyhlen,Zweitstimmen,Bündnis C,9,0.14600908500973395
08336106,Häg-Ehrsberg,Erststimmen,Bündnis C,0,0.0
08336106,Häg-Ehrsberg,Zweitstimmen,Bündnis C,2,0.40650406504065045
08336107,Kleines Wiesental,Erststimmen,Bündnis C,0,0.0
08336107,Kleines Wiesental,Zweitstimmen,Bündnis C,4,0.24198427102238357
08337002,Albbruck,Erststimmen,Bündnis C,0,0.0
08337002,Albbruck,Zweitstimmen,Bündnis C,11,0.2955400322407308
08337030,Dettighofen,Erststimmen,Bündnis C,0,0.0
08337030,Dettighofen,Zweitstimmen,Bündnis C,2,0.35149384885764495
08337032,Dogern,Erststimmen,Bündnis C,0,0.0
08337032,Dogern,Zweitstimmen,Bündnis C,1,0.08196721311475409
08337038,Görwihl,Erststimmen,Bündnis C,0,0.0
08337038,Görwihl,Zweitstimmen,Bündnis C,4,0.16659725114535612
08337049,Herrischried,Erststimmen,Bündnis C,0,0.0
08337049,Herrischried,Zweitstimmen,Bündnis C,7,0.5173688100517368
08337053,Hohentengen am Hochrhein,Erststimmen,Bündnis C,0,0.0
08337053,Hohentengen am Hochrhein,Zweitstimmen,Bündnis C,4,0.21231422505307856
08337060,Jestetten,Erststimmen,Bündnis C,0,0.0
08337060,Jestetten,Zweitstimmen,Bündnis C,11,0.527831094049904
08337062,Klettgau,Erststimmen,Bündnis C,0,0.0
08337062,Klettgau,Zweitstimmen,Bündnis C,6,0.1646090534979424
08337065,Lauchringen,Erststimmen,Bündnis C,0,0.0
08337065,Lauchringen,Zweitstimmen,Bündnis C,6,0.16124697661918838
08337066,"Laufenburg (Baden), Stadt",Erststimmen,Bündnis C,0,0.0
08337066,"Laufenburg (Baden), Stadt",Zweitstimmen,Bündnis C,2,0.0535475234270415
08337070,Lottstetten,Erststimmen,Bündnis C,0,0.0
08337070,Lottstetten,Zweitstimmen,Bündnis C,2,0.22246941045606228
08337076,Murg,Erststimmen,Bündnis C,0,0.0
08337076,Murg,Zweitstimmen,Bündnis C,13,0.40714062010648294
08337090,Rickenbach,Erststimmen,Bündnis C,0,0.0
08337090,Rickenbach,Zweitstimmen,Bündnis C,5,0.2358490566037736
08337096,"Bad Säckingen, Stadt",Erststimmen,Bündnis C,0,0.0
08337096,"Bad Säckingen, Stadt",Zweitstimmen,Bündnis C,11,0.15343841539963735
08337106,"Stühlingen, Stadt",Erststimmen,Bündnis C,0,0.0
08337106,"Stühlingen, Stadt",Zweitstimmen,Bündnis C,5,0.175377060680463
08337116,"Wehr, Stadt",Erststimmen,Bündnis C,0,0.0
08337116,"Wehr, Stadt",Zweitstimmen,Bündnis C,16,0.29438822447102114
08337118,Weilheim,Erststimmen,Bündnis C,0,0.0
08337118,Weilheim,Zweitstimmen,Bündnis C,7,0.36288232244686364
08337123,Wutöschingen,Erststimmen,Bündnis C,0,0.0
08337123,Wutöschingen,Zweitstimmen,Bündnis C,8,0.25220680958385877
08337124,Eggingen,Erststimmen,Bündnis C,0,0.0
08337124,Eggingen,Zweitstimmen,Bündnis C,2,0.21436227224008575
08337125,Küssaberg,Erststimmen,Bündnis C,0,0.0
08337125,Küssaberg,Zweitstimmen,Bündnis C,4,0.14114326040931546
08337126,"Waldshut-Tiengen, Stadt",Erststimmen,Bündnis C,0,0.0
08337126,"Waldshut-Tiengen, Stadt",Zweitstimmen,Bündnis C,11,0.1157529201304851
08416006,Bodelshausen,Erststimmen,Bündnis C,0,0.0
08416006,Bodelshausen,Zweitstimmen,Bündnis C,8,0.3036053130929791
08416009,Dettenhausen,Erststimmen,Bündnis C,0,0.0
08416009,Dettenhausen,Zweitstimmen,Bündnis C,9,0.28213166144200624
08416018,Hirrlingen,Erststimmen,Bündnis C,0,0.0
08416018,Hirrlingen,Zweitstimmen,Bündnis C,1,0.05694760820045558
08416025,"Mössingen, Stadt",Erststimmen,Bündnis C,0,0.0
08416025,"Mössingen, Stadt",Zweitstimmen,Bündnis C,33,0.3147953830010493
08416031,Ofterdingen,Erststimmen,Bündnis C,0,0.0
08416031,Ofterdingen,Zweitstimmen,Bündnis C,2,0.07189072609633358
08416036,"Rottenburg am Neckar, Stadt",Erststimmen,Bündnis C,0,0.0
08416036,"Rottenburg am Neckar, Stadt",Zweitstimmen,Bündnis C,30,0.13036110024768607
08416041,"Tübingen, Universitätsstadt",Erststimmen,Bündnis C,0,0.0
08416041,"Tübingen, Universitätsstadt",Zweitstimmen,Bündnis C,89,0.17265796263604088
08416048,Ammerbuch,Erststimmen,Bündnis C,0,0.0
08416048,Ammerbuch,Zweitstimmen,Bündnis C,14,0.20855057351407716
08416049,Neustetten,Erststimmen,Bündnis C,0,0.0
08416049,Neustetten,Zweitstimmen,Bündnis C,2,0.09380863039399624
08416050,Starzach,Erststimmen,Bündnis C,0,0.0
08416050,Starzach,Zweitstimmen,Bündnis C,1,0.03872966692486445
08417002,"Balingen, Stadt",Erststimmen,Bündnis C,0,0.0
08417002,"Balingen, Stadt",Zweitstimmen,Bündnis C,48,0.27339522697499574
08417008,Bisingen,Erststimmen,Bündnis C,0,0.0
08417008,Bisingen,Zweitstimmen,Bündnis C,13,0.26326447954637505
08417010,Bitz,Erststimmen,Bündnis C,0,0.0
08417010,Bitz,Zweitstimmen,Bündnis C,5,0.246669955599408
08417014,Dautmergen,Erststimmen,Bündnis C,0,0.0
08417014,Dautmergen,Zweitstimmen,Bündnis C,1,0.3875968992248062
08417015,Dormettingen,Erststimmen,Bündnis C,0,0.0
08417015,Dormettingen,Zweitstimmen,Bündnis C,2,0.3412969283276451
08417016,Dotternhausen,Erststimmen,Bündnis C,0,0.0
08417016,Dotternhausen,Zweitstimmen,Bündnis C,0,0.0
08417022,"Geislingen, Stadt",Erststimmen,Bündnis C,0,0.0
08417022,"Geislingen, Stadt",Zweitstimmen,Bündnis C,6,0.17772511848341233
08417023,Grosselfingen,Erststimmen,Bündnis C,0,0.0
08417023,Grosselfingen,Zweitstimmen,Bündnis C,0,0.0
08417025,"Haigerloch, Stadt",Erststimmen,Bündnis C,0,0.0
08417025,"Haigerloch, Stadt",Zweitstimmen,Bündnis C,7,0.12291483757682177
08417029,Hausen am Tann,Erststimmen,Bündnis C,0,0.0
08417029,Hausen am Tann,Zweitstimmen,Bündnis C,1,0.38314176245210724
08417044,"Meßstetten, Stadt",Erststimmen,Bündnis C,0,0.0
08417044,"Meßstetten, Stadt",Zweitstimmen,Bündnis C,21,0.378856215046004
08417045,Nusplingen,Erststimmen,Bündnis C,0,0.0
08417045,Nusplingen,Zweitstimmen,Bündnis C,3,0.30060120240480964
08417047,Obernheim,Erststimmen,Bündnis C,0,0.0
08417047,Obernheim,Zweitstimmen,Bündnis C,1,0.11695906432748539
08417051,Rangendingen,Erststimmen,Bündnis C,0,0.0
08417051,Rangendingen,Zweitstimmen,Bündnis C,8,0.2794271742927
08417052,Ratshausen,Erststimmen,Bündnis C,0,0.0
08417052,Ratshausen,Zweitstimmen,Bündnis C,0,0.0
08417054,"Rosenfeld, Stadt",Erststimmen,Bündnis C,0,0.0
08417054,"Rosenfeld, Stadt",Zweitstimmen,Bündnis C,5,0.1434308663224326
08417057,"Schömberg, Stadt",Erststimmen,Bündnis C,0,0.0
08417057,"Schömberg, Stadt",Zweitstimmen,Bündnis C,4,0.18140589569160998
08417063,Straßberg,Erststimmen,Bündnis C,0,0.0
08417063,Straßberg,Zweitstimmen,Bündnis C,2,0.13956734124214934
08417071,Weilen unter den Rinnen,Erststimmen,Bündnis C,0,0.0
08417071,Weilen unter den Rinnen,Zweitstimmen,Bündnis C,0,0.0
08417075,Winterlingen,Erststimmen,Bündnis C,0,0.0
08417075,Winterlingen,Zweitstimmen,Bündnis C,10,0.3001200480192077
08417078,Zimmern unter der Burg,Erststimmen,Bündnis C,0,0.0
08417078,Zimmern unter der Burg,Zweitstimmen,Bündnis C,0,0.0
08417079,"Albstadt, Stadt",Erststimmen,Bündnis C,0,0.0
08417079,"Albstadt, Stadt",Zweitstimmen,Bündnis C,46,0.24453777045345806
08425002,Allmendingen,Erststimmen,Bündnis C,0,0.0
08425002,Allmendingen,Zweitstimmen,Bündnis C,5,0.1867762420620097
08425004,Altheim,Erststimmen,Bündnis C,0,0.0
08425004,Altheim,Zweitstimmen,Bündnis C,0,0.0
08425005,Altheim (Alb),Erststimmen,Bündnis C,0,0.0
08425005,Altheim (Alb),Zweitstimmen,Bündnis C,7,0.674373795761079
08425008,Amstetten,Erststimmen,Bündnis C,0,0.0
08425008,Amstetten,Zweitstimmen,Bündnis C,11,0.4986400725294651
08425011,Asselfingen,Erststimmen,Bündnis C,0,0.0
08425011,Asselfingen,Zweitstimmen,Bündnis C,1,0.18867924528301888
08425013,Ballendorf,Erststimmen,Bündnis C,0,0.0
08425013,Ballendorf,Zweitstimmen,Bündnis C,1,0.3289473684210526
08425014,Beimerstetten,Erststimmen,Bündnis C,0,0.0
08425014,Beimerstetten,Zweitstimmen,Bündnis C,0,0.0
08425017,Berghülen,Erststimmen,Bündnis C,0,0.0
08425017,Berghülen,Zweitstimmen,Bündnis C,16,1.3018714401952807
08425019,Bernstadt,Erststimmen,Bündnis C,0,0.0
08425019,Bernstadt,Zweitstimmen,Bündnis C,5,0.36231884057971014
08425020,"Blaubeuren, Stadt",Erststimmen,Bündnis C,0,0.0
08425020,"Blaubeuren, Stadt",Zweitstimmen,Bündnis C,11,0.18248175182481752
08425022,Börslingen,Erststimmen,Bündnis C,0,0.0
08425022,Börslingen,Zweitstimmen,Bündnis C,0,0.0
08425024,Breitingen,Erststimmen,Bündnis C,0,0.0
08425024,Breitingen,Zweitstimmen,Bündnis C,0,0.0
08425031,Dornstadt,Erststimmen,Bündnis C,0,0.0
08425031,Dornstadt,Zweitstimmen,Bündnis C,6,0.12274959083469722
08425033,"Ehingen (Donau), Stadt",Erststimmen,Bündnis C,0,0.0
08425033,"Ehingen (Donau), Stadt",Zweitstimmen,Bündnis C,25,0.19348347651110595
08425035,Emeringen,Erststimmen,Bündnis C,0,0.0
08425035,Emeringen,Zweitstimmen,Bündnis C,1,0.9433962264150944
08425036,Emerkingen,Erststimmen,Bündnis C,0,0.0
08425036,Emerkingen,Zweitstimmen,Bündnis C,0,0.0
08425050,Griesingen,Erststimmen,Bündnis C,0,0.0
08425050,Griesingen,Zweitstimmen,Bündnis C,1,0.21141649048625794
08425052,Grundsheim,Erststimmen,Bündnis C,0,0.0
08425052,Grundsheim,Zweitstimmen,Bündnis C,0,0.0
08425055,Hausen am Bussen,Erststimmen,Bündnis C,0,0.0
08425055,Hausen am Bussen,Zweitstimmen,Bündnis C,0,0.0
08425062,Holzkirch,Erststimmen,Bündnis C,0,0.0
08425062,Holzkirch,Zweitstimmen,Bündnis C,0,0.0
08425071,"Laichingen, Stadt",Erststimmen,Bündnis C,0,0.0
08425071,"Laichingen, Stadt",Zweitstimmen,Bündnis C,20,0.33846674564224066
08425072,"Langenau, Stadt",Erststimmen,Bündnis C,0,0.0
08425072,"Langenau, Stadt",Zweitstimmen,Bündnis C,20,0.24740227610094012
08425073,Lauterach,Erststimmen,Bündnis C,0,0.0
08425073,Lauterach,Zweitstimmen,Bündnis C,0,0.0
08425075,Lonsee,Erststimmen,Bündnis C,0,0.0
08425075,Lonsee,Zweitstimmen,Bündnis C,11,0.3959683225341973
08425079,Merklingen,Erststimmen,Bündnis C,0,0.0
08425079,Merklingen,Zweitstimmen,Bündnis C,2,0.1662510390689942
08425081,"Munderkingen, Stadt",Erststimmen,Bündnis C,0,0.0
08425081,"Munderkingen, Stadt",Zweitstimmen,Bündnis C,2,0.0881057268722467
08425083,Neenstetten,Erststimmen,Bündnis C,0,0.0
08425083,Neenstetten,Zweitstimmen,Bündnis C,0,0.0
08425084,Nellingen,Erststimmen,Bündnis C,0,0.0
08425084,Nellingen,Zweitstimmen,Bündnis C,2,0.15360983102918588
08425085,Nerenstetten,Erststimmen,Bündnis C,0,0.0
08425085,Nerenstetten,Zweitstimmen,Bündnis C,1,0.5208333333333333
08425088,Oberdischingen,Erststimmen,Bündnis C,0,0.0
08425088,Oberdischingen,Zweitstimmen,Bündnis C,0,0.0
08425090,Obermarchtal,Erststimmen,Bündnis C,0,0.0
08425090,Obermarchtal,Zweitstimmen,Bündnis C,0,0.0
08425091,Oberstadion,Erststimmen,Bündnis C,0,0.0
08425091,Oberstadion,Zweitstimmen,Bündnis C,3,0.29615004935834155
08425092,Öllingen,Erststimmen,Bündnis C,0,0.0
08425092,Öllingen,Zweitstimmen,Bündnis C,0,0.0
08425093,Öpfingen,Erststimmen,Bündnis C,0,0.0
08425093,Öpfingen,Zweitstimmen,Bündnis C,3,0.2380952380952381
08425097,Rammingen,Erststimmen,Bündnis C,0,0.0
08425097,Rammingen,Zweitstimmen,Bündnis C,1,0.13089005235602094
08425098,Rechtenstein,Erststimmen,Bündnis C,0,0.0
08425098,Rechtenstein,Zweitstimmen,Bündnis C,1,0.6802721088435374
08425104,Rottenacker,Erststimmen,Bündnis C,0,0.0
08425104,Rottenacker,Zweitstimmen,Bündnis C,1,0.08196721311475409
08425108,"Schelklingen, Stadt",Erststimmen,Bündnis C,0,0.0
08425108,"Schelklingen, Stadt",Zweitstimmen,Bündnis C,2,0.05863383172090296
08425112,Setzingen,Erststimmen,Bündnis C,0,0.0
08425112,Setzingen,Zweitstimmen,Bündnis C,0,0.0
08425123,Untermarchtal,Erststimmen,Bündnis C,0,0.0
08425123,Untermarchtal,Zweitstimmen,Bündnis C,1,0.30864197530864196
08425124,Unterstadion,Erststimmen,Bündnis C,0,0.0
08425124,Unterstadion,Zweitstimmen,Bündnis C,1,0.22471910112359553
08425125,Unterwachingen,Erststimmen,Bündnis C,0,0.0
08425125,Unterwachingen,Zweitstimmen,Bündnis C,1,0.78125
08425130,Weidenstetten,Erststimmen,Bündnis C,0,0.0
08425130,Weidenstetten,Zweitstimmen,Bündnis C,3,0.35545023696682465
08425134,Westerheim,Erststimmen,Bündnis C,0,0.0
08425134,Westerheim,Zweitstimmen,Bündnis C,6,0.3205128205128205
08425135,Westerstetten,Erststimmen,Bündnis C,0,0.0
08425135,Westerstetten,Zweitstimmen,Bündnis C,5,0.37650602409638556
08425139,Heroldstatt,Erststimmen,Bündnis C,0,0.0
08425139,Heroldstatt,Zweitstimmen,Bündnis C,4,0.23121387283236997
08426001,Achstetten,Erststimmen,Bündnis C,0,0.0
08426001,Achstetten,Zweitstimmen,Bündnis C,3,0.1015572105619499
08426005,Alleshausen,Erststimmen,Bündnis C,0,0.0
08426005,Alleshausen,Zweitstimmen,Bündnis C,0,0.0
08426006,Allmannsweiler,Erststimmen,Bündnis C,0,0.0
08426006,Allmannsweiler,Zweitstimmen,Bündnis C,0,0.0
08426008,Altheim,Erststimmen,Bündnis C,0,0.0
08426008,Altheim,Zweitstimmen,Bündnis C,2,0.156128024980484
08426011,Attenweiler,Erststimmen,Bündnis C,0,0.0
08426011,Attenweiler,Zweitstimmen,Bündnis C,3,0.2461033634126333
08426013,"Bad Buchau, Stadt",Erststimmen,Bündnis C,0,0.0
08426013,"Bad Buchau, Stadt",Zweitstimmen,Bündnis C,7,0.2583979328165375
08426014,"Bad Schussenried, Stadt",Erststimmen,Bündnis C,0,0.0
08426014,"Bad Schussenried, Stadt",Zweitstimmen,Bündnis C,10,0.22920009168003666
08426020,Betzenweiler,Erststimmen,Bündnis C,0,0.0
08426020,Betzenweiler,Zweitstimmen,Bündnis C,0,0.0
08426021,"Biberach an der Riß, Stadt",Erststimmen,Bündnis C,0,0.0
08426021,"Biberach an der Riß, Stadt",Zweitstimmen,Bündnis C,23,0.14167795983737835
08426028,Burgrieden,Erststimmen,Bündnis C,0,0.0
08426028,Burgrieden,Zweitstimmen,Bündnis C,7,0.3001715265866209
08426035,Dürmentingen,Erststimmen,Bündnis C,0,0.0
08426035,Dürmentingen,Zweitstimmen,Bündnis C,0,0.0
08426036,Dürnau,Erststimmen,Bündnis C,0,0.0
08426036,Dürnau,Zweitstimmen,Bündnis C,1,0.5025125628140703
08426038,Eberhardzell,Erststimmen,Bündnis C,0,0.0
08426038,Eberhardzell,Zweitstimmen,Bündnis C,3,0.11173184357541899
08426043,Erlenmoos,Erststimmen,Bündnis C,0,0.0
08426043,Erlenmoos,Zweitstimmen,Bündnis C,1,0.0931098696461825
08426045,Ertingen,Erststimmen,Bündnis C,0,0.0
08426045,Ertingen,Zweitstimmen,Bündnis C,2,0.06576783952647156
08426058,Hochdorf,Erststimmen,Bündnis C,0,0.0
08426058,Hochdorf,Zweitstimmen,Bündnis C,1,0.06901311249137336
08426062,Ingoldingen,Erststimmen,Bündnis C,0,0.0
08426062,Ingoldingen,Zweitstimmen,Bündnis C,3,0.1589825119236884
08426064,Kanzach,Erststimmen,Bündnis C,0,0.0
08426064,Kanzach,Zweitstimmen,Bündnis C,1,0.40816326530612246
08426067,Langenenslingen,Erststimmen,Bündnis C,0,0.0
08426067,Langenenslingen,Zweitstimmen,Bündnis C,3,0.14563106796116504
08426070,"Laupheim, Stadt",Erststimmen,Bündnis C,0,0.0
08426070,"Laupheim, Stadt",Zweitstimmen,Bündnis C,20,0.17992083483267363
08426071,Maselheim,Erststimmen,Bündnis C,0,0.0
08426071,Maselheim,Zweitstimmen,Bündnis C,4,0.15180265654648956
08426073,Mietingen,Erststimmen,Bündnis C,0,0.0
08426073,Mietingen,Zweitstimmen,Bündnis C,3,0.10362694300518134
08426074,Mittelbiberach,Erststimmen,Bündnis C,0,0.0
08426074,Mittelbiberach,Zweitstimmen,Bündnis C,3,0.11574074074074073
08426078,Moosburg,Erststimmen,Bündnis C,0,0.0
08426078,Moosburg,Zweitstimmen,Bündnis C,0,0.0
08426087,"Ochsenhausen, Stadt",Erststimmen,Bündnis C,0,0.0
08426087,"Ochsenhausen, Stadt",Zweitstimmen,Bündnis C,4,0.08804754567466432
08426090,Oggelshausen,Erststimmen,Bündnis C,0,0.0
08426090,Oggelshausen,Zweitstimmen,Bündnis C,0,0.0
08426097,"Riedlingen, Stadt",Erststimmen,Bündnis C,0,0.0
08426097,"Riedlingen, Stadt",Zweitstimmen,Bündnis C,11,0.20782165123748347
08426108,Schwendi,Erststimmen,Bündnis C,0,0.0
08426108,Schwendi,Zweitstimmen,Bündnis C,11,0.29435375970029437
08426109,Seekirch,Erststimmen,Bündnis C,0,0.0
08426109,Seekirch,Zweitstimmen,Bündnis C,0,0.0
08426113,Steinhausen an der Rottum,Erststimmen,Bündnis C,0,0.0
08426113,Steinhausen an der Rottum,Zweitstimmen,Bündnis C,3,0.22404779686333084
08426118,Tiefenbach,Erststimmen,Bündnis C,0,0.0
08426118,Tiefenbach,Zweitstimmen,Bündnis C,0,0.0
08426120,Ummendorf,Erststimmen,Bündnis C,0,0.0
08426120,Ummendorf,Zweitstimmen,Bündnis C,3,0.11723329425556857
08426121,Unlingen,Erststimmen,Bündnis C,0,0.0
08426121,Unlingen,Zweitstimmen,Bündnis C,4,0.2699055330634278
08426124,Uttenweiler,Erststimmen,Bündnis C,0,0.0
08426124,Uttenweiler,Zweitstimmen,Bündnis C,0,0.0
08426125,Wain,Erststimmen,Bündnis C,0,0.0
08426125,Wain,Zweitstimmen,Bündnis C,7,0.7936507936507936
08426128,Warthausen,Erststimmen,Bündnis C,0,0.0
08426128,Warthausen,Zweitstimmen,Bündnis C,6,0.20754064337599448
08426134,Schemmerhofen,Erststimmen,Bündnis C,0,0.0
08426134,Schemmerhofen,Zweitstimmen,Bündnis C,15,0.2945797329143755
08426135,Gutenzell-Hürbel,Erststimmen,Bündnis C,0,0.0
08426135,Gutenzell-Hürbel,Zweitstimmen,Bündnis C,2,0.17271157167530224
08435005,Bermatingen,Erststimmen,Bündnis C,0,0.0
08435005,Bermatingen,Zweitstimmen,Bündnis C,1,0.043440486533449174
08435010,Daisendorf,Erststimmen,Bündnis C,0,0.0
08435010,Daisendorf,Zweitstimmen,Bündnis C,1,0.10905125408942204
08435013,Eriskirch,Erststimmen,Bündnis C,0,0.0
08435013,Eriskirch,Zweitstimmen,Bündnis C,10,0.38819875776397517
08435015,Frickingen,Erststimmen,Bündnis C,0,0.0
08435015,Frickingen,Zweitstimmen,Bündnis C,0,0.0
08435016,"Friedrichshafen, Stadt",Erststimmen,Bündnis C,0,0.0
08435016,"Friedrichshafen, Stadt",Zweitstimmen,Bündnis C,61,0.23385983744824415
08435018,Hagnau am Bodensee,Erststimmen,Bündnis C,0,0.0
08435018,Hagnau am Bodensee,Zweitstimmen,Bündnis C,0,0.0
08435020,Heiligenberg,Erststimmen,Bündnis C,0,0.0
08435020,Heiligenberg,Zweitstimmen,Bündnis C,6,0.35294117647058826
08435024,Immenstaad am Bodensee,Erststimmen,Bündnis C,0,0.0
08435024,Immenstaad am Bodensee,Zweitstimmen,Bündnis C,0,0.0
08435029,Kressbronn am Bodensee,Erststimmen,Bündnis C,0,0.0
08435029,Kressbronn am Bodensee,Zweitstimmen,Bündnis C,15,0.3147293327738145
08435030,Langenargen,Erststimmen,Bündnis C,0,0.0
08435030,Langenargen,Zweitstimmen,Bündnis C,4,0.08867213478164486
08435034,"Markdorf, Stadt",Erststimmen,Bündnis C,0,0.0
08435034,"Markdorf, Stadt",Zweitstimmen,Bündnis C,6,0.08161044613710555
08435036,"Meersburg, Stadt",Erststimmen,Bündnis C,0,0.0
08435036,"Meersburg, Stadt",Zweitstimmen,Bündnis C,3,0.09910802775024777
08435045,Oberteuringen,Erststimmen,Bündnis C,0,0.0
08435045,Oberteuringen,Zweitstimmen,Bündnis C,2,0.0741839762611276
08435047,Owingen,Erststimmen,Bündnis C,0,0.0
08435047,Owingen,Zweitstimmen,Bündnis C,4,0.16155088852988692
08435052,Salem,Erststimmen,Bündnis C,0,0.0
08435052,Salem,Zweitstimmen,Bündnis C,4,0.05954153021732659
08435053,Sipplingen,Erststimmen,Bündnis C,0,0.0
08435053,Sipplingen,Zweitstimmen,Bündnis C,6,0.495458298926507
08435054,Stetten,Erststimmen,Bündnis C,0,0.0
08435054,Stetten,Zweitstimmen,Bündnis C,0,0.0
08435059,"Überlingen, Stadt",Erststimmen,Bündnis C,0,0.0
08435059,"Überlingen, Stadt",Zweitstimmen,Bündnis C,16,0.13136288998357964
08435066,Uhldingen-Mühlhofen,Erststimmen,Bündnis C,0,0.0
08435066,Uhldingen-Mühlhofen,Zweitstimmen,Bündnis C,5,0.11706860220088973
08435067,Deggenhausertal,Erststimmen,Bündnis C,0,0.0
08435067,Deggenhausertal,Zweitstimmen,Bündnis C,1,0.03901677721420211
08437005,Beuron,Erststimmen,Bündnis C,0,0.0
08437005,Beuron,Zweitstimmen,Bündnis C,0,0.0
08437008,Bingen,Erststimmen,Bündnis C,0,0.0
08437008,Bingen,Zweitstimmen,Bündnis C,1,0.06313131313131314
08437031,"Gammertingen, Stadt",Erststimmen,Bündnis C,0,0.0
08437031,"Gammertingen, Stadt",Zweitstimmen,Bündnis C,7,0.2217997465145754
08437044,Herbertingen,Erststimmen,Bündnis C,0,0.0
08437044,Herbertingen,Zweitstimmen,Bündnis C,5,0.1874062968515742
08437047,"Hettingen, Stadt",Erststimmen,Bündnis C,0,0.0
08437047,"Hettingen, Stadt",Zweitstimmen,Bündnis C,0,0.0
08437053,Hohentengen,Erststimmen,Bündnis C,0,0.0
08437053,Hohentengen,Zweitstimmen,Bündnis C,3,0.12175324675324675
08437056,Illmensee,Erststimmen,Bündnis C,0,0.0
08437056,Illmensee,Zweitstimmen,Bündnis C,3,0.2425222312045271
08437059,Inzigkofen,Erststimmen,Bündnis C,0,0.0
08437059,Inzigkofen,Zweitstimmen,Bündnis C,4,0.23014959723820483
08437065,Krauchenwies,Erststimmen,Bündnis C,0,0.0
08437065,Krauchenwies,Zweitstimmen,Bündnis C,4,0.14814814814814814
08437072,Leibertingen,Erststimmen,Bündnis C,0,0.0
08437072,Leibertingen,Zweitstimmen,Bündnis C,2,0.13937282229965156
08437076,"Mengen, Stadt",Erststimmen,Bündnis C,0,0.0
08437076,"Mengen, Stadt",Zweitstimmen,Bündnis C,4,0.08130081300813008
08437078,"Meßkirch, Stadt",Erststimmen,Bündnis C,0,0.0
08437078,"Meßkirch, Stadt",Zweitstimmen,Bündnis C,10,0.24201355275895448
08437082,Neufra,Erststimmen,Bündnis C,0,0.0
08437082,Neufra,Zweitstimmen,Bündnis C,3,0.28957528957528955
08437086,Ostrach,Erststimmen,Bündnis C,0,0.0
08437086,Ostrach,Zweitstimmen,Bündnis C,4,0.10327911179963851
08437088,"Pfullendorf, Stadt",Erststimmen,Bündnis C,0,0.0
08437088,"Pfullendorf, Stadt",Zweitstimmen,Bündnis C,15,0.2633426966292135
08437100,"Bad Saulgau, Stadt",Erststimmen,Bündnis C,0,0.0
08437100,"Bad Saulgau, Stadt",Zweitstimmen,Bündnis C,14,0.15900056785917094
08437101,"Scheer, Stadt",Erststimmen,Bündnis C,0,0.0
08437101,"Scheer, Stadt",Zweitstimmen,Bündnis C,0,0.0
08437102,Schwenningen,Erststimmen,Bündnis C,0,0.0
08437102,Schwenningen,Zweitstimmen,Bündnis C,2,0.19860973187686196
08437104,"Sigmaringen, Stadt",Erststimmen,Bündnis C,0,0.0
08437104,"Sigmaringen, Stadt",Zweitstimmen,Bündnis C,8,0.10412599245086555
08437105,Sigmaringendorf,Erststimmen,Bündnis C,0,0.0
08437105,Sigmaringendorf,Zweitstimmen,Bündnis C,3,0.1529831718510964
08437107,Stetten am kalten Markt,Erststimmen,Bündnis C,0,0.0
08437107,Stetten am kalten Markt,Zweitstimmen,Bündnis C,3,0.10968921389396709
08437114,"Veringenstadt, Stadt",Erststimmen,Bündnis C,0,0.0
08437114,"Veringenstadt, Stadt",Zweitstimmen,Bündnis C,3,0.2566295979469632
08437118,Wald,Erststimmen,Bündnis C,0,0.0
08437118,Wald,Zweitstimmen,Bündnis C,0,0.0
08437123,Sauldorf,Erststimmen,Bündnis C,0,0.0
08437123,Sauldorf,Zweitstimmen,Bündnis C,2,0.12531328320802004
08437124,Herdwangen-Schönach,Erststimmen,Bündnis C,0,0.0
08437124,Herdwangen-Schönach,Zweitstimmen,Bündnis C,4,0.20822488287350338
08121000,"Heilbronn, Universitätsstadt",Erststimmen,CDU,13139,29.088534171666407
08121000,"Heilbronn, Universitätsstadt",Zweitstimmen,CDU,11551,25.52650770148726
08125030,Flein,Erststimmen,CDU,1481,36.12195121951219
08125030,Flein,Zweitstimmen,CDU,1287,31.29863813229572
08125058,"Leingarten, Stadt",Erststimmen,CDU,1881,32.42544388898466
08125058,"Leingarten, Stadt",Zweitstimmen,CDU,1756,30.260210236084784
08125074,Nordheim,Erststimmen,CDU,1498,33.039258932509924
08125074,Nordheim,Zweitstimmen,CDU,1300,28.609154929577464
08125094,Talheim,Erststimmen,CDU,1089,38.09024134312697
08125094,Talheim,Zweitstimmen,CDU,928,32.36832926403906
08126011,Bretzfeld,Erststimmen,CDU,2375,34.87518355359765
08126011,Bretzfeld,Zweitstimmen,CDU,2033,29.805013927576603
08126020,Dörzbach,Erststimmen,CDU,617,43.758865248226954
08126020,Dörzbach,Zweitstimmen,CDU,531,37.60623229461756
08126028,"Forchtenberg, Stadt",Erststimmen,CDU,1009,36.268871315600286
08126028,"Forchtenberg, Stadt",Zweitstimmen,CDU,888,31.885098743267505
08126039,"Ingelfingen, Stadt",Erststimmen,CDU,1186,39.58611481975968
08126039,"Ingelfingen, Stadt",Zweitstimmen,CDU,1039,34.64488162720907
08126045,"Krautheim, Stadt",Erststimmen,CDU,1144,47.000821692686934
08126045,"Krautheim, Stadt",Zweitstimmen,CDU,1003,41.190965092402465
08126046,"Künzelsau, Stadt",Erststimmen,CDU,2520,35.54301833568406
08126046,"Künzelsau, Stadt",Zweitstimmen,CDU,2133,30.084626234132582
08126047,Kupferzell,Erststimmen,CDU,1355,40.75187969924812
08126047,Kupferzell,Zweitstimmen,CDU,1088,32.64326432643264
08126056,Mulfingen,Erststimmen,CDU,1176,50.97529258777633
08126056,Mulfingen,Zweitstimmen,CDU,975,42.299349240780906
08126058,"Neuenstein, Stadt",Erststimmen,CDU,1200,34.77252970153579
08126058,"Neuenstein, Stadt",Zweitstimmen,CDU,1053,30.486392588303417
08126060,"Niedernhall, Stadt",Erststimmen,CDU,611,30.92105263157895
08126060,"Niedernhall, Stadt",Zweitstimmen,CDU,523,26.41414141414141
08126066,"Öhringen, Stadt",Erststimmen,CDU,3720,32.3787971102794
08126066,"Öhringen, Stadt",Zweitstimmen,CDU,3142,27.319363533605774
08126069,Pfedelbach,Erststimmen,CDU,1874,37.570168404170005
08126069,Pfedelbach,Zweitstimmen,CDU,1556,31.15115115115115
08126072,Schöntal,Erststimmen,CDU,1780,51.26728110599078
08126072,Schöntal,Zweitstimmen,CDU,1495,42.922767728969276
08126085,"Waldenburg, Stadt",Erststimmen,CDU,600,37.197768133911964
08126085,"Waldenburg, Stadt",Zweitstimmen,CDU,497,30.83126550868486
08126086,Weißbach,Erststimmen,CDU,304,36.1474435196195
08126086,Weißbach,Zweitstimmen,CDU,270,32.18116805721097
08126094,Zweiflingen,Erststimmen,CDU,427,40.359168241965975
08126094,Zweiflingen,Zweitstimmen,CDU,376,35.53875236294896
08127008,Blaufelden,Erststimmen,CDU,1332,48.45398326664242
08127008,Blaufelden,Zweitstimmen,CDU,1117,40.61818181818182
08127009,Braunsbach,Erststimmen,CDU,616,40.93023255813954
08127009,Braunsbach,Zweitstimmen,CDU,466,30.799735624586916
08127012,Bühlertann,Erststimmen,CDU,694,41.631673665266945
08127012,Bühlertann,Zweitstimmen,CDU,560,33.65384615384615
08127013,Bühlerzell,Erststimmen,CDU,624,47.81609195402299
08127013,Bühlerzell,Zweitstimmen,CDU,494,37.73873185637891
08127014,"Crailsheim, Stadt",Erststimmen,CDU,5169,40.12264224171388
08127014,"Crailsheim, Stadt",Zweitstimmen,CDU,4322,33.46755459191575
08127023,Fichtenberg,Erststimmen,CDU,537,33.14814814814815
08127023,Fichtenberg,Zweitstimmen,CDU,464,28.606658446362516
08127025,"Gaildorf, Stadt",Erststimmen,CDU,1670,32.30174081237911
08127025,"Gaildorf, Stadt",Zweitstimmen,CDU,1498,28.90775762253956
08127032,"Gerabronn, Stadt",Erststimmen,CDU,756,36.66343355965083
08127032,"Gerabronn, Stadt",Zweitstimmen,CDU,631,30.631067961165048
08127043,"Ilshofen, Stadt",Erststimmen,CDU,1321,39.26872770511296
08127043,"Ilshofen, Stadt",Zweitstimmen,CDU,1157,34.32215959655888
08127046,"Kirchberg an der Jagst, Stadt",Erststimmen,CDU,697,32.433690088413215
08127046,"Kirchberg an der Jagst, Stadt",Zweitstimmen,CDU,615,28.51182197496523
08127047,"Langenburg, Stadt",Erststimmen,CDU,385,38.04347826086957
08127047,"Langenburg, Stadt",Zweitstimmen,CDU,334,33.10208126858276
08127052,Mainhardt,Erststimmen,CDU,1144,35.461872287662736
08127052,Mainhardt,Zweitstimmen,CDU,976,30.244809420514407
08127056,Michelbach an der Bilz,Erststimmen,CDU,675,33.64905284147557
08127056,Michelbach an der Bilz,Zweitstimmen,CDU,560,27.833001988071572
08127059,Michelfeld,Erststimmen,CDU,853,39.60074280408542
08127059,Michelfeld,Zweitstimmen,CDU,716,33.209647495361786
08127062,Oberrot,Erststimmen,CDU,633,35.46218487394958
08127062,Oberrot,Zweitstimmen,CDU,537,29.966517857142854
08127063,Obersontheim,Erststimmen,CDU,1018,37.13973002553813
08127063,Obersontheim,Zweitstimmen,CDU,825,30.05464480874317
08127071,Rot am See,Erststimmen,CDU,1236,41.72856178257934
08127071,Rot am See,Zweitstimmen,CDU,1137,38.38622552329507
08127073,Satteldorf,Erststimmen,CDU,1125,39.44600280504909
08127073,Satteldorf,Zweitstimmen,CDU,953,33.27513966480447
08127075,"Schrozberg, Stadt",Erststimmen,CDU,1263,44.03765690376569
08127075,"Schrozberg, Stadt",Zweitstimmen,CDU,1076,37.50435691878703
08127076,"Schwäbisch Hall, Stadt",Erststimmen,CDU,6421,31.79027626497673
08127076,"Schwäbisch Hall, Stadt",Zweitstimmen,CDU,5118,25.29155959675825
08127079,Sulzbach-Laufen,Erststimmen,CDU,511,36.57838224767359
08127079,Sulzbach-Laufen,Zweitstimmen,CDU,420,30.08595988538682
08127086,Untermünkheim,Erststimmen,CDU,916,50.440528634361236
08127086,Untermünkheim,Zweitstimmen,CDU,670,36.77277716794731
08127089,"Vellberg, Stadt",Erststimmen,CDU,1017,39.63367108339828
08127089,"Vellberg, Stadt",Zweitstimmen,CDU,857,33.39828526890101
08127091,Wallhausen,Erststimmen,CDU,668,35.721925133689844
08127091,Wallhausen,Zweitstimmen,CDU,643,34.29333333333333
08127099,Wolpertshausen,Erststimmen,CDU,423,34.72906403940887
08127099,Wolpertshausen,Zweitstimmen,CDU,327,26.78132678132678
08127100,Rosengarten,Erststimmen,CDU,1062,36.69661368348307
08127100,Rosengarten,Zweitstimmen,CDU,903,31.073640743289744
08127101,Kreßberg,Erststimmen,CDU,891,42.50954198473282
08127101,Kreßberg,Zweitstimmen,CDU,747,35.605338417540516
08127102,Fichtenau,Erststimmen,CDU,1015,45.03105590062112
08127102,Fichtenau,Zweitstimmen,CDU,827,36.72291296625222
08127103,Frankenhardt,Erststimmen,CDU,1181,42.08838203848895
08127103,Frankenhardt,Zweitstimmen,CDU,929,33.03698435277382
08127104,Stimpfach,Erststimmen,CDU,988,59.05558876270174
08127104,Stimpfach,Zweitstimmen,CDU,682,40.81388390185518
08128006,Assamstadt,Erststimmen,CDU,708,52.05882352941177
08128006,Assamstadt,Zweitstimmen,CDU,597,43.89705882352941
08128007,"Bad Mergentheim, Stadt",Erststimmen,CDU,4327,38.60290837719689
08128007,"Bad Mergentheim, Stadt",Zweitstimmen,CDU,3939,34.997778764993335
08128014,"Boxberg, Stadt",Erststimmen,CDU,1366,35.99472990777339
08128014,"Boxberg, Stadt",Zweitstimmen,CDU,1178,30.805439330543933
08128020,"Creglingen, Stadt",Erststimmen,CDU,1131,42.391304347826086
08128020,"Creglingen, Stadt",Zweitstimmen,CDU,1032,38.50746268656716
08128039,"Freudenberg, Stadt",Erststimmen,CDU,968,51.35278514588859
08128039,"Freudenberg, Stadt",Zweitstimmen,CDU,839,44.39153439153439
08128045,Großrinderfeld,Erststimmen,CDU,1199,50.93457943925234
08128045,Großrinderfeld,Zweitstimmen,CDU,1017,42.929506120726046
08128047,"Grünsfeld, Stadt",Erststimmen,CDU,1016,47.27780362959516
08128047,"Grünsfeld, Stadt",Zweitstimmen,CDU,861,39.87957387679481
08128058,Igersheim,Erststimmen,CDU,1274,41.63398692810458
08128058,Igersheim,Zweitstimmen,CDU,1134,36.90205011389522
08128061,Königheim,Erststimmen,CDU,1037,54.86772486772487
08128061,Königheim,Zweitstimmen,CDU,886,46.7053241960991
08128064,"Külsheim, Stadt",Erststimmen,CDU,1458,48.07121661721068
08128064,"Külsheim, Stadt",Zweitstimmen,CDU,1298,42.44604316546763
08128082,"Niederstetten, Stadt",Erststimmen,CDU,1059,35.32354903268846
08128082,"Niederstetten, Stadt",Zweitstimmen,CDU,1038,34.4050381173351
08128115,"Tauberbischofsheim, Stadt",Erststimmen,CDU,3050,45.46809779367919
08128115,"Tauberbischofsheim, Stadt",Zweitstimmen,CDU,2689,39.731087470449175
08128126,"Weikersheim, Stadt",Erststimmen,CDU,1710,38.43560350640593
08128126,"Weikersheim, Stadt",Zweitstimmen,CDU,1551,34.6747149564051
08128128,Werbach,Erststimmen,CDU,845,43.896103896103895
08128128,Werbach,Zweitstimmen,CDU,739,38.13209494324045
08128131,"Wertheim, Stadt",Erststimmen,CDU,3810,35.84870154309371
08128131,"Wertheim, Stadt",Zweitstimmen,CDU,3265,30.62277246295254
08128137,Wittighausen,Erststimmen,CDU,477,47.368421052631575
08128137,Wittighausen,Zweitstimmen,CDU,398,39.44499504459861
08128138,Ahorn,Erststimmen,CDU,604,42.53521126760563
08128138,Ahorn,Zweitstimmen,CDU,514,36.14627285513362
08128139,"Lauda-Königshofen, Stadt",Erststimmen,CDU,3064,41.70409691030352
08128139,"Lauda-Königshofen, Stadt",Zweitstimmen,CDU,2693,36.44113667117727
08135010,Dischingen,Erststimmen,CDU,988,39.83870967741935
08135010,Dischingen,Zweitstimmen,CDU,969,39.0883420734167
08135015,Gerstetten,Erststimmen,CDU,1957,31.09310454401017
08135015,Gerstetten,Zweitstimmen,CDU,1902,30.123535001583786
08135016,"Giengen an der Brenz, Stadt",Erststimmen,CDU,1887,24.452507451082024
08135016,"Giengen an der Brenz, Stadt",Zweitstimmen,CDU,1968,25.452664252457318
08135019,"Heidenheim an der Brenz, Stadt",Erststimmen,CDU,4975,26.621361301369863
08135019,"Heidenheim an der Brenz, Stadt",Zweitstimmen,CDU,4845,25.87311759051586
08135020,"Herbrechtingen, Stadt",Erststimmen,CDU,1779,27.457941040283995
08135020,"Herbrechtingen, Stadt",Zweitstimmen,CDU,1778,27.36647683546252
08135021,Hermaringen,Erststimmen,CDU,366,28.46034214618974
08135021,Hermaringen,Zweitstimmen,CDU,403,31.167826759474092
08135025,Königsbronn,Erststimmen,CDU,1066,28.0600157936299
08135025,Königsbronn,Zweitstimmen,CDU,1046,27.48292170257488
08135026,Nattheim,Erststimmen,CDU,1207,32.62162162162162
08135026,Nattheim,Zweitstimmen,CDU,1219,32.78644432490586
08135027,"Niederstotzingen, Stadt",Erststimmen,CDU,876,34.569850039463304
08135027,"Niederstotzingen, Stadt",Zweitstimmen,CDU,821,32.28470310656705
08135031,Sontheim an der Brenz,Erststimmen,CDU,1026,32.81100095938599
08135031,Sontheim an der Brenz,Zweitstimmen,CDU,1031,32.844855049378786
08135032,Steinheim am Albuch,Erststimmen,CDU,1497,32.41663057600693
08135032,Steinheim am Albuch,Zweitstimmen,CDU,1462,31.563039723661486
08216002,Au am Rhein,Erststimmen,CDU,770,39.89637305699482
08216002,Au am Rhein,Zweitstimmen,CDU,657,33.83110195674563
08216005,Bietigheim,Erststimmen,CDU,1172,34.45032333921223
08216005,Bietigheim,Zweitstimmen,CDU,1000,29.29973630237328
08216006,Bischweier,Erststimmen,CDU,618,35.82608695652174
08216006,Bischweier,Zweitstimmen,CDU,551,31.794575879976918
08216009,Durmersheim,Erststimmen,CDU,1899,32.422742018098
08216009,Durmersheim,Zweitstimmen,CDU,1680,28.484231943031535
08216012,Elchesheim-Illingen,Erststimmen,CDU,668,37.65501691093574
08216012,Elchesheim-Illingen,Zweitstimmen,CDU,546,30.605381165919283
08216013,Forbach,Erststimmen,CDU,961,40.091781393408425
08216013,Forbach,Zweitstimmen,CDU,877,36.52644731361933
08216015,"Gaggenau, Stadt",Erststimmen,CDU,4699,33.70391622435805
08216015,"Gaggenau, Stadt",Zweitstimmen,CDU,4268,30.54243595248318
08216017,"Gernsbach, Stadt",Erststimmen,CDU,2376,34.12322274881517
08216017,"Gernsbach, Stadt",Zweitstimmen,CDU,2087,29.844129844129846
08216023,Iffezheim,Erststimmen,CDU,1073,40.59780552402572
08216023,Iffezheim,Zweitstimmen,CDU,944,35.56895252449133
08216024,"Kuppenheim, Stadt",Erststimmen,CDU,1580,37.22025912838633
08216024,"Kuppenheim, Stadt",Zweitstimmen,CDU,1375,32.14118747078074
08216029,Loffenau,Erststimmen,CDU,473,35.61746987951807
08216029,Loffenau,Zweitstimmen,CDU,423,31.78061607813674
08216033,Muggensturm,Erststimmen,CDU,1049,32.42658423493045
08216033,Muggensturm,Zweitstimmen,CDU,905,27.914867365823564
08216039,Ötigheim,Erststimmen,CDU,1401,50.32327586206896
08216039,Ötigheim,Zweitstimmen,CDU,1024,36.71566869845823
08216043,"Rastatt, Stadt",Erststimmen,CDU,5594,30.783623156504515
08216043,"Rastatt, Stadt",Zweitstimmen,CDU,4956,27.151701090231743
08216052,Steinmauern,Erststimmen,CDU,632,38.44282238442822
08216052,Steinmauern,Zweitstimmen,CDU,538,32.56658595641647
08216059,Weisenbach,Erststimmen,CDU,504,39.936608557844686
08216059,Weisenbach,Zweitstimmen,CDU,450,35.405192761605036
08231000,"Pforzheim, Stadt",Erststimmen,CDU,12234,30.285926476049013
08231000,"Pforzheim, Stadt",Zweitstimmen,CDU,10153,25.022797288971045
08235006,"Altensteig, Stadt",Erststimmen,CDU,1860,38.21656050955414
08235006,"Altensteig, Stadt",Zweitstimmen,CDU,1671,34.24180327868853
08235007,Althengstett,Erststimmen,CDU,1789,39.23245614035088
08235007,Althengstett,Zweitstimmen,CDU,1494,32.5987344534148
08235008,"Bad Liebenzell, Stadt",Erststimmen,CDU,1762,36.670135275754426
08235008,"Bad Liebenzell, Stadt",Zweitstimmen,CDU,1530,31.61810291382517
08235018,Dobel,Erststimmen,CDU,358,29.958158995815896
08235018,Dobel,Zweitstimmen,CDU,307,25.626043405676125
08235020,Ebhausen,Erststimmen,CDU,936,39.04881101376721
08235020,Ebhausen,Zweitstimmen,CDU,836,34.645669291338585
08235022,Egenhausen,Erststimmen,CDU,491,41.68081494057725
08235022,Egenhausen,Zweitstimmen,CDU,444,37.72302463891249
08235025,Enzklösterle,Erststimmen,CDU,319,44.99294781382229
08235025,Enzklösterle,Zweitstimmen,CDU,271,37.9020979020979
08235029,Gechingen,Erststimmen,CDU,829,39.34504034171808
08235029,Gechingen,Zweitstimmen,CDU,695,32.78301886792453
08235032,"Haiterbach, Stadt",Erststimmen,CDU,1120,40.72727272727273
08235032,"Haiterbach, Stadt",Zweitstimmen,CDU,1013,36.68960521550163
08235033,"Bad Herrenalb, Stadt",Erststimmen,CDU,1209,32.40418118466899
08235033,"Bad Herrenalb, Stadt",Zweitstimmen,CDU,1045,27.82956058588549
08235035,Höfen an der Enz,Erststimmen,CDU,289,36.30653266331658
08235035,Höfen an der Enz,Zweitstimmen,CDU,236,29.611041405269763
08235046,"Nagold, Stadt",Erststimmen,CDU,3920,37.033538025507795
08235046,"Nagold, Stadt",Zweitstimmen,CDU,3397,32.0079148214454
08235047,"Neubulach, Stadt",Erststimmen,CDU,1423,43.29175540006084
08235047,"Neubulach, Stadt",Zweitstimmen,CDU,1194,36.116152450090745
08235050,Neuweiler,Erststimmen,CDU,829,43.65455502896261
08235050,Neuweiler,Zweitstimmen,CDU,721,37.86764705882353
08235055,Oberreichenbach,Erststimmen,CDU,686,37.08108108108108
08235055,Oberreichenbach,Zweitstimmen,CDU,563,30.13918629550321
08235057,Ostelsheim,Erststimmen,CDU,487,34.05594405594405
08235057,Ostelsheim,Zweitstimmen,CDU,382,26.6016713091922
08235060,Rohrdorf,Erststimmen,CDU,345,39.38356164383562
08235060,Rohrdorf,Zweitstimmen,CDU,293,33.257661748013625
08235065,Schömberg,Erststimmen,CDU,1307,35.74945295404814
08235065,Schömberg,Zweitstimmen,CDU,1059,28.691411541587648
08235066,Simmersfeld,Erststimmen,CDU,538,42.2623723487824
08235066,Simmersfeld,Zweitstimmen,CDU,487,38.2560879811469
08235067,Simmozheim,Erststimmen,CDU,589,36.8125
08235067,Simmozheim,Zweitstimmen,CDU,492,30.502169869807812
08235073,Unterreichenbach,Erststimmen,CDU,387,34.096916299559474
08235073,Unterreichenbach,Zweitstimmen,CDU,320,28.094820017559265
08235079,"Bad Wildbad, Stadt",Erststimmen,CDU,1628,38.162212845757146
08235079,"Bad Wildbad, Stadt",Zweitstimmen,CDU,1336,31.07699464991859
08235080,"Wildberg, Stadt",Erststimmen,CDU,2194,39.44624235886372
08235080,"Wildberg, Stadt",Zweitstimmen,CDU,1956,35.0412038695808
08235084,"Bad Teinach-Zavelstein, Stadt",Erststimmen,CDU,698,39.63657013060761
08235084,"Bad Teinach-Zavelstein, Stadt",Zweitstimmen,CDU,616,34.861346915676286
08235085,"Calw, Stadt",Erststimmen,CDU,3631,34.446447206147425
08235085,"Calw, Stadt",Zweitstimmen,CDU,2998,28.25369899161248
08236004,Birkenfeld,Erststimmen,CDU,1727,34.143930407275604
08236004,Birkenfeld,Zweitstimmen,CDU,1501,29.61720599842147
08236011,Eisingen,Erststimmen,CDU,705,30.128205128205128
08236011,Eisingen,Zweitstimmen,CDU,640,27.1531607976241
08236013,Engelsbrand,Erststimmen,CDU,851,35.0494233937397
08236013,Engelsbrand,Zweitstimmen,CDU,768,31.42389525368249
08236019,Friolzheim,Erststimmen,CDU,729,34.847036328871894
08236019,Friolzheim,Zweitstimmen,CDU,696,33.07984790874524
08236025,"Heimsheim, Stadt",Erststimmen,CDU,981,36.921339856981554
08236025,"Heimsheim, Stadt",Zweitstimmen,CDU,845,31.76691729323308
08236028,Illingen,Erststimmen,CDU,1271,31.83867735470942
08236028,Illingen,Zweitstimmen,CDU,1181,29.539769884942473
08236030,Ispringen,Erststimmen,CDU,840,30.021443888491778
08236030,Ispringen,Zweitstimmen,CDU,749,26.673789173789174
08236031,Kieselbronn,Erststimmen,CDU,535,33.37492202121023
08236031,Kieselbronn,Zweitstimmen,CDU,434,26.990049751243784
08236033,"Knittlingen, Stadt",Erststimmen,CDU,1263,31.990881458966562
08236033,"Knittlingen, Stadt",Zweitstimmen,CDU,1081,27.19496855345912
08236038,"Maulbronn, Stadt",Erststimmen,CDU,903,27.673919705792215
08236038,"Maulbronn, Stadt",Zweitstimmen,CDU,856,26.153376107546595
08236039,Mönsheim,Erststimmen,CDU,585,37.119289340101524
08236039,Mönsheim,Zweitstimmen,CDU,516,32.65822784810127
08236040,"Mühlacker, Stadt",Erststimmen,CDU,3184,29.676577500233016
08236040,"Mühlacker, Stadt",Zweitstimmen,CDU,2934,27.254993032977243
08236043,"Neuenbürg, Stadt",Erststimmen,CDU,995,27.060103345118304
08236043,"Neuenbürg, Stadt",Zweitstimmen,CDU,989,26.802168021680217
08236044,Neuhausen,Erststimmen,CDU,1031,33.79219927892495
08236044,Neuhausen,Zweitstimmen,CDU,956,31.344262295081965
08236046,Niefern-Öschelbronn,Erststimmen,CDU,1051,18.83850152357053
08236046,Niefern-Öschelbronn,Zweitstimmen,CDU,1443,25.818572195383787
08236050,Ötisheim,Erststimmen,CDU,754,29.73186119873817
08236050,Ötisheim,Zweitstimmen,CDU,687,27.015336217066455
08236061,Sternenfels,Erststimmen,CDU,363,23.46477052359405
08236061,Sternenfels,Zweitstimmen,CDU,358,23.00771208226221
08236062,Tiefenbronn,Erststimmen,CDU,1166,36.40337183890103
08236062,Tiefenbronn,Zweitstimmen,CDU,1089,33.851414361206096
08236065,Wiernsheim,Erststimmen,CDU,1370,35.788923719958206
08236065,Wiernsheim,Zweitstimmen,CDU,1127,29.33368037480479
08236067,Wimsheim,Erststimmen,CDU,516,31.71481253841426
08236067,Wimsheim,Zweitstimmen,CDU,476,29.238329238329236
08236068,Wurmberg,Erststimmen,CDU,588,36.05150214592275
08236068,Wurmberg,Zweitstimmen,CDU,519,31.84049079754601
08236070,Keltern,Erststimmen,CDU,1656,31.645327727880755
08236070,Keltern,Zweitstimmen,CDU,1518,28.892272554244386
08236071,Remchingen,Erststimmen,CDU,2339,36.23547637490317
08236071,Remchingen,Zweitstimmen,CDU,2002,30.890294707606852
08236072,Straubenhardt,Erststimmen,CDU,1928,31.47755102040816
08236072,Straubenhardt,Zweitstimmen,CDU,1780,28.985507246376812
08236073,Neulingen,Erststimmen,CDU,1191,32.33776812381211
08236073,Neulingen,Zweitstimmen,CDU,1074,29.05844155844156
08236074,Kämpfelbach,Erststimmen,CDU,1205,33.61227336122734
08236074,Kämpfelbach,Zweitstimmen,CDU,1070,29.81331847311229
08236075,Ölbronn-Dürrn,Erststimmen,CDU,560,28.851107676455435
08236075,Ölbronn-Dürrn,Zweitstimmen,CDU,568,28.97959183673469
08236076,Königsbach-Stein,Erststimmen,CDU,1712,30.81908190819082
08236076,Königsbach-Stein,Zweitstimmen,CDU,1559,27.954097184866416
08237002,"Alpirsbach, Stadt",Erststimmen,CDU,1143,36.954413191076625
08237002,"Alpirsbach, Stadt",Zweitstimmen,CDU,898,28.93973573960683
08237004,Baiersbronn,Erststimmen,CDU,3528,47.74665042630938
08237004,Baiersbronn,Zweitstimmen,CDU,2756,37.187963837538796
08237019,"Dornstetten, Stadt",Erststimmen,CDU,1506,37.304929403022044
08237019,"Dornstetten, Stadt",Zweitstimmen,CDU,1233,30.436929153295484
08237024,Empfingen,Erststimmen,CDU,1073,48.55203619909502
08237024,Empfingen,Zweitstimmen,CDU,850,38.23661718398561
08237027,Eutingen im Gäu,Erststimmen,CDU,1412,41.99881023200476
08237027,Eutingen im Gäu,Zweitstimmen,CDU,1210,35.96908442330559
08237028,"Freudenstadt, Stadt",Erststimmen,CDU,4052,37.61953393371089
08237028,"Freudenstadt, Stadt",Zweitstimmen,CDU,3324,30.786329535982215
08237030,Glatten,Erststimmen,CDU,555,39.250353606789254
08237030,Glatten,Zweitstimmen,CDU,464,32.722143864598024
08237032,Grömbach,Erststimmen,CDU,111,41.57303370786517
08237032,Grömbach,Zweitstimmen,CDU,98,36.9811320754717
08237040,"Horb am Neckar, Stadt",Erststimmen,CDU,5027,40.32245127135638
08237040,"Horb am Neckar, Stadt",Zweitstimmen,CDU,4247,33.94341432225064
08237045,Loßburg,Erststimmen,CDU,1969,44.0
08237045,Loßburg,Zweitstimmen,CDU,1641,36.64582402858419
08237054,Pfalzgrafenweiler,Erststimmen,CDU,1474,40.372500684743905
08237054,Pfalzgrafenweiler,Zweitstimmen,CDU,1263,34.50819672131147
08237061,Schopfloch,Erststimmen,CDU,676,43.38896020539153
08237061,Schopfloch,Zweitstimmen,CDU,569,36.45099295323511
08237072,Wörnersberg,Erststimmen,CDU,40,44.44444444444444
08237072,Wörnersberg,Zweitstimmen,CDU,35,38.88888888888889
08237073,Seewald,Erststimmen,CDU,513,43.58538657604078
08237073,Seewald,Zweitstimmen,CDU,431,36.46362098138748
08237074,Waldachtal,Erststimmen,CDU,1367,42.705404561074666
08237074,Waldachtal,Zweitstimmen,CDU,1151,35.76755748912368
08237075,Bad Rippoldsau-Schapbach,Erststimmen,CDU,624,50.28203062046737
08237075,Bad Rippoldsau-Schapbach,Zweitstimmen,CDU,502,40.19215372297838
08316002,Bahlingen am Kaiserstuhl,Erststimmen,CDU,853,32.985305491105954
08316002,Bahlingen am Kaiserstuhl,Zweitstimmen,CDU,752,29.00115696104898
08316003,Biederbach,Erststimmen,CDU,585,57.01754385964912
08316003,Biederbach,Zweitstimmen,CDU,482,46.88715953307393
08316009,Denzlingen,Erststimmen,CDU,2029,27.627995642701524
08316009,Denzlingen,Zweitstimmen,CDU,1747,23.733188425485668
08316010,"Elzach, Stadt",Erststimmen,CDU,2205,51.43456962911127
08316010,"Elzach, Stadt",Zweitstimmen,CDU,1793,41.75593851886353
08316011,"Emmendingen, Stadt",Erststimmen,CDU,3532,25.126271608451304
08316011,"Emmendingen, Stadt",Zweitstimmen,CDU,3024,21.477272727272727
08316012,"Endingen am Kaiserstuhl, Stadt",Erststimmen,CDU,2077,36.09035621198957
08316012,"Endingen am Kaiserstuhl, Stadt",Zweitstimmen,CDU,1830,31.770833333333332
08316013,Forchheim,Erststimmen,CDU,309,37.31884057971014
08316013,Forchheim,Zweitstimmen,CDU,255,30.83434099153567
08316014,Gutach im Breisgau,Erststimmen,CDU,1125,42.69449715370019
08316014,Gutach im Breisgau,Zweitstimmen,CDU,926,35.14231499051233
08316017,"Herbolzheim, Stadt",Erststimmen,CDU,1688,32.09125475285171
08316017,"Herbolzheim, Stadt",Zweitstimmen,CDU,1433,27.165876777251185
08316020,"Kenzingen, Stadt",Erststimmen,CDU,1664,29.917295936713412
08316020,"Kenzingen, Stadt",Zweitstimmen,CDU,1474,26.429980276134124
08316024,Malterdingen,Erststimmen,CDU,644,33.87690689110994
08316024,Malterdingen,Zweitstimmen,CDU,566,29.74251182343668
08316036,Reute,Erststimmen,CDU,695,40.05763688760807
08316036,Reute,Zweitstimmen,CDU,626,35.97701149425288
08316037,Riegel am Kaiserstuhl,Erststimmen,CDU,587,29.00197628458498
08316037,Riegel am Kaiserstuhl,Zweitstimmen,CDU,517,25.594059405940595
08316038,Sasbach am Kaiserstuhl,Erststimmen,CDU,735,35.853658536585364
08316038,Sasbach am Kaiserstuhl,Zweitstimmen,CDU,639,31.110029211295032
08316039,Sexau,Erststimmen,CDU,698,33.159144893111645
08316039,Sexau,Zweitstimmen,CDU,600,28.436018957345972
08316042,Simonswald,Erststimmen,CDU,895,50.36578503095104
08316042,Simonswald,Zweitstimmen,CDU,761,42.94582392776524
08316043,Teningen,Erststimmen,CDU,1916,29.9375
08316043,Teningen,Zweitstimmen,CDU,1727,26.88356164383562
08316045,Vörstetten,Erststimmen,CDU,552,29.14466737064414
08316045,Vörstetten,Zweitstimmen,CDU,478,25.237592397043297
08316049,Weisweil,Erststimmen,CDU,356,28.502802241793436
08316049,Weisweil,Zweitstimmen,CDU,310,24.8
08316051,Wyhl am Kaiserstuhl,Erststimmen,CDU,792,38.26086956521739
08316051,Wyhl am Kaiserstuhl,Zweitstimmen,CDU,696,33.6231884057971
08316053,Rheinhausen im Breisgau,Erststimmen,CDU,896,39.681133746678476
08316053,Rheinhausen im Breisgau,Zweitstimmen,CDU,806,35.475352112676056
08316054,Freiamt,Erststimmen,CDU,1017,40.53407732164209
08316054,Freiamt,Zweitstimmen,CDU,822,32.73596176821984
08316055,Winden im Elztal,Erststimmen,CDU,819,50.21459227467812
08316055,Winden im Elztal,Zweitstimmen,CDU,605,37.02570379436965
08316056,"Waldkirch, Stadt",Erststimmen,CDU,3892,34.549489569462935
08316056,"Waldkirch, Stadt",Zweitstimmen,CDU,3062,27.13095870990608
08325001,Aichhalden,Erststimmen,CDU,1052,41.27108670066693
08325001,Aichhalden,Zweitstimmen,CDU,934,36.64182032169479
08325009,Bösingen,Erststimmen,CDU,909,44.0406976744186
08325009,Bösingen,Zweitstimmen,CDU,838,40.541848089017904
08325011,Dietingen,Erststimmen,CDU,925,38.81661770877046
08325011,Dietingen,Zweitstimmen,CDU,838,35.18052057094878
08325012,"Dornhan, Stadt",Erststimmen,CDU,1401,39.079497907949786
08325012,"Dornhan, Stadt",Zweitstimmen,CDU,1221,34.03958739894062
08325014,Dunningen,Erststimmen,CDU,1550,41.71151776103337
08325014,Dunningen,Zweitstimmen,CDU,1354,36.417428725121034
08325015,Epfendorf,Erststimmen,CDU,665,36.80132816823464
08325015,Epfendorf,Zweitstimmen,CDU,627,34.69839513004981
08325024,Hardt,Erststimmen,CDU,747,44.75733972438586
08325024,Hardt,Zweitstimmen,CDU,667,40.0360144057623
08325036,Lauterbach,Erststimmen,CDU,652,43.87617765814266
08325036,Lauterbach,Zweitstimmen,CDU,607,40.738255033557046
08325045,"Oberndorf am Neckar, Stadt",Erststimmen,CDU,2176,33.9681548548236
08325045,"Oberndorf am Neckar, Stadt",Zweitstimmen,CDU,1969,30.73680924133625
08325049,"Rottweil, Stadt",Erststimmen,CDU,4209,34.9788082772376
08325049,"Rottweil, Stadt",Zweitstimmen,CDU,3635,30.173487175230346
08325050,Schenkenzell,Erststimmen,CDU,494,47.82187802516941
08325050,Schenkenzell,Zweitstimmen,CDU,437,42.10019267822736
08325051,"Schiltach, Stadt",Erststimmen,CDU,724,35.87710604558969
08325051,"Schiltach, Stadt",Zweitstimmen,CDU,631,31.17588932806324
08325053,"Schramberg, Stadt",Erststimmen,CDU,3466,36.92340470863961
08325053,"Schramberg, Stadt",Zweitstimmen,CDU,3102,32.96142811603443
08325057,"Sulz am Neckar, Stadt",Erststimmen,CDU,2236,36.24574485329875
08325057,"Sulz am Neckar, Stadt",Zweitstimmen,CDU,1921,31.079113412069244
08325060,Villingendorf,Erststimmen,CDU,772,40.63157894736842
08325060,Villingendorf,Zweitstimmen,CDU,682,35.83815028901734
08325061,Vöhringen,Erststimmen,CDU,819,34.910485933503836
08325061,Vöhringen,Zweitstimmen,CDU,695,29.511677282377917
08325064,Wellendingen,Erststimmen,CDU,699,42.210144927536234
08325064,Wellendingen,Zweitstimmen,CDU,647,38.97590361445783
08325069,Zimmern ob Rottweil,Erststimmen,CDU,1325,39.59952181709504
08325069,Zimmern ob Rottweil,Zweitstimmen,CDU,1117,33.39312406576981
08325070,Fluorn-Winzeln,Erststimmen,CDU,685,38.33240067151651
08325070,Fluorn-Winzeln,Zweitstimmen,CDU,576,32.142857142857146
08325071,Eschbronn,Erststimmen,CDU,461,36.04378420641126
08325071,Eschbronn,Zweitstimmen,CDU,403,31.558339859044636
08325072,Deißlingen,Erststimmen,CDU,1080,33.56121814791796
08325072,Deißlingen,Zweitstimmen,CDU,929,28.770517187983895
08326003,"Bad Dürrheim, Stadt",Erststimmen,CDU,2416,35.67631423508565
08326003,"Bad Dürrheim, Stadt",Zweitstimmen,CDU,2221,32.62338425381904
08326005,"Blumberg, Stadt",Erststimmen,CDU,1868,42.67763308201965
08326005,"Blumberg, Stadt",Zweitstimmen,CDU,1539,35.03300705668108
08326006,"Bräunlingen, Stadt",Erststimmen,CDU,1171,37.28112066220949
08326006,"Bräunlingen, Stadt",Zweitstimmen,CDU,1108,35.14113542657786
08326010,Dauchingen,Erststimmen,CDU,797,38.11573409851746
08326010,Dauchingen,Zweitstimmen,CDU,731,34.84270734032412
08326012,"Donaueschingen, Stadt",Erststimmen,CDU,3021,28.80984169368682
08326012,"Donaueschingen, Stadt",Zweitstimmen,CDU,2993,28.404669260700388
08326017,"Furtwangen im Schwarzwald, Stadt",Erststimmen,CDU,1232,31.009312861817268
08326017,"Furtwangen im Schwarzwald, Stadt",Zweitstimmen,CDU,1326,33.21643286573146
08326020,Gütenbach,Erststimmen,CDU,209,37.18861209964413
08326020,Gütenbach,Zweitstimmen,CDU,213,37.90035587188612
08326027,"Hüfingen, Stadt",Erststimmen,CDU,1419,36.1160600661746
08326027,"Hüfingen, Stadt",Zweitstimmen,CDU,1284,32.498101746393324
08326031,Königsfeld im Schwarzwald,Erststimmen,CDU,1214,34.54752418895845
08326031,Königsfeld im Schwarzwald,Zweitstimmen,CDU,1115,31.586402266288953
08326037,Mönchweiler,Erststimmen,CDU,514,31.151515151515152
08326037,Mönchweiler,Zweitstimmen,CDU,513,30.940892641737033
08326041,Niedereschach,Erststimmen,CDU,1173,35.33132530120482
08326041,Niedereschach,Zweitstimmen,CDU,1155,34.69510363472514
08326052,"St. Georgen im Schwarzwald, Stadt",Erststimmen,CDU,1905,31.081742535487027
08326052,"St. Georgen im Schwarzwald, Stadt",Zweitstimmen,CDU,1783,28.902577403144758
08326054,Schönwald im Schwarzwald,Erststimmen,CDU,482,36.54283548142532
08326054,Schönwald im Schwarzwald,Zweitstimmen,CDU,453,34.13715146948003
08326055,Schonach im Schwarzwald,Erststimmen,CDU,878,41.84938036224976
08326055,Schonach im Schwarzwald,Zweitstimmen,CDU,883,41.90792596108211
08326060,"Triberg im Schwarzwald, Stadt",Erststimmen,CDU,691,38.75490745933819
08326060,"Triberg im Schwarzwald, Stadt",Zweitstimmen,CDU,702,39.21787709497207
08326061,Tuningen,Erststimmen,CDU,488,29.468599033816425
08326061,Tuningen,Zweitstimmen,CDU,453,27.190876350540215
08326065,Unterkirnach,Erststimmen,CDU,394,31.469648562300318
08326065,Unterkirnach,Zweitstimmen,CDU,395,31.47410358565737
08326068,"Vöhrenbach, Stadt",Erststimmen,CDU,551,32.79761904761905
08326068,"Vöhrenbach, Stadt",Zweitstimmen,CDU,620,36.773428232502965
08326074,"Villingen-Schwenningen, Stadt",Erststimmen,CDU,9995,28.614371600343546
08326074,"Villingen-Schwenningen, Stadt",Zweitstimmen,CDU,9568,27.27480045610034
08326075,Brigachtal,Erststimmen,CDU,1091,37.60772147535333
08326075,Brigachtal,Zweitstimmen,CDU,1021,34.834527465029005
08327002,Aldingen,Erststimmen,CDU,1178,36.54979832454235
08327002,Aldingen,Zweitstimmen,CDU,990,30.602782071097373
08327004,Bärenthal,Erststimmen,CDU,165,59.352517985611506
08327004,Bärenthal,Zweitstimmen,CDU,141,50.53763440860215
08327005,Balgheim,Erststimmen,CDU,306,43.776824034334766
08327005,Balgheim,Zweitstimmen,CDU,252,35.79545454545455
08327006,Böttingen,Erststimmen,CDU,384,47.701863354037265
08327006,Böttingen,Zweitstimmen,CDU,333,41.060419235511716
08327007,Bubsheim,Erststimmen,CDU,246,44.72727272727273
08327007,Bubsheim,Zweitstimmen,CDU,218,39.27927927927928
08327008,Buchheim,Erststimmen,CDU,218,48.55233853006681
08327008,Buchheim,Zweitstimmen,CDU,193,42.69911504424779
08327009,Deilingen,Erststimmen,CDU,494,51.9453207150368
08327009,Deilingen,Zweitstimmen,CDU,441,46.27492130115425
08327010,Denkingen,Erststimmen,CDU,592,40.21739130434783
08327010,Denkingen,Zweitstimmen,CDU,500,33.78378378378378
08327011,Dürbheim,Erststimmen,CDU,488,50.46535677352637
08327011,Dürbheim,Zweitstimmen,CDU,422,43.46035015447992
08327012,Durchhausen,Erststimmen,CDU,210,40.0
08327012,Durchhausen,Zweitstimmen,CDU,183,34.593572778827976
08327013,Egesheim,Erststimmen,CDU,137,48.92857142857142
08327013,Egesheim,Zweitstimmen,CDU,117,41.19718309859155
08327016,"Fridingen an der Donau, Stadt",Erststimmen,CDU,822,49.31013797240552
08327016,"Fridingen an der Donau, Stadt",Zweitstimmen,CDU,618,36.8955223880597
08327017,Frittlingen,Erststimmen,CDU,487,44.96768236380424
08327017,Frittlingen,Zweitstimmen,CDU,431,39.57759412304867
08327018,"Geisingen, Stadt",Erststimmen,CDU,1256,41.86666666666667
08327018,"Geisingen, Stadt",Zweitstimmen,CDU,1089,36.191425722831504
08327019,Gosheim,Erststimmen,CDU,784,45.44927536231884
08327019,Gosheim,Zweitstimmen,CDU,685,39.5268320830929
08327020,Gunningen,Erststimmen,CDU,176,42.82238442822384
08327020,Gunningen,Zweitstimmen,CDU,143,34.96332518337408
08327023,Hausen ob Verena,Erststimmen,CDU,174,35.728952772073924
08327023,Hausen ob Verena,Zweitstimmen,CDU,136,27.86885245901639
08327025,Immendingen,Erststimmen,CDU,1162,38.400528750826176
08327025,Immendingen,Zweitstimmen,CDU,984,32.42174629324547
08327027,Irndorf,Erststimmen,CDU,198,44.29530201342282
08327027,Irndorf,Zweitstimmen,CDU,175,38.716814159292035
08327029,Königsheim,Erststimmen,CDU,168,47.72727272727273
08327029,Königsheim,Zweitstimmen,CDU,153,43.22033898305085
08327030,Kolbingen,Erststimmen,CDU,396,51.697127937336816
08327030,Kolbingen,Zweitstimmen,CDU,350,45.751633986928105
08327033,Mahlstetten,Erststimmen,CDU,231,48.22546972860125
08327033,Mahlstetten,Zweitstimmen,CDU,207,43.03534303534304
08327036,"Mühlheim an der Donau, Stadt",Erststimmen,CDU,929,46.19592242665341
08327036,"Mühlheim an der Donau, Stadt",Zweitstimmen,CDU,810,40.03954522985665
08327038,Neuhausen ob Eck,Erststimmen,CDU,741,38.71473354231975
08327038,Neuhausen ob Eck,Zweitstimmen,CDU,632,32.84823284823285
08327040,Reichenbach am Heuberg,Erststimmen,CDU,90,40.723981900452486
08327040,Reichenbach am Heuberg,Zweitstimmen,CDU,73,33.18181818181819
08327041,Renquishausen,Erststimmen,CDU,263,52.705410821643284
08327041,Renquishausen,Zweitstimmen,CDU,219,43.712574850299404
08327046,"Spaichingen, Stadt",Erststimmen,CDU,2313,40.08665511265165
08327046,"Spaichingen, Stadt",Zweitstimmen,CDU,2076,35.91074208614427
08327048,Talheim,Erststimmen,CDU,306,42.44105409153953
08327048,Talheim,Zweitstimmen,CDU,256,35.60500695410292
08327049,"Trossingen, Stadt",Erststimmen,CDU,2123,32.76740237691001
08327049,"Trossingen, Stadt",Zweitstimmen,CDU,1725,26.583448913545997
08327050,"Tuttlingen, Stadt",Erststimmen,CDU,4471,34.45060872245339
08327050,"Tuttlingen, Stadt",Zweitstimmen,CDU,3920,30.144570901261154
08327051,Wehingen,Erststimmen,CDU,675,43.71761658031088
08327051,Wehingen,Zweitstimmen,CDU,551,35.571336346029696
08327054,Wurmlingen,Erststimmen,CDU,949,44.139534883720934
08327054,Wurmlingen,Zweitstimmen,CDU,856,39.74001857010214
08327055,Seitingen-Oberflacht,Erststimmen,CDU,530,40.51987767584097
08327055,Seitingen-Oberflacht,Zweitstimmen,CDU,467,35.64885496183206
08327056,Rietheim-Weilheim,Erststimmen,CDU,621,43.06518723994452
08327056,Rietheim-Weilheim,Zweitstimmen,CDU,555,38.46153846153847
08327057,Emmingen-Liptingen,Erststimmen,CDU,1076,41.06870229007634
08327057,Emmingen-Liptingen,Zweitstimmen,CDU,881,33.6131247615414
08336004,Aitern,Erststimmen,CDU,165,53.57142857142857
08336004,Aitern,Zweitstimmen,CDU,139,45.27687296416938
08336006,Bad Bellingen,Erststimmen,CDU,685,31.87529083294556
08336006,Bad Bellingen,Zweitstimmen,CDU,662,30.662343677628535
08336008,Binzen,Erststimmen,CDU,470,28.60620815581254
08336008,Binzen,Zweitstimmen,CDU,478,29.075425790754256
08336010,Böllen,Erststimmen,CDU,32,51.61290322580645
08336010,Böllen,Zweitstimmen,CDU,19,31.147540983606557
08336014,Efringen-Kirchen,Erststimmen,CDU,1429,29.90165306549487
08336014,Efringen-Kirchen,Zweitstimmen,CDU,1419,29.624217118997915
08336019,Eimeldingen,Erststimmen,CDU,351,27.29393468118196
08336019,Eimeldingen,Zweitstimmen,CDU,336,26.006191950464398
08336024,Fischingen,Erststimmen,CDU,133,31.818181818181817
08336024,Fischingen,Zweitstimmen,CDU,138,33.014354066985646
08336025,Fröhnd,Erststimmen,CDU,140,43.613707165109034
08336025,Fröhnd,Zweitstimmen,CDU,142,44.936708860759495
08336034,Hasel,Erststimmen,CDU,167,27.377049180327866
08336034,Hasel,Zweitstimmen,CDU,155,25.40983606557377
08336036,Hausen im Wiesental,Erststimmen,CDU,373,30.523731587561375
08336036,Hausen im Wiesental,Zweitstimmen,CDU,329,26.835236541598697
08336043,Inzlingen,Erststimmen,CDU,389,29.314242652599848
08336043,Inzlingen,Zweitstimmen,CDU,387,29.07588279489106
08336050,"Lörrach, Stadt",Erststimmen,CDU,4713,22.97455396314712
08336050,"Lörrach, Stadt",Zweitstimmen,CDU,4666,22.693448762219738
08336057,Maulburg,Erststimmen,CDU,500,24.93765586034913
08336057,Maulburg,Zweitstimmen,CDU,491,24.48877805486284
08336069,"Rheinfelden (Baden), Stadt",Erststimmen,CDU,4042,29.705298743293895
08336069,"Rheinfelden (Baden), Stadt",Zweitstimmen,CDU,3570,26.173020527859236
08336073,Rümmingen,Erststimmen,CDU,221,23.66167023554604
08336073,Rümmingen,Zweitstimmen,CDU,248,26.524064171122998
08336075,Schallbach,Erststimmen,CDU,170,34.90759753593429
08336075,Schallbach,Zweitstimmen,CDU,169,34.989648033126294
08336079,"Schönau im Schwarzwald, Stadt",Erststimmen,CDU,250,38.34355828220859
08336079,"Schönau im Schwarzwald, Stadt",Zweitstimmen,CDU,173,26.615384615384613
08336080,Schönenberg,Erststimmen,CDU,65,40.88050314465409
08336080,Schönenberg,Zweitstimmen,CDU,53,32.71604938271605
08336081,"Schopfheim, Stadt",Erststimmen,CDU,2458,26.26068376068376
08336081,"Schopfheim, Stadt",Zweitstimmen,CDU,2224,23.687293641495366
08336082,Schwörstadt,Erststimmen,CDU,386,32.73960983884648
08336082,Schwörstadt,Zweitstimmen,CDU,353,29.9660441426146
08336084,Steinen,Erststimmen,CDU,1505,28.289473684210524
08336084,Steinen,Zweitstimmen,CDU,1438,26.94902548725637
08336087,"Todtnau, Stadt",Erststimmen,CDU,1179,47.04708699122107
08336087,"Todtnau, Stadt",Zweitstimmen,CDU,937,37.405189620758485
08336089,Tunau,Erststimmen,CDU,43,49.42528735632184
08336089,Tunau,Zweitstimmen,CDU,40,45.97701149425287
08336090,Utzenfeld,Erststimmen,CDU,142,41.52046783625731
08336090,Utzenfeld,Zweitstimmen,CDU,134,39.067055393586
08336091,"Weil am Rhein, Stadt",Erststimmen,CDU,2836,24.241388152833576
08336091,"Weil am Rhein, Stadt",Zweitstimmen,CDU,2826,24.075651729425797
08336094,Wembach,Erststimmen,CDU,55,39.285714285714285
08336094,Wembach,Zweitstimmen,CDU,45,32.142857142857146
08336096,Wieden,Erststimmen,CDU,192,56.470588235294116
08336096,Wieden,Zweitstimmen,CDU,168,49.266862170087975
08336100,Wittlingen,Erststimmen,CDU,170,31.775700934579437
08336100,Wittlingen,Zweitstimmen,CDU,179,33.3955223880597
08336103,"Zell im Wiesental, Stadt",Erststimmen,CDU,916,36.26286619160729
08336103,"Zell im Wiesental, Stadt",Zweitstimmen,CDU,763,30.20585906571655
08336105,Grenzach-Wyhlen,Erststimmen,CDU,1270,20.596821277975998
08336105,Grenzach-Wyhlen,Zweitstimmen,CDU,1405,22.793640493186242
08336106,Häg-Ehrsberg,Erststimmen,CDU,229,46.45030425963489
08336106,Häg-Ehrsberg,Zweitstimmen,CDU,207,42.073170731707314
08336107,Kleines Wiesental,Erststimmen,CDU,507,30.708661417322837
08336107,Kleines Wiesental,Zweitstimmen,CDU,464,28.07017543859649
08337002,Albbruck,Erststimmen,CDU,1376,37.03903095558547
08337002,Albbruck,Zweitstimmen,CDU,1270,34.12144008597528
08337030,Dettighofen,Erststimmen,CDU,159,27.89473684210526
08337030,Dettighofen,Zweitstimmen,CDU,153,26.889279437609844
08337032,Dogern,Erststimmen,CDU,465,38.05237315875614
08337032,Dogern,Zweitstimmen,CDU,424,34.75409836065574
08337038,Görwihl,Erststimmen,CDU,948,39.54943679599499
08337038,Görwihl,Zweitstimmen,CDU,878,36.56809662640567
08337049,Herrischried,Erststimmen,CDU,498,37.05357142857143
08337049,Herrischried,Zweitstimmen,CDU,441,32.59423503325942
08337053,Hohentengen am Hochrhein,Erststimmen,CDU,623,33.08550185873606
08337053,Hohentengen am Hochrhein,Zweitstimmen,CDU,601,31.90021231422505
08337060,Jestetten,Erststimmen,CDU,600,28.763183125599234
08337060,Jestetten,Zweitstimmen,CDU,563,27.01535508637236
08337062,Klettgau,Erststimmen,CDU,1184,32.50961010433828
08337062,Klettgau,Zweitstimmen,CDU,1062,29.1358024691358
08337065,Lauchringen,Erststimmen,CDU,1516,40.76364614143587
08337065,Lauchringen,Zweitstimmen,CDU,1259,33.83499059392636
08337066,"Laufenburg (Baden), Stadt",Erststimmen,CDU,1156,31.066917495296963
08337066,"Laufenburg (Baden), Stadt",Zweitstimmen,CDU,1082,28.969210174029453
08337070,Lottstetten,Erststimmen,CDU,291,32.441471571906355
08337070,Lottstetten,Zweitstimmen,CDU,257,28.587319243604004
08337076,Murg,Erststimmen,CDU,1002,31.400814791601377
08337076,Murg,Zweitstimmen,CDU,915,28.656435953648607
08337090,Rickenbach,Erststimmen,CDU,727,34.32483474976393
08337090,Rickenbach,Zweitstimmen,CDU,620,29.245283018867923
08337096,"Bad Säckingen, Stadt",Erststimmen,CDU,2203,30.772454253387345
08337096,"Bad Säckingen, Stadt",Zweitstimmen,CDU,1931,26.93541637606361
08337106,"Stühlingen, Stadt",Erststimmen,CDU,1221,42.96270232230823
08337106,"Stühlingen, Stadt",Zweitstimmen,CDU,1150,40.33672395650649
08337116,"Wehr, Stadt",Erststimmen,CDU,1596,29.424778761061948
08337116,"Wehr, Stadt",Zweitstimmen,CDU,1452,26.71573137074517
08337118,Weilheim,Erststimmen,CDU,829,43.08731808731809
08337118,Weilheim,Zweitstimmen,CDU,744,38.56920684292379
08337123,Wutöschingen,Erststimmen,CDU,938,29.608585858585855
08337123,Wutöschingen,Zweitstimmen,CDU,1015,31.99873896595208
08337124,Eggingen,Erststimmen,CDU,329,35.338345864661655
08337124,Eggingen,Zweitstimmen,CDU,338,36.227224008574495
08337125,Küssaberg,Erststimmen,CDU,967,34.217975937721164
08337125,Küssaberg,Zweitstimmen,CDU,886,31.263232180663376
08337126,"Waldshut-Tiengen, Stadt",Erststimmen,CDU,3238,34.11653145084817
08337126,"Waldshut-Tiengen, Stadt",Zweitstimmen,CDU,2972,31.27433442070925
08416006,Bodelshausen,Erststimmen,CDU,909,34.40575321725965
08416006,Bodelshausen,Zweitstimmen,CDU,788,29.905123339658445
08416009,Dettenhausen,Erststimmen,CDU,1161,36.429243802949486
08416009,Dettenhausen,Zweitstimmen,CDU,951,29.811912225705328
08416018,Hirrlingen,Erststimmen,CDU,804,46.07449856733524
08416018,Hirrlingen,Zweitstimmen,CDU,662,37.699316628701595
08416025,"Mössingen, Stadt",Erststimmen,CDU,3767,36.00649971324795
08416025,"Mössingen, Stadt",Zweitstimmen,CDU,3137,29.924639893160354
08416031,Ofterdingen,Erststimmen,CDU,1106,39.79848866498741
08416031,Ofterdingen,Zweitstimmen,CDU,894,32.13515456506111
08416036,"Rottenburg am Neckar, Stadt",Erststimmen,CDU,8877,38.68142402719072
08416036,"Rottenburg am Neckar, Stadt",Zweitstimmen,CDU,7192,31.25190109937861
08416041,"Tübingen, Universitätsstadt",Erststimmen,CDU,10431,20.277599580101473
08416041,"Tübingen, Universitätsstadt",Zweitstimmen,CDU,8286,16.074650319126235
08416048,Ammerbuch,Erststimmen,CDU,2345,35.010450880859956
08416048,Ammerbuch,Zweitstimmen,CDU,1933,28.79487561447937
08416049,Neustetten,Erststimmen,CDU,947,44.58568738229755
08416049,Neustetten,Zweitstimmen,CDU,786,36.866791744840526
08416050,Starzach,Erststimmen,CDU,1034,40.249124172829895
08416050,Starzach,Zweitstimmen,CDU,864,33.462432223082885
08417002,"Balingen, Stadt",Erststimmen,CDU,7338,41.933824789988
08417002,"Balingen, Stadt",Zweitstimmen,CDU,5391,30.705701429629208
08417008,Bisingen,Erststimmen,CDU,1893,38.54612095296274
08417008,Bisingen,Zweitstimmen,CDU,1532,31.024706358849734
08417010,Bitz,Erststimmen,CDU,838,41.54685176003966
08417010,Bitz,Zweitstimmen,CDU,660,32.56043413912186
08417014,Dautmergen,Erststimmen,CDU,129,50.19455252918288
08417014,Dautmergen,Zweitstimmen,CDU,95,36.82170542635659
08417015,Dormettingen,Erststimmen,CDU,276,47.179487179487175
08417015,Dormettingen,Zweitstimmen,CDU,226,38.56655290102389
08417016,Dotternhausen,Erststimmen,CDU,484,45.27595884003742
08417016,Dotternhausen,Zweitstimmen,CDU,367,34.23507462686567
08417022,"Geislingen, Stadt",Erststimmen,CDU,1595,47.4561142517108
08417022,"Geislingen, Stadt",Zweitstimmen,CDU,1309,38.773696682464454
08417023,Grosselfingen,Erststimmen,CDU,475,41.88712522045856
08417023,Grosselfingen,Zweitstimmen,CDU,349,30.6948109058927
08417025,"Haigerloch, Stadt",Erststimmen,CDU,2539,44.87451396253093
08417025,"Haigerloch, Stadt",Zweitstimmen,CDU,1987,34.89025460930641
08417029,Hausen am Tann,Erststimmen,CDU,120,46.33204633204633
08417029,Hausen am Tann,Zweitstimmen,CDU,89,34.099616858237546
08417044,"Meßstetten, Stadt",Erststimmen,CDU,2509,45.44466582140917
08417044,"Meßstetten, Stadt",Zweitstimmen,CDU,2022,36.47844127728666
08417045,Nusplingen,Erststimmen,CDU,525,52.816901408450704
08417045,Nusplingen,Zweitstimmen,CDU,489,48.99799599198397
08417047,Obernheim,Erststimmen,CDU,378,44.31418522860493
08417047,Obernheim,Zweitstimmen,CDU,326,38.12865497076024
08417051,Rangendingen,Erststimmen,CDU,1271,44.59649122807017
08417051,Rangendingen,Zweitstimmen,CDU,1023,35.73174991267901
08417052,Ratshausen,Erststimmen,CDU,193,42.98440979955457
08417052,Ratshausen,Zweitstimmen,CDU,148,32.743362831858406
08417054,"Rosenfeld, Stadt",Erststimmen,CDU,1470,42.51012145748988
08417054,"Rosenfeld, Stadt",Zweitstimmen,CDU,1154,33.10384394721744
08417057,"Schömberg, Stadt",Erststimmen,CDU,1088,49.499545040946316
08417057,"Schömberg, Stadt",Zweitstimmen,CDU,850,38.54875283446712
08417063,Straßberg,Erststimmen,CDU,690,48.25174825174825
08417063,Straßberg,Zweitstimmen,CDU,546,38.10188415910677
08417071,Weilen unter den Rinnen,Erststimmen,CDU,185,49.333333333333336
08417071,Weilen unter den Rinnen,Zweitstimmen,CDU,149,39.946380697050934
08417075,Winterlingen,Erststimmen,CDU,1494,45.02712477396022
08417075,Winterlingen,Zweitstimmen,CDU,1233,37.00480192076831
08417078,Zimmern unter der Burg,Erststimmen,CDU,115,40.49295774647887
08417078,Zimmern unter der Burg,Zweitstimmen,CDU,102,35.66433566433567
08417079,"Albstadt, Stadt",Erststimmen,CDU,7511,40.12715033657442
08417079,"Albstadt, Stadt",Zweitstimmen,CDU,5939,31.571952580936685
08425002,Allmendingen,Erststimmen,CDU,1438,53.457249070631974
08425002,Allmendingen,Zweitstimmen,CDU,1214,45.34927157265596
08425004,Altheim,Erststimmen,CDU,156,57.35294117647059
08425004,Altheim,Zweitstimmen,CDU,142,51.63636363636363
08425005,Altheim (Alb),Erststimmen,CDU,491,47.577519379844965
08425005,Altheim (Alb),Zweitstimmen,CDU,417,40.17341040462428
08425008,Amstetten,Erststimmen,CDU,998,45.05643340857788
08425008,Amstetten,Zweitstimmen,CDU,854,38.712601994560295
08425011,Asselfingen,Erststimmen,CDU,249,47.159090909090914
08425011,Asselfingen,Zweitstimmen,CDU,213,40.18867924528302
08425013,Ballendorf,Erststimmen,CDU,177,57.84313725490197
08425013,Ballendorf,Zweitstimmen,CDU,163,53.61842105263158
08425014,Beimerstetten,Erststimmen,CDU,465,32.97872340425532
08425014,Beimerstetten,Zweitstimmen,CDU,444,31.37809187279152
08425017,Berghülen,Erststimmen,CDU,615,49.87834549878345
08425017,Berghülen,Zweitstimmen,CDU,530,43.124491456468675
08425019,Bernstadt,Erststimmen,CDU,617,44.74256707759246
08425019,Bernstadt,Zweitstimmen,CDU,530,38.405797101449274
08425020,"Blaubeuren, Stadt",Erststimmen,CDU,2388,39.601990049751244
08425020,"Blaubeuren, Stadt",Zweitstimmen,CDU,2024,33.57664233576642
08425022,Börslingen,Erststimmen,CDU,46,43.39622641509434
08425022,Börslingen,Zweitstimmen,CDU,45,42.857142857142854
08425024,Breitingen,Erststimmen,CDU,53,37.32394366197183
08425024,Breitingen,Zweitstimmen,CDU,47,33.098591549295776
08425031,Dornstadt,Erststimmen,CDU,2045,41.97454844006568
08425031,Dornstadt,Zweitstimmen,CDU,1816,37.15220949263502
08425033,"Ehingen (Donau), Stadt",Erststimmen,CDU,6813,52.683266316115066
08425033,"Ehingen (Donau), Stadt",Zweitstimmen,CDU,5909,45.731754508165004
08425035,Emeringen,Erststimmen,CDU,67,62.616822429906534
08425035,Emeringen,Zweitstimmen,CDU,59,55.660377358490564
08425036,Emerkingen,Erststimmen,CDU,249,65.0130548302872
08425036,Emerkingen,Zweitstimmen,CDU,221,58.00524934383202
08425050,Griesingen,Erststimmen,CDU,258,54.43037974683544
08425050,Griesingen,Zweitstimmen,CDU,233,49.2600422832981
08425052,Grundsheim,Erststimmen,CDU,86,65.64885496183206
08425052,Grundsheim,Zweitstimmen,CDU,83,63.358778625954194
08425055,Hausen am Bussen,Erststimmen,CDU,85,59.44055944055944
08425055,Hausen am Bussen,Zweitstimmen,CDU,76,53.52112676056338
08425062,Holzkirch,Erststimmen,CDU,84,63.1578947368421
08425062,Holzkirch,Zweitstimmen,CDU,78,60.0
08425071,"Laichingen, Stadt",Erststimmen,CDU,2742,46.4116452268111
08425071,"Laichingen, Stadt",Zweitstimmen,CDU,2353,39.82061262480961
08425072,"Langenau, Stadt",Erststimmen,CDU,3058,37.851219210298304
08425072,"Langenau, Stadt",Zweitstimmen,CDU,2619,32.397328055418114
08425073,Lauterach,Erststimmen,CDU,152,56.71641791044776
08425073,Lauterach,Zweitstimmen,CDU,139,51.6728624535316
08425075,Lonsee,Erststimmen,CDU,1192,43.0635838150289
08425075,Lonsee,Zweitstimmen,CDU,1019,36.68106551475882
08425079,Merklingen,Erststimmen,CDU,566,47.088186356073216
08425079,Merklingen,Zweitstimmen,CDU,472,39.23524522028263
08425081,"Munderkingen, Stadt",Erststimmen,CDU,1132,49.75824175824176
08425081,"Munderkingen, Stadt",Zweitstimmen,CDU,982,43.25991189427313
08425083,Neenstetten,Erststimmen,CDU,211,50.23809523809524
08425083,Neenstetten,Zweitstimmen,CDU,185,44.47115384615385
08425084,Nellingen,Erststimmen,CDU,672,51.65257494235204
08425084,Nellingen,Zweitstimmen,CDU,575,44.16282642089094
08425085,Nerenstetten,Erststimmen,CDU,90,47.12041884816754
08425085,Nerenstetten,Zweitstimmen,CDU,79,41.14583333333333
08425088,Oberdischingen,Erststimmen,CDU,637,49.53343701399689
08425088,Oberdischingen,Zweitstimmen,CDU,553,43.068535825545176
08425090,Obermarchtal,Erststimmen,CDU,485,59.50920245398773
08425090,Obermarchtal,Zweitstimmen,CDU,401,49.567367119901114
08425091,Oberstadion,Erststimmen,CDU,536,52.85996055226825
08425091,Oberstadion,Zweitstimmen,CDU,469,46.29812438302073
08425092,Öllingen,Erststimmen,CDU,120,48.38709677419355
08425092,Öllingen,Zweitstimmen,CDU,101,41.05691056910569
08425093,Öpfingen,Erststimmen,CDU,669,53.17965023847376
08425093,Öpfingen,Zweitstimmen,CDU,567,45.0
08425097,Rammingen,Erststimmen,CDU,347,45.41884816753927
08425097,Rammingen,Zweitstimmen,CDU,298,39.00523560209424
08425098,Rechtenstein,Erststimmen,CDU,79,54.109589041095894
08425098,Rechtenstein,Zweitstimmen,CDU,71,48.29931972789115
08425104,Rottenacker,Erststimmen,CDU,583,47.66966475878986
08425104,Rottenacker,Zweitstimmen,CDU,470,38.52459016393443
08425108,"Schelklingen, Stadt",Erststimmen,CDU,1575,46.1335676625659
08425108,"Schelklingen, Stadt",Zweitstimmen,CDU,1360,39.87100557021401
08425112,Setzingen,Erststimmen,CDU,181,52.616279069767444
08425112,Setzingen,Zweitstimmen,CDU,153,44.868035190615835
08425123,Untermarchtal,Erststimmen,CDU,166,51.39318885448917
08425123,Untermarchtal,Zweitstimmen,CDU,143,44.135802469135804
08425124,Unterstadion,Erststimmen,CDU,287,64.34977578475336
08425124,Unterstadion,Zweitstimmen,CDU,248,55.73033707865168
08425125,Unterwachingen,Erststimmen,CDU,79,62.20472440944882
08425125,Unterwachingen,Zweitstimmen,CDU,69,53.90625
08425130,Weidenstetten,Erststimmen,CDU,359,42.485207100591715
08425130,Weidenstetten,Zweitstimmen,CDU,306,36.25592417061612
08425134,Westerheim,Erststimmen,CDU,1008,54.13533834586466
08425134,Westerheim,Zweitstimmen,CDU,886,47.32905982905983
08425135,Westerstetten,Erststimmen,CDU,637,48.03921568627451
08425135,Westerstetten,Zweitstimmen,CDU,547,41.18975903614458
08425139,Heroldstatt,Erststimmen,CDU,820,47.4537037037037
08425139,Heroldstatt,Zweitstimmen,CDU,697,40.28901734104046
08426001,Achstetten,Erststimmen,CDU,1431,48.360932747549846
08426001,Achstetten,Zweitstimmen,CDU,1230,41.63845633039946
08426005,Alleshausen,Erststimmen,CDU,185,64.23611111111111
08426005,Alleshausen,Zweitstimmen,CDU,160,55.94405594405595
08426006,Allmannsweiler,Erststimmen,CDU,86,51.19047619047619
08426006,Allmannsweiler,Zweitstimmen,CDU,72,42.857142857142854
08426008,Altheim,Erststimmen,CDU,637,49.68798751950078
08426008,Altheim,Zweitstimmen,CDU,530,41.37392661982826
08426011,Attenweiler,Erststimmen,CDU,586,48.151191454396056
08426011,Attenweiler,Zweitstimmen,CDU,561,46.02132895816243
08426013,"Bad Buchau, Stadt",Erststimmen,CDU,1291,47.95690936106984
08426013,"Bad Buchau, Stadt",Zweitstimmen,CDU,1132,41.78663713547435
08426014,"Bad Schussenried, Stadt",Erststimmen,CDU,1993,45.69005043558001
08426014,"Bad Schussenried, Stadt",Zweitstimmen,CDU,1669,38.25349530139812
08426020,Betzenweiler,Erststimmen,CDU,190,61.68831168831169
08426020,Betzenweiler,Zweitstimmen,CDU,159,51.79153094462541
08426021,"Biberach an der Riß, Stadt",Erststimmen,CDU,6193,38.178903890019114
08426021,"Biberach an der Riß, Stadt",Zweitstimmen,CDU,4982,30.688678083035605
08426028,Burgrieden,Erststimmen,CDU,1004,43.20137693631669
08426028,Burgrieden,Zweitstimmen,CDU,832,35.67753001715266
08426035,Dürmentingen,Erststimmen,CDU,789,53.16711590296496
08426035,Dürmentingen,Zweitstimmen,CDU,692,46.75675675675676
08426036,Dürnau,Erststimmen,CDU,98,49.246231155778894
08426036,Dürnau,Zweitstimmen,CDU,84,42.211055276381906
08426038,Eberhardzell,Erststimmen,CDU,1492,55.44407283537718
08426038,Eberhardzell,Zweitstimmen,CDU,1294,48.19366852886406
08426043,Erlenmoos,Erststimmen,CDU,535,49.721189591078065
08426043,Erlenmoos,Zweitstimmen,CDU,468,43.575418994413404
08426045,Ertingen,Erststimmen,CDU,1366,44.860426929392446
08426045,Ertingen,Zweitstimmen,CDU,1171,38.5070700427491
08426058,Hochdorf,Erststimmen,CDU,749,51.619572708476916
08426058,Hochdorf,Zweitstimmen,CDU,626,43.20220841959973
08426062,Ingoldingen,Erststimmen,CDU,1030,54.58399576046635
08426062,Ingoldingen,Zweitstimmen,CDU,888,47.05882352941176
08426064,Kanzach,Erststimmen,CDU,112,45.714285714285715
08426064,Kanzach,Zweitstimmen,CDU,103,42.04081632653061
08426067,Langenenslingen,Erststimmen,CDU,1024,49.82968369829684
08426067,Langenenslingen,Zweitstimmen,CDU,854,41.456310679611654
08426070,"Laupheim, Stadt",Erststimmen,CDU,4848,43.66387462847879
08426070,"Laupheim, Stadt",Zweitstimmen,CDU,4076,36.66786613889889
08426071,Maselheim,Erststimmen,CDU,1372,52.04855842185129
08426071,Maselheim,Zweitstimmen,CDU,1173,44.516129032258064
08426073,Mietingen,Erststimmen,CDU,1547,53.43696027633852
08426073,Mietingen,Zweitstimmen,CDU,1326,45.803108808290155
08426074,Mittelbiberach,Erststimmen,CDU,1114,43.12814556716996
08426074,Mittelbiberach,Zweitstimmen,CDU,941,36.30401234567901
08426078,Moosburg,Erststimmen,CDU,70,53.43511450381679
08426078,Moosburg,Zweitstimmen,CDU,58,44.61538461538462
08426087,"Ochsenhausen, Stadt",Erststimmen,CDU,2116,46.67990293403927
08426087,"Ochsenhausen, Stadt",Zweitstimmen,CDU,1815,39.95157384987893
08426090,Oggelshausen,Erststimmen,CDU,143,45.3968253968254
08426090,Oggelshausen,Zweitstimmen,CDU,127,40.189873417721515
08426097,"Riedlingen, Stadt",Erststimmen,CDU,2170,40.95112285336856
08426097,"Riedlingen, Stadt",Zweitstimmen,CDU,1861,35.15964481390515
08426108,Schwendi,Erststimmen,CDU,1827,48.902569593147746
08426108,Schwendi,Zweitstimmen,CDU,1551,41.5038801177415
08426109,Seekirch,Erststimmen,CDU,83,59.71223021582733
08426109,Seekirch,Zweitstimmen,CDU,73,52.51798561151079
08426113,Steinhausen an der Rottum,Erststimmen,CDU,649,48.541510845175765
08426113,Steinhausen an der Rottum,Zweitstimmen,CDU,550,41.07542942494399
08426118,Tiefenbach,Erststimmen,CDU,91,41.17647058823529
08426118,Tiefenbach,Zweitstimmen,CDU,79,35.585585585585584
08426120,Ummendorf,Erststimmen,CDU,1320,51.60281469898358
08426120,Ummendorf,Zweitstimmen,CDU,1002,39.155920281359904
08426121,Unlingen,Erststimmen,CDU,785,53.18428184281843
08426121,Unlingen,Zweitstimmen,CDU,670,45.209176788124154
08426124,Uttenweiler,Erststimmen,CDU,1261,55.624172915747685
08426124,Uttenweiler,Zweitstimmen,CDU,1091,48.146513680494266
08426125,Wain,Erststimmen,CDU,423,48.17767653758543
08426125,Wain,Zweitstimmen,CDU,364,41.269841269841265
08426128,Warthausen,Erststimmen,CDU,1280,44.21416234887737
08426128,Warthausen,Zweitstimmen,CDU,1047,36.21584226911103
08426134,Schemmerhofen,Erststimmen,CDU,2636,51.84893784421715
08426134,Schemmerhofen,Zweitstimmen,CDU,2260,44.38334642576591
08426135,Gutenzell-Hürbel,Erststimmen,CDU,604,52.20397579948142
08426135,Gutenzell-Hürbel,Zweitstimmen,CDU,503,43.43696027633852
08435005,Bermatingen,Erststimmen,CDU,699,30.444250871080143
08435005,Bermatingen,Zweitstimmen,CDU,715,31.05994787141616
08435010,Daisendorf,Erststimmen,CDU,293,32.16245883644347
08435010,Daisendorf,Zweitstimmen,CDU,282,30.75245365321701
08435013,Eriskirch,Erststimmen,CDU,944,36.68869024485037
08435013,Eriskirch,Zweitstimmen,CDU,881,34.20031055900621
08435015,Frickingen,Erststimmen,CDU,524,28.15690488984417
08435015,Frickingen,Zweitstimmen,CDU,577,30.921757770632368
08435016,"Friedrichshafen, Stadt",Erststimmen,CDU,8115,31.218742786796955
08435016,"Friedrichshafen, Stadt",Zweitstimmen,CDU,7841,30.060573531666922
08435018,Hagnau am Bodensee,Erststimmen,CDU,354,42.80532043530834
08435018,Hagnau am Bodensee,Zweitstimmen,CDU,351,42.1875
08435020,Heiligenberg,Erststimmen,CDU,485,28.732227488151658
08435020,Heiligenberg,Zweitstimmen,CDU,509,29.94117647058824
08435024,Immenstaad am Bodensee,Erststimmen,CDU,1245,35.724533715925396
08435024,Immenstaad am Bodensee,Zweitstimmen,CDU,1162,33.25701202060675
08435029,Kressbronn am Bodensee,Erststimmen,CDU,1765,37.13444140542815
08435029,Kressbronn am Bodensee,Zweitstimmen,CDU,1751,36.73940411246328
08435030,Langenargen,Erststimmen,CDU,1627,36.11542730299667
08435030,Langenargen,Zweitstimmen,CDU,1584,35.11416537353137
08435034,"Markdorf, Stadt",Erststimmen,CDU,2153,29.352419904567146
08435034,"Markdorf, Stadt",Zweitstimmen,CDU,2144,29.16213275299238
08435036,"Meersburg, Stadt",Erststimmen,CDU,1018,33.67515712868012
08435036,"Meersburg, Stadt",Zweitstimmen,CDU,970,32.04492897258011
08435045,Oberteuringen,Erststimmen,CDU,923,34.33779761904761
08435045,Oberteuringen,Zweitstimmen,CDU,915,33.939169139465875
08435047,Owingen,Erststimmen,CDU,742,30.150345388053633
08435047,Owingen,Zweitstimmen,CDU,762,30.77544426494346
08435052,Salem,Erststimmen,CDU,1849,27.568212315491277
08435052,Salem,Zweitstimmen,CDU,2007,29.874962786543612
08435053,Sipplingen,Erststimmen,CDU,437,36.085879438480596
08435053,Sipplingen,Zweitstimmen,CDU,427,35.26011560693642
08435054,Stetten,Erststimmen,CDU,182,31.542461005199307
08435054,Stetten,Zweitstimmen,CDU,168,29.015544041450774
08435059,"Überlingen, Stadt",Erststimmen,CDU,3802,31.310219879766123
08435059,"Überlingen, Stadt",Zweitstimmen,CDU,3784,31.06732348111658
08435066,Uhldingen-Mühlhofen,Erststimmen,CDU,1188,27.906976744186046
08435066,Uhldingen-Mühlhofen,Zweitstimmen,CDU,1209,28.307188012175132
08435067,Deggenhausertal,Erststimmen,CDU,811,31.679687499999996
08435067,Deggenhausertal,Zweitstimmen,CDU,864,33.71049551307062
08437005,Beuron,Erststimmen,CDU,158,40.30612244897959
08437005,Beuron,Zweitstimmen,CDU,125,31.725888324873097
08437008,Bingen,Erststimmen,CDU,634,40.33078880407125
08437008,Bingen,Zweitstimmen,CDU,582,36.74242424242424
08437031,"Gammertingen, Stadt",Erststimmen,CDU,1210,38.36398224476854
08437031,"Gammertingen, Stadt",Zweitstimmen,CDU,1072,33.96704689480355
08437044,Herbertingen,Erststimmen,CDU,1177,44.4822373393802
08437044,Herbertingen,Zweitstimmen,CDU,1057,39.61769115442279
08437047,"Hettingen, Stadt",Erststimmen,CDU,621,52.22876366694701
08437047,"Hettingen, Stadt",Zweitstimmen,CDU,565,47.63912310286678
08437053,Hohentengen,Erststimmen,CDU,1166,47.61126990608411
08437053,Hohentengen,Zweitstimmen,CDU,1042,42.288961038961034
08437056,Illmensee,Erststimmen,CDU,473,38.392857142857146
08437056,Illmensee,Zweitstimmen,CDU,410,33.14470493128537
08437059,Inzigkofen,Erststimmen,CDU,771,44.515011547344116
08437059,Inzigkofen,Zweitstimmen,CDU,667,38.377445339470654
08437065,Krauchenwies,Erststimmen,CDU,1292,47.97623468251021
08437065,Krauchenwies,Zweitstimmen,CDU,1087,40.25925925925926
08437072,Leibertingen,Erststimmen,CDU,706,49.26727145847872
08437072,Leibertingen,Zweitstimmen,CDU,549,38.257839721254356
08437076,"Mengen, Stadt",Erststimmen,CDU,2137,43.69249642199959
08437076,"Mengen, Stadt",Zweitstimmen,CDU,1870,38.00813008130081
08437078,"Meßkirch, Stadt",Erststimmen,CDU,2008,48.53758762388204
08437078,"Meßkirch, Stadt",Zweitstimmen,CDU,1487,35.98741529525654
08437082,Neufra,Erststimmen,CDU,405,39.35860058309038
08437082,Neufra,Zweitstimmen,CDU,374,36.1003861003861
08437086,Ostrach,Erststimmen,CDU,1677,43.378168649767204
08437086,Ostrach,Zweitstimmen,CDU,1488,38.41982958946553
08437088,"Pfullendorf, Stadt",Erststimmen,CDU,2408,42.38690371413484
08437088,"Pfullendorf, Stadt",Zweitstimmen,CDU,2089,36.6748595505618
08437100,"Bad Saulgau, Stadt",Erststimmen,CDU,4008,45.56098670001137
08437100,"Bad Saulgau, Stadt",Zweitstimmen,CDU,3202,36.36570130607609
08437101,"Scheer, Stadt",Erststimmen,CDU,549,42.857142857142854
08437101,"Scheer, Stadt",Zweitstimmen,CDU,489,38.2329945269742
08437102,Schwenningen,Erststimmen,CDU,434,43.22709163346614
08437102,Schwenningen,Zweitstimmen,CDU,399,39.62264150943396
08437104,"Sigmaringen, Stadt",Erststimmen,CDU,2701,35.28873791481578
08437104,"Sigmaringen, Stadt",Zweitstimmen,CDU,2347,30.54796303527268
08437105,Sigmaringendorf,Erststimmen,CDU,810,41.559774243201645
08437105,Sigmaringendorf,Zweitstimmen,CDU,677,34.52320244773075
08437107,Stetten am kalten Markt,Erststimmen,CDU,1121,41.16782959970621
08437107,Stetten am kalten Markt,Zweitstimmen,CDU,1009,36.89213893967093
08437114,"Veringenstadt, Stadt",Erststimmen,CDU,482,40.98639455782313
08437114,"Veringenstadt, Stadt",Zweitstimmen,CDU,418,35.75705731394354
08437118,Wald,Erststimmen,CDU,740,46.59949622166247
08437118,Wald,Zweitstimmen,CDU,607,38.200125865324104
08437123,Sauldorf,Erststimmen,CDU,824,51.75879396984925
08437123,Sauldorf,Zweitstimmen,CDU,674,42.230576441102755
08437124,Herdwangen-Schönach,Erststimmen,CDU,672,34.98178032274857
08437124,Herdwangen-Schönach,Zweitstimmen,CDU,545,28.37064029151484
08121000,"Heilbronn, Universitätsstadt",Erststimmen,Die Gerechtigkeitspartei,245,0.5424074033075782
08121000,"Heilbronn, Universitätsstadt",Zweitstimmen,Die Gerechtigkeitspartei,168,0.37126251353561246
08125030,Flein,Erststimmen,Die Gerechtigkeitspartei,13,0.3170731707317073
08125030,Flein,Zweitstimmen,Die Gerechtigkeitspartei,5,0.12159533073929961
08125058,"Leingarten, Stadt",Erststimmen,Die Gerechtigkeitspartei,17,0.2930529219100155
08125058,"Leingarten, Stadt",Zweitstimmen,Die Gerechtigkeitspartei,5,0.08616232982939859
08125074,Nordheim,Erststimmen,Die Gerechtigkeitspartei,14,0.30877812086457873
08125074,Nordheim,Zweitstimmen,Die Gerechtigkeitspartei,7,0.15404929577464788
08125094,Talheim,Erststimmen,Die Gerechtigkeitspartei,11,0.38474991255683805
08125094,Talheim,Zweitstimmen,Die Gerechtigkeitspartei,6,0.20927799093128704
08126011,Bretzfeld,Erststimmen,Die Gerechtigkeitspartei,0,0.0
08126011,Bretzfeld,Zweitstimmen,Die Gerechtigkeitspartei,7,0.10262424864389386
08126020,Dörzbach,Erststimmen,Die Gerechtigkeitspartei,0,0.0
08126020,Dörzbach,Zweitstimmen,Die Gerechtigkeitspartei,1,0.0708215297450425
08126028,"Forchtenberg, Stadt",Erststimmen,Die Gerechtigkeitspartei,0,0.0
08126028,"Forchtenberg, Stadt",Zweitstimmen,Die Gerechtigkeitspartei,3,0.10771992818671454
08126039,"Ingelfingen, Stadt",Erststimmen,Die Gerechtigkeitspartei,0,0.0
08126039,"Ingelfingen, Stadt",Zweitstimmen,Die Gerechtigkeitspartei,2,0.06668889629876625
08126045,"Krautheim, Stadt",Erststimmen,Die Gerechtigkeitspartei,0,0.0
08126045,"Krautheim, Stadt",Zweitstimmen,Die Gerechtigkeitspartei,1,0.04106776180698152
08126046,"Künzelsau, Stadt",Erststimmen,Die Gerechtigkeitspartei,0,0.0
08126046,"Künzelsau, Stadt",Zweitstimmen,Die Gerechtigkeitspartei,4,0.05641748942172073
08126047,Kupferzell,Erststimmen,Die Gerechtigkeitspartei,0,0.0
08126047,Kupferzell,Zweitstimmen,Die Gerechtigkeitspartei,1,0.030003000300030006
08126056,Mulfingen,Erststimmen,Die Gerechtigkeitspartei,0,0.0
08126056,Mulfingen,Zweitstimmen,Die Gerechtigkeitspartei,0,0.0
08126058,"Neuenstein, Stadt",Erststimmen,Die Gerechtigkeitspartei,0,0.0
08126058,"Neuenstein, Stadt",Zweitstimmen,Die Gerechtigkeitspartei,5,0.1447596988998263
08126060,"Niedernhall, Stadt",Erststimmen,Die Gerechtigkeitspartei,0,0.0
08126060,"Niedernhall, Stadt",Zweitstimmen,Die Gerechtigkeitspartei,2,0.10101010101010101
08126066,"Öhringen, Stadt",Erststimmen,Die Gerechtigkeitspartei,0,0.0
08126066,"Öhringen, Stadt",Zweitstimmen,Die Gerechtigkeitspartei,12,0.10433875315189983
08126069,Pfedelbach,Erststimmen,Die Gerechtigkeitspartei,0,0.0
08126069,Pfedelbach,Zweitstimmen,Die Gerechtigkeitspartei,4,0.08008008008008008
08126072,Schöntal,Erststimmen,Die Gerechtigkeitspartei,0,0.0
08126072,Schöntal,Zweitstimmen,Die Gerechtigkeitspartei,3,0.08613264427217916
08126085,"Waldenburg, Stadt",Erststimmen,Die Gerechtigkeitspartei,0,0.0
08126085,"Waldenburg, Stadt",Zweitstimmen,Die Gerechtigkeitspartei,1,0.062034739454094295
08126086,Weißbach,Erststimmen,Die Gerechtigkeitspartei,0,0.0
08126086,Weißbach,Zweitstimmen,Die Gerechtigkeitspartei,0,0.0
08126094,Zweiflingen,Erststimmen,Die Gerechtigkeitspartei,0,0.0
08126094,Zweiflingen,Zweitstimmen,Die Gerechtigkeitspartei,0,0.0
08127008,Blaufelden,Erststimmen,Die Gerechtigkeitspartei,0,0.0
08127008,Blaufelden,Zweitstimmen,Die Gerechtigkeitspartei,0,0.0
08127009,Braunsbach,Erststimmen,Die Gerechtigkeitspartei,0,0.0
08127009,Braunsbach,Zweitstimmen,Die Gerechtigkeitspartei,3,0.19828155981493722
08127012,Bühlertann,Erststimmen,Die Gerechtigkeitspartei,0,0.0
08127012,Bühlertann,Zweitstimmen,Die Gerechtigkeitspartei,0,0.0
08127013,Bühlerzell,Erststimmen,Die Gerechtigkeitspartei,0,0.0
08127013,Bühlerzell,Zweitstimmen,Die Gerechtigkeitspartei,0,0.0
08127014,"Crailsheim, Stadt",Erststimmen,Die Gerechtigkeitspartei,0,0.0
08127014,"Crailsheim, Stadt",Zweitstimmen,Die Gerechtigkeitspartei,11,0.08517887563884156
08127023,Fichtenberg,Erststimmen,Die Gerechtigkeitspartei,0,0.0
08127023,Fichtenberg,Zweitstimmen,Die Gerechtigkeitspartei,1,0.06165228113440197
08127025,"Gaildorf, Stadt",Erststimmen,Die Gerechtigkeitspartei,0,0.0
08127025,"Gaildorf, Stadt",Zweitstimmen,Die Gerechtigkeitspartei,9,0.17367811655731377
08127032,"Gerabronn, Stadt",Erststimmen,Die Gerechtigkeitspartei,0,0.0
08127032,"Gerabronn, Stadt",Zweitstimmen,Die Gerechtigkeitspartei,0,0.0
08127043,"Ilshofen, Stadt",Erststimmen,Die Gerechtigkeitspartei,0,0.0
08127043,"Ilshofen, Stadt",Zweitstimmen,Die Gerechtigkeitspartei,5,0.14832393948383268
08127046,"Kirchberg an der Jagst, Stadt",Erststimmen,Die Gerechtigkeitspartei,0,0.0
08127046,"Kirchberg an der Jagst, Stadt",Zweitstimmen,Die Gerechtigkeitspartei,2,0.09272137227630968
08127047,"Langenburg, Stadt",Erststimmen,Die Gerechtigkeitspartei,0,0.0
08127047,"Langenburg, Stadt",Zweitstimmen,Die Gerechtigkeitspartei,0,0.0
08127052,Mainhardt,Erststimmen,Die Gerechtigkeitspartei,0,0.0
08127052,Mainhardt,Zweitstimmen,Die Gerechtigkeitspartei,3,0.09296560272699102
08127056,Michelbach an der Bilz,Erststimmen,Die Gerechtigkeitspartei,0,0.0
08127056,Michelbach an der Bilz,Zweitstimmen,Die Gerechtigkeitspartei,0,0.0
08127059,Michelfeld,Erststimmen,Die Gerechtigkeitspartei,0,0.0
08127059,Michelfeld,Zweitstimmen,Die Gerechtigkeitspartei,3,0.13914656771799627
08127062,Oberrot,Erststimmen,Die Gerechtigkeitspartei,0,0.0
08127062,Oberrot,Zweitstimmen,Die Gerechtigkeitspartei,4,0.2232142857142857
08127063,Obersontheim,Erststimmen,Die Gerechtigkeitspartei,0,0.0
08127063,Obersontheim,Zweitstimmen,Die Gerechtigkeitspartei,3,0.1092896174863388
08127071,Rot am See,Erststimmen,Die Gerechtigkeitspartei,0,0.0
08127071,Rot am See,Zweitstimmen,Die Gerechtigkeitspartei,2,0.0675219446320054
08127073,Satteldorf,Erststimmen,Die Gerechtigkeitspartei,0,0.0
08127073,Satteldorf,Zweitstimmen,Die Gerechtigkeitspartei,2,0.06983240223463687
08127075,"Schrozberg, Stadt",Erststimmen,Die Gerechtigkeitspartei,0,0.0
08127075,"Schrozberg, Stadt",Zweitstimmen,Die Gerechtigkeitspartei,4,0.13942140118508192
08127076,"Schwäbisch Hall, Stadt",Erststimmen,Die Gerechtigkeitspartei,0,0.0
08127076,"Schwäbisch Hall, Stadt",Zweitstimmen,Die Gerechtigkeitspartei,18,0.08895038545167029
08127079,Sulzbach-Laufen,Erststimmen,Die Gerechtigkeitspartei,0,0.0
08127079,Sulzbach-Laufen,Zweitstimmen,Die Gerechtigkeitspartei,0,0.0
08127086,Untermünkheim,Erststimmen,Die Gerechtigkeitspartei,0,0.0
08127086,Untermünkheim,Zweitstimmen,Die Gerechtigkeitspartei,3,0.1646542261251372
08127089,"Vellberg, Stadt",Erststimmen,Die Gerechtigkeitspartei,0,0.0
08127089,"Vellberg, Stadt",Zweitstimmen,Die Gerechtigkeitspartei,1,0.03897116134060795
08127091,Wallhausen,Erststimmen,Die Gerechtigkeitspartei,0,0.0
08127091,Wallhausen,Zweitstimmen,Die Gerechtigkeitspartei,3,0.16
08127099,Wolpertshausen,Erststimmen,Die Gerechtigkeitspartei,0,0.0
08127099,Wolpertshausen,Zweitstimmen,Die Gerechtigkeitspartei,0,0.0
08127100,Rosengarten,Erststimmen,Die Gerechtigkeitspartei,0,0.0
08127100,Rosengarten,Zweitstimmen,Die Gerechtigkeitspartei,3,0.10323468685478321
08127101,Kreßberg,Erststimmen,Die Gerechtigkeitspartei,0,0.0
08127101,Kreßberg,Zweitstimmen,Die Gerechtigkeitspartei,1,0.047664442326024785
08127102,Fichtenau,Erststimmen,Die Gerechtigkeitspartei,0,0.0
08127102,Fichtenau,Zweitstimmen,Die Gerechtigkeitspartei,3,0.13321492007104796
08127103,Frankenhardt,Erststimmen,Die Gerechtigkeitspartei,0,0.0
08127103,Frankenhardt,Zweitstimmen,Die Gerechtigkeitspartei,1,0.03556187766714083
08127104,Stimpfach,Erststimmen,Die Gerechtigkeitspartei,0,0.0
08127104,Stimpfach,Zweitstimmen,Die Gerechtigkeitspartei,1,0.059844404548174746
08128006,Assamstadt,Erststimmen,Die Gerechtigkeitspartei,0,0.0
08128006,Assamstadt,Zweitstimmen,Die Gerechtigkeitspartei,0,0.0
08128007,"Bad Mergentheim, Stadt",Erststimmen,Die Gerechtigkeitspartei,0,0.0
08128007,"Bad Mergentheim, Stadt",Zweitstimmen,Die Gerechtigkeitspartei,12,0.10661928031985785
08128014,"Boxberg, Stadt",Erststimmen,Die Gerechtigkeitspartei,0,0.0
08128014,"Boxberg, Stadt",Zweitstimmen,Die Gerechtigkeitspartei,2,0.05230125523012552
08128020,"Creglingen, Stadt",Erststimmen,Die Gerechtigkeitspartei,0,0.0
08128020,"Creglingen, Stadt",Zweitstimmen,Die Gerechtigkeitspartei,2,0.0746268656716418
08128039,"Freudenberg, Stadt",Erststimmen,Die Gerechtigkeitspartei,0,0.0
08128039,"Freudenberg, Stadt",Zweitstimmen,Die Gerechtigkeitspartei,5,0.26455026455026454
08128045,Großrinderfeld,Erststimmen,Die Gerechtigkeitspartei,0,0.0
08128045,Großrinderfeld,Zweitstimmen,Die Gerechtigkeitspartei,1,0.04221190375685943
08128047,"Grünsfeld, Stadt",Erststimmen,Die Gerechtigkeitspartei,0,0.0
08128047,"Grünsfeld, Stadt",Zweitstimmen,Die Gerechtigkeitspartei,3,0.13895321908290875
08128058,Igersheim,Erststimmen,Die Gerechtigkeitspartei,0,0.0
08128058,Igersheim,Zweitstimmen,Die Gerechtigkeitspartei,3,0.097624471200781
08128061,Königheim,Erststimmen,Die Gerechtigkeitspartei,0,0.0
08128061,Königheim,Zweitstimmen,Die Gerechtigkeitspartei,4,0.21085925144965736
08128064,"Külsheim, Stadt",Erststimmen,Die Gerechtigkeitspartei,0,0.0
08128064,"Külsheim, Stadt",Zweitstimmen,Die Gerechtigkeitspartei,6,0.1962066710268149
08128082,"Niederstetten, Stadt",Erststimmen,Die Gerechtigkeitspartei,0,0.0
08128082,"Niederstetten, Stadt",Zweitstimmen,Die Gerechtigkeitspartei,3,0.09943652635067948
08128115,"Tauberbischofsheim, Stadt",Erststimmen,Die Gerechtigkeitspartei,0,0.0
08128115,"Tauberbischofsheim, Stadt",Zweitstimmen,Die Gerechtigkeitspartei,13,0.19208037825059102
08128126,"Weikersheim, Stadt",Erststimmen,Die Gerechtigkeitspartei,0,0.0
08128126,"Weikersheim, Stadt",Zweitstimmen,Die Gerechtigkeitspartei,3,0.0670690811535882
08128128,Werbach,Erststimmen,Die Gerechtigkeitspartei,0,0.0
08128128,Werbach,Zweitstimmen,Die Gerechtigkeitspartei,1,0.05159958720330237
08128131,"Wertheim, Stadt",Erststimmen,Die Gerechtigkeitspartei,0,0.0
08128131,"Wertheim, Stadt",Zweitstimmen,Die Gerechtigkeitspartei,8,0.07503282686175201
08128137,Wittighausen,Erststimmen,Die Gerechtigkeitspartei,0,0.0
08128137,Wittighausen,Zweitstimmen,Die Gerechtigkeitspartei,0,0.0
08128138,Ahorn,Erststimmen,Die Gerechtigkeitspartei,0,0.0
08128138,Ahorn,Zweitstimmen,Die Gerechtigkeitspartei,1,0.07032348804500703
08128139,"Lauda-Königshofen, Stadt",Erststimmen,Die Gerechtigkeitspartei,0,0.0
08128139,"Lauda-Königshofen, Stadt",Zweitstimmen,Die Gerechtigkeitspartei,9,0.12178619756427606
08135010,Dischingen,Erststimmen,Die Gerechtigkeitspartei,0,0.0
08135010,Dischingen,Zweitstimmen,Die Gerechtigkeitspartei,2,0.08067769261799113
08135015,Gerstetten,Erststimmen,Die Gerechtigkeitspartei,0,0.0
08135015,Gerstetten,Zweitstimmen,Die Gerechtigkeitspartei,4,0.06335128286347799
08135016,"Giengen an der Brenz, Stadt",Erststimmen,Die Gerechtigkeitspartei,0,0.0
08135016,"Giengen an der Brenz, Stadt",Zweitstimmen,Die Gerechtigkeitspartei,8,0.10346611484738748
08135019,"Heidenheim an der Brenz, Stadt",Erststimmen,Die Gerechtigkeitspartei,0,0.0
08135019,"Heidenheim an der Brenz, Stadt",Zweitstimmen,Die Gerechtigkeitspartei,25,0.13350421873331197
08135020,"Herbrechtingen, Stadt",Erststimmen,Die Gerechtigkeitspartei,0,0.0
08135020,"Herbrechtingen, Stadt",Zweitstimmen,Die Gerechtigkeitspartei,7,0.10774203478528552
08135021,Hermaringen,Erststimmen,Die Gerechtigkeitspartei,0,0.0
08135021,Hermaringen,Zweitstimmen,Die Gerechtigkeitspartei,0,0.0
08135025,Königsbronn,Erststimmen,Die Gerechtigkeitspartei,0,0.0
08135025,Königsbronn,Zweitstimmen,Die Gerechtigkeitspartei,1,0.02627430373095113
08135026,Nattheim,Erststimmen,Die Gerechtigkeitspartei,0,0.0
08135026,Nattheim,Zweitstimmen,Die Gerechtigkeitspartei,3,0.08068854222700376
08135027,"Niederstotzingen, Stadt",Erststimmen,Die Gerechtigkeitspartei,0,0.0
08135027,"Niederstotzingen, Stadt",Zweitstimmen,Die Gerechtigkeitspartei,2,0.07864726700747149
08135031,Sontheim an der Brenz,Erststimmen,Die Gerechtigkeitspartei,0,0.0
08135031,Sontheim an der Brenz,Zweitstimmen,Die Gerechtigkeitspartei,1,0.03185727938834024
08135032,Steinheim am Albuch,Erststimmen,Die Gerechtigkeitspartei,0,0.0
08135032,Steinheim am Albuch,Zweitstimmen,Die Gerechtigkeitspartei,3,0.06476683937823835
08216002,Au am Rhein,Erststimmen,Die Gerechtigkeitspartei,0,0.0
08216002,Au am Rhein,Zweitstimmen,Die Gerechtigkeitspartei,3,0.15447991761071062
08216005,Bietigheim,Erststimmen,Die Gerechtigkeitspartei,0,0.0
08216005,Bietigheim,Zweitstimmen,Die Gerechtigkeitspartei,3,0.08789920890711983
08216006,Bischweier,Erststimmen,Die Gerechtigkeitspartei,0,0.0
08216006,Bischweier,Zweitstimmen,Die Gerechtigkeitspartei,1,0.05770340450086555
08216009,Durmersheim,Erststimmen,Die Gerechtigkeitspartei,0,0.0
08216009,Durmersheim,Zweitstimmen,Die Gerechtigkeitspartei,9,0.1525940996948118
08216012,Elchesheim-Illingen,Erststimmen,Die Gerechtigkeitspartei,0,0.0
08216012,Elchesheim-Illingen,Zweitstimmen,Die Gerechtigkeitspartei,1,0.05605381165919283
08216013,Forbach,Erststimmen,Die Gerechtigkeitspartei,0,0.0
08216013,Forbach,Zweitstimmen,Die Gerechtigkeitspartei,0,0.0
08216015,"Gaggenau, Stadt",Erststimmen,Die Gerechtigkeitspartei,0,0.0
08216015,"Gaggenau, Stadt",Zweitstimmen,Die Gerechtigkeitspartei,20,0.1431229426077
08216017,"Gernsbach, Stadt",Erststimmen,Die Gerechtigkeitspartei,0,0.0
08216017,"Gernsbach, Stadt",Zweitstimmen,Die Gerechtigkeitspartei,9,0.1287001287001287
08216023,Iffezheim,Erststimmen,Die Gerechtigkeitspartei,0,0.0
08216023,Iffezheim,Zweitstimmen,Die Gerechtigkeitspartei,2,0.07535795026375283
08216024,"Kuppenheim, Stadt",Erststimmen,Die Gerechtigkeitspartei,0,0.0
08216024,"Kuppenheim, Stadt",Zweitstimmen,Die Gerechtigkeitspartei,2,0.04675081813931744
08216029,Loffenau,Erststimmen,Die Gerechtigkeitspartei,0,0.0
08216029,Loffenau,Zweitstimmen,Die Gerechtigkeitspartei,1,0.07513148009015778
08216033,Muggensturm,Erststimmen,Die Gerechtigkeitspartei,0,0.0
08216033,Muggensturm,Zweitstimmen,Die Gerechtigkeitspartei,5,0.15422578655151142
08216039,Ötigheim,Erststimmen,Die Gerechtigkeitspartei,0,0.0
08216039,Ötigheim,Zweitstimmen,Die Gerechtigkeitspartei,0,0.0
08216043,"Rastatt, Stadt",Erststimmen,Die Gerechtigkeitspartei,0,0.0
08216043,"Rastatt, Stadt",Zweitstimmen,Die Gerechtigkeitspartei,48,0.26297047060757134
08216052,Steinmauern,Erststimmen,Die Gerechtigkeitspartei,0,0.0
08216052,Steinmauern,Zweitstimmen,Die Gerechtigkeitspartei,3,0.18159806295399517
08216059,Weisenbach,Erststimmen,Die Gerechtigkeitspartei,0,0.0
08216059,Weisenbach,Zweitstimmen,Die Gerechtigkeitspartei,2,0.15735641227380015
08231000,"Pforzheim, Stadt",Erststimmen,Die Gerechtigkeitspartei,0,0.0
08231000,"Pforzheim, Stadt",Zweitstimmen,Die Gerechtigkeitspartei,333,0.8207024029574862
08235006,"Altensteig, Stadt",Erststimmen,Die Gerechtigkeitspartei,0,0.0
08235006,"Altensteig, Stadt",Zweitstimmen,Die Gerechtigkeitspartei,5,0.10245901639344263
08235007,Althengstett,Erststimmen,Die Gerechtigkeitspartei,0,0.0
08235007,Althengstett,Zweitstimmen,Die Gerechtigkeitspartei,3,0.06545930613135502
08235008,"Bad Liebenzell, Stadt",Erststimmen,Die Gerechtigkeitspartei,0,0.0
08235008,"Bad Liebenzell, Stadt",Zweitstimmen,Die Gerechtigkeitspartei,5,0.10332713370531102
08235018,Dobel,Erststimmen,Die Gerechtigkeitspartei,0,0.0
08235018,Dobel,Zweitstimmen,Die Gerechtigkeitspartei,4,0.333889816360601
08235020,Ebhausen,Erststimmen,Die Gerechtigkeitspartei,0,0.0
08235020,Ebhausen,Zweitstimmen,Die Gerechtigkeitspartei,1,0.04144218814753419
08235022,Egenhausen,Erststimmen,Die Gerechtigkeitspartei,0,0.0
08235022,Egenhausen,Zweitstimmen,Die Gerechtigkeitspartei,1,0.08496176720475786
08235025,Enzklösterle,Erststimmen,Die Gerechtigkeitspartei,0,0.0
08235025,Enzklösterle,Zweitstimmen,Die Gerechtigkeitspartei,1,0.13986013986013987
08235029,Gechingen,Erststimmen,Die Gerechtigkeitspartei,0,0.0
08235029,Gechingen,Zweitstimmen,Die Gerechtigkeitspartei,3,0.14150943396226415
08235032,"Haiterbach, Stadt",Erststimmen,Die Gerechtigkeitspartei,0,0.0
08235032,"Haiterbach, Stadt",Zweitstimmen,Die Gerechtigkeitspartei,4,0.14487504527345166
08235033,"Bad Herrenalb, Stadt",Erststimmen,Die Gerechtigkeitspartei,0,0.0
08235033,"Bad Herrenalb, Stadt",Zweitstimmen,Die Gerechtigkeitspartei,4,0.10652463382157124
08235035,Höfen an der Enz,Erststimmen,Die Gerechtigkeitspartei,0,0.0
08235035,Höfen an der Enz,Zweitstimmen,Die Gerechtigkeitspartei,0,0.0
08235046,"Nagold, Stadt",Erststimmen,Die Gerechtigkeitspartei,0,0.0
08235046,"Nagold, Stadt",Zweitstimmen,Die Gerechtigkeitspartei,11,0.10364647130877225
08235047,"Neubulach, Stadt",Erststimmen,Die Gerechtigkeitspartei,0,0.0
08235047,"Neubulach, Stadt",Zweitstimmen,Die Gerechtigkeitspartei,4,0.12099213551119178
08235050,Neuweiler,Erststimmen,Die Gerechtigkeitspartei,0,0.0
08235050,Neuweiler,Zweitstimmen,Die Gerechtigkeitspartei,2,0.10504201680672269
08235055,Oberreichenbach,Erststimmen,Die Gerechtigkeitspartei,0,0.0
08235055,Oberreichenbach,Zweitstimmen,Die Gerechtigkeitspartei,1,0.05353319057815846
08235057,Ostelsheim,Erststimmen,Die Gerechtigkeitspartei,0,0.0
08235057,Ostelsheim,Zweitstimmen,Die Gerechtigkeitspartei,0,0.0
08235060,Rohrdorf,Erststimmen,Die Gerechtigkeitspartei,0,0.0
08235060,Rohrdorf,Zweitstimmen,Die Gerechtigkeitspartei,0,0.0
08235065,Schömberg,Erststimmen,Die Gerechtigkeitspartei,0,0.0
08235065,Schömberg,Zweitstimmen,Die Gerechtigkeitspartei,14,0.3793010024383636
08235066,Simmersfeld,Erststimmen,Die Gerechtigkeitspartei,0,0.0
08235066,Simmersfeld,Zweitstimmen,Die Gerechtigkeitspartei,0,0.0
08235067,Simmozheim,Erststimmen,Die Gerechtigkeitspartei,0,0.0
08235067,Simmozheim,Zweitstimmen,Die Gerechtigkeitspartei,1,0.06199628022318661
08235073,Unterreichenbach,Erststimmen,Die Gerechtigkeitspartei,0,0.0
08235073,Unterreichenbach,Zweitstimmen,Die Gerechtigkeitspartei,2,0.17559262510974538
08235079,"Bad Wildbad, Stadt",Erststimmen,Die Gerechtigkeitspartei,0,0.0
08235079,"Bad Wildbad, Stadt",Zweitstimmen,Die Gerechtigkeitspartei,1,0.02326122354035822
08235080,"Wildberg, Stadt",Erststimmen,Die Gerechtigkeitspartei,0,0.0
08235080,"Wildberg, Stadt",Zweitstimmen,Die Gerechtigkeitspartei,9,0.16123253314224292
08235084,"Bad Teinach-Zavelstein, Stadt",Erststimmen,Die Gerechtigkeitspartei,0,0.0
08235084,"Bad Teinach-Zavelstein, Stadt",Zweitstimmen,Die Gerechtigkeitspartei,1,0.056593095642331635
08235085,"Calw, Stadt",Erststimmen,Die Gerechtigkeitspartei,0,0.0
08235085,"Calw, Stadt",Zweitstimmen,Die Gerechtigkeitspartei,20,0.18848364904344547
08236004,Birkenfeld,Erststimmen,Die Gerechtigkeitspartei,0,0.0
08236004,Birkenfeld,Zweitstimmen,Die Gerechtigkeitspartei,14,0.2762430939226519
08236011,Eisingen,Erststimmen,Die Gerechtigkeitspartei,0,0.0
08236011,Eisingen,Zweitstimmen,Die Gerechtigkeitspartei,2,0.0848536274925753
08236013,Engelsbrand,Erststimmen,Die Gerechtigkeitspartei,0,0.0
08236013,Engelsbrand,Zweitstimmen,Die Gerechtigkeitspartei,8,0.32733224222585927
08236019,Friolzheim,Erststimmen,Die Gerechtigkeitspartei,0,0.0
08236019,Friolzheim,Zweitstimmen,Die Gerechtigkeitspartei,11,0.5228136882129277
08236025,"Heimsheim, Stadt",Erststimmen,Die Gerechtigkeitspartei,0,0.0
08236025,"Heimsheim, Stadt",Zweitstimmen,Die Gerechtigkeitspartei,1,0.03759398496240602
08236028,Illingen,Erststimmen,Die Gerechtigkeitspartei,0,0.0
08236028,Illingen,Zweitstimmen,Die Gerechtigkeitspartei,2,0.05002501250625312
08236030,Ispringen,Erststimmen,Die Gerechtigkeitspartei,0,0.0
08236030,Ispringen,Zweitstimmen,Die Gerechtigkeitspartei,7,0.24928774928774927
08236031,Kieselbronn,Erststimmen,Die Gerechtigkeitspartei,0,0.0
08236031,Kieselbronn,Zweitstimmen,Die Gerechtigkeitspartei,4,0.24875621890547264
08236033,"Knittlingen, Stadt",Erststimmen,Die Gerechtigkeitspartei,0,0.0
08236033,"Knittlingen, Stadt",Zweitstimmen,Die Gerechtigkeitspartei,6,0.1509433962264151
08236038,"Maulbronn, Stadt",Erststimmen,Die Gerechtigkeitspartei,0,0.0
08236038,"Maulbronn, Stadt",Zweitstimmen,Die Gerechtigkeitspartei,8,0.2444240757714635
08236039,Mönsheim,Erststimmen,Die Gerechtigkeitspartei,0,0.0
08236039,Mönsheim,Zweitstimmen,Die Gerechtigkeitspartei,2,0.12658227848101267
08236040,"Mühlacker, Stadt",Erststimmen,Die Gerechtigkeitspartei,0,0.0
08236040,"Mühlacker, Stadt",Zweitstimmen,Die Gerechtigkeitspartei,49,0.45517882025081285
08236043,"Neuenbürg, Stadt",Erststimmen,Die Gerechtigkeitspartei,0,0.0
08236043,"Neuenbürg, Stadt",Zweitstimmen,Die Gerechtigkeitspartei,5,0.13550135501355012
08236044,Neuhausen,Erststimmen,Die Gerechtigkeitspartei,0,0.0
08236044,Neuhausen,Zweitstimmen,Die Gerechtigkeitspartei,2,0.06557377049180328
08236046,Niefern-Öschelbronn,Erststimmen,Die Gerechtigkeitspartei,0,0.0
08236046,Niefern-Öschelbronn,Zweitstimmen,Die Gerechtigkeitspartei,22,0.3936303453211666
08236050,Ötisheim,Erststimmen,Die Gerechtigkeitspartei,0,0.0
08236050,Ötisheim,Zweitstimmen,Die Gerechtigkeitspartei,3,0.11797090051120723
08236061,Sternenfels,Erststimmen,Die Gerechtigkeitspartei,0,0.0
08236061,Sternenfels,Zweitstimmen,Die Gerechtigkeitspartei,3,0.1928020565552699
08236062,Tiefenbronn,Erststimmen,Die Gerechtigkeitspartei,0,0.0
08236062,Tiefenbronn,Zweitstimmen,Die Gerechtigkeitspartei,7,0.2175940317065589
08236065,Wiernsheim,Erststimmen,Die Gerechtigkeitspartei,0,0.0
08236065,Wiernsheim,Zweitstimmen,Die Gerechtigkeitspartei,7,0.18219677251431546
08236067,Wimsheim,Erststimmen,Die Gerechtigkeitspartei,0,0.0
08236067,Wimsheim,Zweitstimmen,Die Gerechtigkeitspartei,3,0.18427518427518427
08236068,Wurmberg,Erststimmen,Die Gerechtigkeitspartei,0,0.0
08236068,Wurmberg,Zweitstimmen,Die Gerechtigkeitspartei,0,0.0
08236070,Keltern,Erststimmen,Die Gerechtigkeitspartei,0,0.0
08236070,Keltern,Zweitstimmen,Die Gerechtigkeitspartei,7,0.13323182337266842
08236071,Remchingen,Erststimmen,Die Gerechtigkeitspartei,0,0.0
08236071,Remchingen,Zweitstimmen,Die Gerechtigkeitspartei,9,0.13886745872550532
08236072,Straubenhardt,Erststimmen,Die Gerechtigkeitspartei,0,0.0
08236072,Straubenhardt,Zweitstimmen,Die Gerechtigkeitspartei,1,0.016283992835043153
08236073,Neulingen,Erststimmen,Die Gerechtigkeitspartei,0,0.0
08236073,Neulingen,Zweitstimmen,Die Gerechtigkeitspartei,6,0.16233766233766234
08236074,Kämpfelbach,Erststimmen,Die Gerechtigkeitspartei,0,0.0
08236074,Kämpfelbach,Zweitstimmen,Die Gerechtigkeitspartei,2,0.05572582892170522
08236075,Ölbronn-Dürrn,Erststimmen,Die Gerechtigkeitspartei,0,0.0
08236075,Ölbronn-Dürrn,Zweitstimmen,Die Gerechtigkeitspartei,9,0.4591836734693878
08236076,Königsbach-Stein,Erststimmen,Die Gerechtigkeitspartei,0,0.0
08236076,Königsbach-Stein,Zweitstimmen,Die Gerechtigkeitspartei,13,0.2331002331002331
08237002,"Alpirsbach, Stadt",Erststimmen,Die Gerechtigkeitspartei,0,0.0
08237002,"Alpirsbach, Stadt",Zweitstimmen,Die Gerechtigkeitspartei,10,0.3222687721559781
08237004,Baiersbronn,Erststimmen,Die Gerechtigkeitspartei,0,0.0
08237004,Baiersbronn,Zweitstimmen,Die Gerechtigkeitspartei,14,0.18890837943597355
08237019,"Dornstetten, Stadt",Erststimmen,Die Gerechtigkeitspartei,0,0.0
08237019,"Dornstetten, Stadt",Zweitstimmen,Die Gerechtigkeitspartei,8,0.1974821031843989
08237024,Empfingen,Erststimmen,Die Gerechtigkeitspartei,0,0.0
08237024,Empfingen,Zweitstimmen,Die Gerechtigkeitspartei,2,0.0899685110211426
08237027,Eutingen im Gäu,Erststimmen,Die Gerechtigkeitspartei,0,0.0
08237027,Eutingen im Gäu,Zweitstimmen,Die Gerechtigkeitspartei,1,0.029726516052318665
08237028,"Freudenstadt, Stadt",Erststimmen,Die Gerechtigkeitspartei,0,0.0
08237028,"Freudenstadt, Stadt",Zweitstimmen,Die Gerechtigkeitspartei,14,0.12966564786514773
08237030,Glatten,Erststimmen,Die Gerechtigkeitspartei,0,0.0
08237030,Glatten,Zweitstimmen,Die Gerechtigkeitspartei,2,0.14104372355430184
08237032,Grömbach,Erststimmen,Die Gerechtigkeitspartei,0,0.0
08237032,Grömbach,Zweitstimmen,Die Gerechtigkeitspartei,0,0.0
08237040,"Horb am Neckar, Stadt",Erststimmen,Die Gerechtigkeitspartei,0,0.0
08237040,"Horb am Neckar, Stadt",Zweitstimmen,Die Gerechtigkeitspartei,9,0.0719309462915601
08237045,Loßburg,Erststimmen,Die Gerechtigkeitspartei,0,0.0
08237045,Loßburg,Zweitstimmen,Die Gerechtigkeitspartei,1,0.022331397945511387
08237054,Pfalzgrafenweiler,Erststimmen,Die Gerechtigkeitspartei,0,0.0
08237054,Pfalzgrafenweiler,Zweitstimmen,Die Gerechtigkeitspartei,6,0.16393442622950818
08237061,Schopfloch,Erststimmen,Die Gerechtigkeitspartei,0,0.0
08237061,Schopfloch,Zweitstimmen,Die Gerechtigkeitspartei,1,0.06406149903907751
08237072,Wörnersberg,Erststimmen,Die Gerechtigkeitspartei,0,0.0
08237072,Wörnersberg,Zweitstimmen,Die Gerechtigkeitspartei,0,0.0
08237073,Seewald,Erststimmen,Die Gerechtigkeitspartei,0,0.0
08237073,Seewald,Zweitstimmen,Die Gerechtigkeitspartei,2,0.1692047377326565
08237074,Waldachtal,Erststimmen,Die Gerechtigkeitspartei,0,0.0
08237074,Waldachtal,Zweitstimmen,Die Gerechtigkeitspartei,3,0.09322560596643878
08237075,Bad Rippoldsau-Schapbach,Erststimmen,Die Gerechtigkeitspartei,0,0.0
08237075,Bad Rippoldsau-Schapbach,Zweitstimmen,Die Gerechtigkeitspartei,0,0.0
08316002,Bahlingen am Kaiserstuhl,Erststimmen,Die Gerechtigkeitspartei,0,0.0
08316002,Bahlingen am Kaiserstuhl,Zweitstimmen,Die Gerechtigkeitspartei,1,0.03856536829926726
08316003,Biederbach,Erststimmen,Die Gerechtigkeitspartei,0,0.0
08316003,Biederbach,Zweitstimmen,Die Gerechtigkeitspartei,2,0.19455252918287938
08316009,Denzlingen,Erststimmen,Die Gerechtigkeitspartei,0,0.0
08316009,Denzlingen,Zweitstimmen,Die Gerechtigkeitspartei,6,0.08151066431191414
08316010,"Elzach, Stadt",Erststimmen,Die Gerechtigkeitspartei,0,0.0
08316010,"Elzach, Stadt",Zweitstimmen,Die Gerechtigkeitspartei,0,0.0
08316011,"Emmendingen, Stadt",Erststimmen,Die Gerechtigkeitspartei,0,0.0
08316011,"Emmendingen, Stadt",Zweitstimmen,Die Gerechtigkeitspartei,19,0.13494318181818182
08316012,"Endingen am Kaiserstuhl, Stadt",Erststimmen,Die Gerechtigkeitspartei,0,0.0
08316012,"Endingen am Kaiserstuhl, Stadt",Zweitstimmen,Die Gerechtigkeitspartei,6,0.10416666666666667
08316013,Forchheim,Erststimmen,Die Gerechtigkeitspartei,0,0.0
08316013,Forchheim,Zweitstimmen,Die Gerechtigkeitspartei,1,0.12091898428053204
08316014,Gutach im Breisgau,Erststimmen,Die Gerechtigkeitspartei,0,0.0
08316014,Gutach im Breisgau,Zweitstimmen,Die Gerechtigkeitspartei,1,0.03795066413662239
08316017,"Herbolzheim, Stadt",Erststimmen,Die Gerechtigkeitspartei,0,0.0
08316017,"Herbolzheim, Stadt",Zweitstimmen,Die Gerechtigkeitspartei,5,0.09478672985781991
08316020,"Kenzingen, Stadt",Erststimmen,Die Gerechtigkeitspartei,0,0.0
08316020,"Kenzingen, Stadt",Zweitstimmen,Die Gerechtigkeitspartei,7,0.12551551013089476
08316024,Malterdingen,Erststimmen,Die Gerechtigkeitspartei,0,0.0
08316024,Malterdingen,Zweitstimmen,Die Gerechtigkeitspartei,2,0.10509721492380451
08316036,Reute,Erststimmen,Die Gerechtigkeitspartei,0,0.0
08316036,Reute,Zweitstimmen,Die Gerechtigkeitspartei,0,0.0
08316037,Riegel am Kaiserstuhl,Erststimmen,Die Gerechtigkeitspartei,0,0.0
08316037,Riegel am Kaiserstuhl,Zweitstimmen,Die Gerechtigkeitspartei,1,0.04950495049504951
08316038,Sasbach am Kaiserstuhl,Erststimmen,Die Gerechtigkeitspartei,0,0.0
08316038,Sasbach am Kaiserstuhl,Zweitstimmen,Die Gerechtigkeitspartei,2,0.09737098344693282
08316039,Sexau,Erststimmen,Die Gerechtigkeitspartei,0,0.0
08316039,Sexau,Zweitstimmen,Die Gerechtigkeitspartei,2,0.09478672985781991
08316042,Simonswald,Erststimmen,Die Gerechtigkeitspartei,0,0.0
08316042,Simonswald,Zweitstimmen,Die Gerechtigkeitspartei,4,0.2257336343115124
08316043,Teningen,Erststimmen,Die Gerechtigkeitspartei,0,0.0
08316043,Teningen,Zweitstimmen,Die Gerechtigkeitspartei,2,0.031133250311332503
08316045,Vörstetten,Erststimmen,Die Gerechtigkeitspartei,0,0.0
08316045,Vörstetten,Zweitstimmen,Die Gerechtigkeitspartei,1,0.05279831045406547
08316049,Weisweil,Erststimmen,Die Gerechtigkeitspartei,0,0.0
08316049,Weisweil,Zweitstimmen,Die Gerechtigkeitspartei,1,0.08
08316051,Wyhl am Kaiserstuhl,Erststimmen,Die Gerechtigkeitspartei,0,0.0
08316051,Wyhl am Kaiserstuhl,Zweitstimmen,Die Gerechtigkeitspartei,5,0.24154589371980675
08316053,Rheinhausen im Breisgau,Erststimmen,Die Gerechtigkeitspartei,0,0.0
08316053,Rheinhausen im Breisgau,Zweitstimmen,Die Gerechtigkeitspartei,0,0.0
08316054,Freiamt,Erststimmen,Die Gerechtigkeitspartei,0,0.0
08316054,Freiamt,Zweitstimmen,Die Gerechtigkeitspartei,0,0.0
08316055,Winden im Elztal,Erststimmen,Die Gerechtigkeitspartei,0,0.0
08316055,Winden im Elztal,Zweitstimmen,Die Gerechtigkeitspartei,1,0.06119951040391676
08316056,"Waldkirch, Stadt",Erststimmen,Die Gerechtigkeitspartei,0,0.0
08316056,"Waldkirch, Stadt",Zweitstimmen,Die Gerechtigkeitspartei,12,0.10632642211589581
08325001,Aichhalden,Erststimmen,Die Gerechtigkeitspartei,0,0.0
08325001,Aichhalden,Zweitstimmen,Die Gerechtigkeitspartei,3,0.11769321302471558
08325009,Bösingen,Erststimmen,Die Gerechtigkeitspartei,0,0.0
08325009,Bösingen,Zweitstimmen,Die Gerechtigkeitspartei,2,0.09675858732462506
08325011,Dietingen,Erststimmen,Die Gerechtigkeitspartei,0,0.0
08325011,Dietingen,Zweitstimmen,Die Gerechtigkeitspartei,0,0.0
08325012,"Dornhan, Stadt",Erststimmen,Die Gerechtigkeitspartei,0,0.0
08325012,"Dornhan, Stadt",Zweitstimmen,Die Gerechtigkeitspartei,4,0.1115137998327293
08325014,Dunningen,Erststimmen,Die Gerechtigkeitspartei,0,0.0
08325014,Dunningen,Zweitstimmen,Die Gerechtigkeitspartei,1,0.026896180742334585
08325015,Epfendorf,Erststimmen,Die Gerechtigkeitspartei,0,0.0
08325015,Epfendorf,Zweitstimmen,Die Gerechtigkeitspartei,3,0.16602102933038185
08325024,Hardt,Erststimmen,Die Gerechtigkeitspartei,0,0.0
08325024,Hardt,Zweitstimmen,Die Gerechtigkeitspartei,0,0.0
08325036,Lauterbach,Erststimmen,Die Gerechtigkeitspartei,0,0.0
08325036,Lauterbach,Zweitstimmen,Die Gerechtigkeitspartei,1,0.06711409395973154
08325045,"Oberndorf am Neckar, Stadt",Erststimmen,Die Gerechtigkeitspartei,0,0.0
08325045,"Oberndorf am Neckar, Stadt",Zweitstimmen,Die Gerechtigkeitspartei,4,0.06244146113019045
08325049,"Rottweil, Stadt",Erststimmen,Die Gerechtigkeitspartei,0,0.0
08325049,"Rottweil, Stadt",Zweitstimmen,Die Gerechtigkeitspartei,10,0.08300821781356355
08325050,Schenkenzell,Erststimmen,Die Gerechtigkeitspartei,0,0.0
08325050,Schenkenzell,Zweitstimmen,Die Gerechtigkeitspartei,1,0.09633911368015415
08325051,"Schiltach, Stadt",Erststimmen,Die Gerechtigkeitspartei,0,0.0
08325051,"Schiltach, Stadt",Zweitstimmen,Die Gerechtigkeitspartei,2,0.09881422924901186
08325053,"Schramberg, Stadt",Erststimmen,Die Gerechtigkeitspartei,0,0.0
08325053,"Schramberg, Stadt",Zweitstimmen,Die Gerechtigkeitspartei,9,0.09563277016257571
08325057,"Sulz am Neckar, Stadt",Erststimmen,Die Gerechtigkeitspartei,0,0.0
08325057,"Sulz am Neckar, Stadt",Zweitstimmen,Die Gerechtigkeitspartei,10,0.16178611875101115
08325060,Villingendorf,Erststimmen,Die Gerechtigkeitspartei,0,0.0
08325060,Villingendorf,Zweitstimmen,Die Gerechtigkeitspartei,1,0.05254860746190226
08325061,Vöhringen,Erststimmen,Die Gerechtigkeitspartei,0,0.0
08325061,Vöhringen,Zweitstimmen,Die Gerechtigkeitspartei,3,0.12738853503184713
08325064,Wellendingen,Erststimmen,Die Gerechtigkeitspartei,0,0.0
08325064,Wellendingen,Zweitstimmen,Die Gerechtigkeitspartei,1,0.06024096385542169
08325069,Zimmern ob Rottweil,Erststimmen,Die Gerechtigkeitspartei,0,0.0
08325069,Zimmern ob Rottweil,Zweitstimmen,Die Gerechtigkeitspartei,1,0.029895366218236175
08325070,Fluorn-Winzeln,Erststimmen,Die Gerechtigkeitspartei,0,0.0
08325070,Fluorn-Winzeln,Zweitstimmen,Die Gerechtigkeitspartei,3,0.16741071428571427
08325071,Eschbronn,Erststimmen,Die Gerechtigkeitspartei,0,0.0
08325071,Eschbronn,Zweitstimmen,Die Gerechtigkeitspartei,3,0.23492560689115116
08325072,Deißlingen,Erststimmen,Die Gerechtigkeitspartei,0,0.0
08325072,Deißlingen,Zweitstimmen,Die Gerechtigkeitspartei,5,0.1548467017652524
08326003,"Bad Dürrheim, Stadt",Erststimmen,Die Gerechtigkeitspartei,0,0.0
08326003,"Bad Dürrheim, Stadt",Zweitstimmen,Die Gerechtigkeitspartei,7,0.1028202115158637
08326005,"Blumberg, Stadt",Erststimmen,Die Gerechtigkeitspartei,0,0.0
08326005,"Blumberg, Stadt",Zweitstimmen,Die Gerechtigkeitspartei,5,0.11381743683132256
08326006,"Bräunlingen, Stadt",Erststimmen,Die Gerechtigkeitspartei,0,0.0
08326006,"Bräunlingen, Stadt",Zweitstimmen,Die Gerechtigkeitspartei,0,0.0
08326010,Dauchingen,Erststimmen,Die Gerechtigkeitspartei,0,0.0
08326010,Dauchingen,Zweitstimmen,Die Gerechtigkeitspartei,1,0.047664442326024785
08326012,"Donaueschingen, Stadt",Erststimmen,Die Gerechtigkeitspartei,0,0.0
08326012,"Donaueschingen, Stadt",Zweitstimmen,Die Gerechtigkeitspartei,12,0.11388440732656353
08326017,"Furtwangen im Schwarzwald, Stadt",Erststimmen,Die Gerechtigkeitspartei,0,0.0
08326017,"Furtwangen im Schwarzwald, Stadt",Zweitstimmen,Die Gerechtigkeitspartei,3,0.07515030060120241
08326020,Gütenbach,Erststimmen,Die Gerechtigkeitspartei,0,0.0
08326020,Gütenbach,Zweitstimmen,Die Gerechtigkeitspartei,0,0.0
08326027,"Hüfingen, Stadt",Erststimmen,Die Gerechtigkeitspartei,0,0.0
08326027,"Hüfingen, Stadt",Zweitstimmen,Die Gerechtigkeitspartei,6,0.15186028853454822
08326031,Königsfeld im Schwarzwald,Erststimmen,Die Gerechtigkeitspartei,0,0.0
08326031,Königsfeld im Schwarzwald,Zweitstimmen,Die Gerechtigkeitspartei,3,0.08498583569405099
08326037,Mönchweiler,Erststimmen,Die Gerechtigkeitspartei,0,0.0
08326037,Mönchweiler,Zweitstimmen,Die Gerechtigkeitspartei,5,0.30156815440289503
08326041,Niedereschach,Erststimmen,Die Gerechtigkeitspartei,0,0.0
08326041,Niedereschach,Zweitstimmen,Die Gerechtigkeitspartei,2,0.06007810153199159
08326052,"St. Georgen im Schwarzwald, Stadt",Erststimmen,Die Gerechtigkeitspartei,0,0.0
08326052,"St. Georgen im Schwarzwald, Stadt",Zweitstimmen,Die Gerechtigkeitspartei,4,0.0648403306856865
08326054,Schönwald im Schwarzwald,Erststimmen,Die Gerechtigkeitspartei,0,0.0
08326054,Schönwald im Schwarzwald,Zweitstimmen,Die Gerechtigkeitspartei,2,0.15071590052750566
08326055,Schonach im Schwarzwald,Erststimmen,Die Gerechtigkeitspartei,0,0.0
08326055,Schonach im Schwarzwald,Zweitstimmen,Die Gerechtigkeitspartei,1,0.04746084480303749
08326060,"Triberg im Schwarzwald, Stadt",Erststimmen,Die Gerechtigkeitspartei,0,0.0
08326060,"Triberg im Schwarzwald, Stadt",Zweitstimmen,Die Gerechtigkeitspartei,6,0.33519553072625696
08326061,Tuningen,Erststimmen,Die Gerechtigkeitspartei,0,0.0
08326061,Tuningen,Zweitstimmen,Die Gerechtigkeitspartei,2,0.12004801920768307
08326065,Unterkirnach,Erststimmen,Die Gerechtigkeitspartei,0,0.0
08326065,Unterkirnach,Zweitstimmen,Die Gerechtigkeitspartei,3,0.2390438247011952
08326068,"Vöhrenbach, Stadt",Erststimmen,Die Gerechtigkeitspartei,0,0.0
08326068,"Vöhrenbach, Stadt",Zweitstimmen,Die Gerechtigkeitspartei,1,0.05931198102016608
08326074,"Villingen-Schwenningen, Stadt",Erststimmen,Die Gerechtigkeitspartei,0,0.0
08326074,"Villingen-Schwenningen, Stadt",Zweitstimmen,Die Gerechtigkeitspartei,33,0.09407069555302167
08326075,Brigachtal,Erststimmen,Die Gerechtigkeitspartei,0,0.0
08326075,Brigachtal,Zweitstimmen,Die Gerechtigkeitspartei,3,0.1023541453428864
08327002,Aldingen,Erststimmen,Die Gerechtigkeitspartei,0,0.0
08327002,Aldingen,Zweitstimmen,Die Gerechtigkeitspartei,9,0.2782071097372488
08327004,Bärenthal,Erststimmen,Die Gerechtigkeitspartei,0,0.0
08327004,Bärenthal,Zweitstimmen,Die Gerechtigkeitspartei,1,0.35842293906810035
08327005,Balgheim,Erststimmen,Die Gerechtigkeitspartei,0,0.0
08327005,Balgheim,Zweitstimmen,Die Gerechtigkeitspartei,0,0.0
08327006,Böttingen,Erststimmen,Die Gerechtigkeitspartei,0,0.0
08327006,Böttingen,Zweitstimmen,Die Gerechtigkeitspartei,0,0.0
08327007,Bubsheim,Erststimmen,Die Gerechtigkeitspartei,0,0.0
08327007,Bubsheim,Zweitstimmen,Die Gerechtigkeitspartei,0,0.0
08327008,Buchheim,Erststimmen,Die Gerechtigkeitspartei,0,0.0
08327008,Buchheim,Zweitstimmen,Die Gerechtigkeitspartei,0,0.0
08327009,Deilingen,Erststimmen,Die Gerechtigkeitspartei,0,0.0
08327009,Deilingen,Zweitstimmen,Die Gerechtigkeitspartei,1,0.1049317943336831
08327010,Denkingen,Erststimmen,Die Gerechtigkeitspartei,0,0.0
08327010,Denkingen,Zweitstimmen,Die Gerechtigkeitspartei,1,0.06756756756756757
08327011,Dürbheim,Erststimmen,Die Gerechtigkeitspartei,0,0.0
08327011,Dürbheim,Zweitstimmen,Die Gerechtigkeitspartei,0,0.0
08327012,Durchhausen,Erststimmen,Die Gerechtigkeitspartei,0,0.0
08327012,Durchhausen,Zweitstimmen,Die Gerechtigkeitspartei,1,0.1890359168241966
08327013,Egesheim,Erststimmen,Die Gerechtigkeitspartei,0,0.0
08327013,Egesheim,Zweitstimmen,Die Gerechtigkeitspartei,0,0.0
08327016,"Fridingen an der Donau, Stadt",Erststimmen,Die Gerechtigkeitspartei,0,0.0
08327016,"Fridingen an der Donau, Stadt",Zweitstimmen,Die Gerechtigkeitspartei,0,0.0
08327017,Frittlingen,Erststimmen,Die Gerechtigkeitspartei,0,0.0
08327017,Frittlingen,Zweitstimmen,Die Gerechtigkeitspartei,0,0.0
08327018,"Geisingen, Stadt",Erststimmen,Die Gerechtigkeitspartei,0,0.0
08327018,"Geisingen, Stadt",Zweitstimmen,Die Gerechtigkeitspartei,3,0.09970089730807577
08327019,Gosheim,Erststimmen,Die Gerechtigkeitspartei,0,0.0
08327019,Gosheim,Zweitstimmen,Die Gerechtigkeitspartei,0,0.0
08327020,Gunningen,Erststimmen,Die Gerechtigkeitspartei,0,0.0
08327020,Gunningen,Zweitstimmen,Die Gerechtigkeitspartei,0,0.0
08327023,Hausen ob Verena,Erststimmen,Die Gerechtigkeitspartei,0,0.0
08327023,Hausen ob Verena,Zweitstimmen,Die Gerechtigkeitspartei,0,0.0
08327025,Immendingen,Erststimmen,Die Gerechtigkeitspartei,0,0.0
08327025,Immendingen,Zweitstimmen,Die Gerechtigkeitspartei,3,0.09884678747940692
08327027,Irndorf,Erststimmen,Die Gerechtigkeitspartei,0,0.0
08327027,Irndorf,Zweitstimmen,Die Gerechtigkeitspartei,0,0.0
08327029,Königsheim,Erststimmen,Die Gerechtigkeitspartei,0,0.0
08327029,Königsheim,Zweitstimmen,Die Gerechtigkeitspartei,0,0.0
08327030,Kolbingen,Erststimmen,Die Gerechtigkeitspartei,0,0.0
08327030,Kolbingen,Zweitstimmen,Die Gerechtigkeitspartei,2,0.261437908496732
08327033,Mahlstetten,Erststimmen,Die Gerechtigkeitspartei,0,0.0
08327033,Mahlstetten,Zweitstimmen,Die Gerechtigkeitspartei,1,0.2079002079002079
08327036,"Mühlheim an der Donau, Stadt",Erststimmen,Die Gerechtigkeitspartei,0,0.0
08327036,"Mühlheim an der Donau, Stadt",Zweitstimmen,Die Gerechtigkeitspartei,0,0.0
08327038,Neuhausen ob Eck,Erststimmen,Die Gerechtigkeitspartei,0,0.0
08327038,Neuhausen ob Eck,Zweitstimmen,Die Gerechtigkeitspartei,2,0.10395010395010396
08327040,Reichenbach am Heuberg,Erststimmen,Die Gerechtigkeitspartei,0,0.0
08327040,Reichenbach am Heuberg,Zweitstimmen,Die Gerechtigkeitspartei,0,0.0
08327041,Renquishausen,Erststimmen,Die Gerechtigkeitspartei,0,0.0
08327041,Renquishausen,Zweitstimmen,Die Gerechtigkeitspartei,0,0.0
08327046,"Spaichingen, Stadt",Erststimmen,Die Gerechtigkeitspartei,0,0.0
08327046,"Spaichingen, Stadt",Zweitstimmen,Die Gerechtigkeitspartei,9,0.15568240788790866
08327048,Talheim,Erststimmen,Die Gerechtigkeitspartei,0,0.0
08327048,Talheim,Zweitstimmen,Die Gerechtigkeitspartei,0,0.0
08327049,"Trossingen, Stadt",Erststimmen,Die Gerechtigkeitspartei,0,0.0
08327049,"Trossingen, Stadt",Zweitstimmen,Die Gerechtigkeitspartei,7,0.10787486515641855
08327050,"Tuttlingen, Stadt",Erststimmen,Die Gerechtigkeitspartei,0,0.0
08327050,"Tuttlingen, Stadt",Zweitstimmen,Die Gerechtigkeitspartei,27,0.2076284220239926
08327051,Wehingen,Erststimmen,Die Gerechtigkeitspartei,0,0.0
08327051,Wehingen,Zweitstimmen,Die Gerechtigkeitspartei,10,0.6455777921239509
08327054,Wurmlingen,Erststimmen,Die Gerechtigkeitspartei,0,0.0
08327054,Wurmlingen,Zweitstimmen,Die Gerechtigkeitspartei,5,0.2321262766945218
08327055,Seitingen-Oberflacht,Erststimmen,Die Gerechtigkeitspartei,0,0.0
08327055,Seitingen-Oberflacht,Zweitstimmen,Die Gerechtigkeitspartei,2,0.15267175572519084
08327056,Rietheim-Weilheim,Erststimmen,Die Gerechtigkeitspartei,0,0.0
08327056,Rietheim-Weilheim,Zweitstimmen,Die Gerechtigkeitspartei,3,0.2079002079002079
08327057,Emmingen-Liptingen,Erststimmen,Die Gerechtigkeitspartei,0,0.0
08327057,Emmingen-Liptingen,Zweitstimmen,Die Gerechtigkeitspartei,0,0.0
08336004,Aitern,Erststimmen,Die Gerechtigkeitspartei,1,0.3246753246753247
08336004,Aitern,Zweitstimmen,Die Gerechtigkeitspartei,0,0.0
08336006,Bad Bellingen,Erststimmen,Die Gerechtigkeitspartei,10,0.46533271288971617
08336006,Bad Bellingen,Zweitstimmen,Die Gerechtigkeitspartei,5,0.2315886984715146
08336008,Binzen,Erststimmen,Die Gerechtigkeitspartei,4,0.24345709068776628
08336008,Binzen,Zweitstimmen,Die Gerechtigkeitspartei,4,0.24330900243309003
08336010,Böllen,Erststimmen,Die Gerechtigkeitspartei,0,0.0
08336010,Böllen,Zweitstimmen,Die Gerechtigkeitspartei,0,0.0
08336014,Efringen-Kirchen,Erststimmen,Die Gerechtigkeitspartei,13,0.2720234358652438
08336014,Efringen-Kirchen,Zweitstimmen,Die Gerechtigkeitspartei,9,0.18789144050104384
08336019,Eimeldingen,Erststimmen,Die Gerechtigkeitspartei,3,0.23328149300155523
08336019,Eimeldingen,Zweitstimmen,Die Gerechtigkeitspartei,0,0.0
08336024,Fischingen,Erststimmen,Die Gerechtigkeitspartei,0,0.0
08336024,Fischingen,Zweitstimmen,Die Gerechtigkeitspartei,0,0.0
08336025,Fröhnd,Erststimmen,Die Gerechtigkeitspartei,0,0.0
08336025,Fröhnd,Zweitstimmen,Die Gerechtigkeitspartei,0,0.0
08336034,Hasel,Erststimmen,Die Gerechtigkeitspartei,1,0.16393442622950818
08336034,Hasel,Zweitstimmen,Die Gerechtigkeitspartei,0,0.0
08336036,Hausen im Wiesental,Erststimmen,Die Gerechtigkeitspartei,3,0.24549918166939444
08336036,Hausen im Wiesental,Zweitstimmen,Die Gerechtigkeitspartei,2,0.1631321370309951
08336043,Inzlingen,Erststimmen,Die Gerechtigkeitspartei,6,0.45214770158251694
08336043,Inzlingen,Zweitstimmen,Die Gerechtigkeitspartei,7,0.5259203606311045
08336050,"Lörrach, Stadt",Erststimmen,Die Gerechtigkeitspartei,106,0.5167202885834065
08336050,"Lörrach, Stadt",Zweitstimmen,Die Gerechtigkeitspartei,54,0.2626331404114586
08336057,Maulburg,Erststimmen,Die Gerechtigkeitspartei,12,0.5985037406483791
08336057,Maulburg,Zweitstimmen,Die Gerechtigkeitspartei,6,0.29925187032418954
08336069,"Rheinfelden (Baden), Stadt",Erststimmen,Die Gerechtigkeitspartei,0,0.0
08336069,"Rheinfelden (Baden), Stadt",Zweitstimmen,Die Gerechtigkeitspartei,19,0.13929618768328447
08336073,Rümmingen,Erststimmen,Die Gerechtigkeitspartei,3,0.32119914346895073
08336073,Rümmingen,Zweitstimmen,Die Gerechtigkeitspartei,2,0.21390374331550802
08336075,Schallbach,Erststimmen,Die Gerechtigkeitspartei,1,0.20533880903490762
08336075,Schallbach,Zweitstimmen,Die Gerechtigkeitspartei,0,0.0
08336079,"Schönau im Schwarzwald, Stadt",Erststimmen,Die Gerechtigkeitspartei,3,0.4601226993865031
08336079,"Schönau im Schwarzwald, Stadt",Zweitstimmen,Die Gerechtigkeitspartei,0,0.0
08336080,Schönenberg,Erststimmen,Die Gerechtigkeitspartei,0,0.0
08336080,Schönenberg,Zweitstimmen,Die Gerechtigkeitspartei,1,0.6172839506172839
08336081,"Schopfheim, Stadt",Erststimmen,Die Gerechtigkeitspartei,39,0.4166666666666667
08336081,"Schopfheim, Stadt",Zweitstimmen,Die Gerechtigkeitspartei,18,0.1917137075300884
08336082,Schwörstadt,Erststimmen,Die Gerechtigkeitspartei,0,0.0
08336082,Schwörstadt,Zweitstimmen,Die Gerechtigkeitspartei,3,0.2546689303904924
08336084,Steinen,Erststimmen,Die Gerechtigkeitspartei,15,0.28195488721804507
08336084,Steinen,Zweitstimmen,Die Gerechtigkeitspartei,6,0.11244377811094453
08336087,"Todtnau, Stadt",Erststimmen,Die Gerechtigkeitspartei,4,0.1596169193934557
08336087,"Todtnau, Stadt",Zweitstimmen,Die Gerechtigkeitspartei,0,0.0
08336089,Tunau,Erststimmen,Die Gerechtigkeitspartei,0,0.0
08336089,Tunau,Zweitstimmen,Die Gerechtigkeitspartei,0,0.0
08336090,Utzenfeld,Erststimmen,Die Gerechtigkeitspartei,0,0.0
08336090,Utzenfeld,Zweitstimmen,Die Gerechtigkeitspartei,0,0.0
08336091,"Weil am Rhein, Stadt",Erststimmen,Die Gerechtigkeitspartei,56,0.4786733908881101
08336091,"Weil am Rhein, Stadt",Zweitstimmen,Die Gerechtigkeitspartei,30,0.25558016697904246
08336094,Wembach,Erststimmen,Die Gerechtigkeitspartei,0,0.0
08336094,Wembach,Zweitstimmen,Die Gerechtigkeitspartei,1,0.7142857142857143
08336096,Wieden,Erststimmen,Die Gerechtigkeitspartei,0,0.0
08336096,Wieden,Zweitstimmen,Die Gerechtigkeitspartei,1,0.2932551319648094
08336100,Wittlingen,Erststimmen,Die Gerechtigkeitspartei,2,0.3738317757009346
08336100,Wittlingen,Zweitstimmen,Die Gerechtigkeitspartei,0,0.0
08336103,"Zell im Wiesental, Stadt",Erststimmen,Die Gerechtigkeitspartei,10,0.395882818685669
08336103,"Zell im Wiesental, Stadt",Zweitstimmen,Die Gerechtigkeitspartei,3,0.11876484560570072
08336105,Grenzach-Wyhlen,Erststimmen,Die Gerechtigkeitspartei,42,0.6811547194291274
08336105,Grenzach-Wyhlen,Zweitstimmen,Die Gerechtigkeitspartei,14,0.22712524334847503
08336106,Häg-Ehrsberg,Erststimmen,Die Gerechtigkeitspartei,0,0.0
08336106,Häg-Ehrsberg,Zweitstimmen,Die Gerechtigkeitspartei,0,0.0
08336107,Kleines Wiesental,Erststimmen,Die Gerechtigkeitspartei,6,0.36341611144760755
08336107,Kleines Wiesental,Zweitstimmen,Die Gerechtigkeitspartei,1,0.06049606775559589
08337002,Albbruck,Erststimmen,Die Gerechtigkeitspartei,0,0.0
08337002,Albbruck,Zweitstimmen,Die Gerechtigkeitspartei,2,0.05373455131649651
08337030,Dettighofen,Erststimmen,Die Gerechtigkeitspartei,0,0.0
08337030,Dettighofen,Zweitstimmen,Die Gerechtigkeitspartei,2,0.35149384885764495
08337032,Dogern,Erststimmen,Die Gerechtigkeitspartei,0,0.0
08337032,Dogern,Zweitstimmen,Die Gerechtigkeitspartei,0,0.0
08337038,Görwihl,Erststimmen,Die Gerechtigkeitspartei,0,0.0
08337038,Görwihl,Zweitstimmen,Die Gerechtigkeitspartei,1,0.04164931278633903
08337049,Herrischried,Erststimmen,Die Gerechtigkeitspartei,0,0.0
08337049,Herrischried,Zweitstimmen,Die Gerechtigkeitspartei,1,0.07390983000739099
08337053,Hohentengen am Hochrhein,Erststimmen,Die Gerechtigkeitspartei,0,0.0
08337053,Hohentengen am Hochrhein,Zweitstimmen,Die Gerechtigkeitspartei,2,0.10615711252653928
08337060,Jestetten,Erststimmen,Die Gerechtigkeitspartei,0,0.0
08337060,Jestetten,Zweitstimmen,Die Gerechtigkeitspartei,1,0.04798464491362764
08337062,Klettgau,Erststimmen,Die Gerechtigkeitspartei,0,0.0
08337062,Klettgau,Zweitstimmen,Die Gerechtigkeitspartei,3,0.0823045267489712
08337065,Lauchringen,Erststimmen,Die Gerechtigkeitspartei,0,0.0
08337065,Lauchringen,Zweitstimmen,Die Gerechtigkeitspartei,5,0.13437248051599032
08337066,"Laufenburg (Baden), Stadt",Erststimmen,Die Gerechtigkeitspartei,0,0.0
08337066,"Laufenburg (Baden), Stadt",Zweitstimmen,Die Gerechtigkeitspartei,1,0.02677376171352075
08337070,Lottstetten,Erststimmen,Die Gerechtigkeitspartei,0,0.0
08337070,Lottstetten,Zweitstimmen,Die Gerechtigkeitspartei,0,0.0
08337076,Murg,Erststimmen,Die Gerechtigkeitspartei,0,0.0
08337076,Murg,Zweitstimmen,Die Gerechtigkeitspartei,3,0.09395552771688068
08337090,Rickenbach,Erststimmen,Die Gerechtigkeitspartei,0,0.0
08337090,Rickenbach,Zweitstimmen,Die Gerechtigkeitspartei,2,0.09433962264150944
08337096,"Bad Säckingen, Stadt",Erststimmen,Die Gerechtigkeitspartei,0,0.0
08337096,"Bad Säckingen, Stadt",Zweitstimmen,Die Gerechtigkeitspartei,8,0.11159157483609987
08337106,"Stühlingen, Stadt",Erststimmen,Die Gerechtigkeitspartei,0,0.0
08337106,"Stühlingen, Stadt",Zweitstimmen,Die Gerechtigkeitspartei,1,0.035075412136092596
08337116,"Wehr, Stadt",Erststimmen,Die Gerechtigkeitspartei,0,0.0
08337116,"Wehr, Stadt",Zweitstimmen,Die Gerechtigkeitspartei,3,0.05519779208831647
08337118,Weilheim,Erststimmen,Die Gerechtigkeitspartei,0,0.0
08337118,Weilheim,Zweitstimmen,Die Gerechtigkeitspartei,2,0.10368066355624676
08337123,Wutöschingen,Erststimmen,Die Gerechtigkeitspartei,0,0.0
08337123,Wutöschingen,Zweitstimmen,Die Gerechtigkeitspartei,4,0.12610340479192939
08337124,Eggingen,Erststimmen,Die Gerechtigkeitspartei,0,0.0
08337124,Eggingen,Zweitstimmen,Die Gerechtigkeitspartei,1,0.10718113612004287
08337125,Küssaberg,Erststimmen,Die Gerechtigkeitspartei,0,0.0
08337125,Küssaberg,Zweitstimmen,Die Gerechtigkeitspartei,0,0.0
08337126,"Waldshut-Tiengen, Stadt",Erststimmen,Die Gerechtigkeitspartei,0,0.0
08337126,"Waldshut-Tiengen, Stadt",Zweitstimmen,Die Gerechtigkeitspartei,13,0.13679890560875513
08416006,Bodelshausen,Erststimmen,Die Gerechtigkeitspartei,0,0.0
08416006,Bodelshausen,Zweitstimmen,Die Gerechtigkeitspartei,4,0.15180265654648956
08416009,Dettenhausen,Erststimmen,Die Gerechtigkeitspartei,0,0.0
08416009,Dettenhausen,Zweitstimmen,Die Gerechtigkeitspartei,7,0.219435736677116
08416018,Hirrlingen,Erststimmen,Die Gerechtigkeitspartei,0,0.0
08416018,Hirrlingen,Zweitstimmen,Die Gerechtigkeitspartei,3,0.17084282460136674
08416025,"Mössingen, Stadt",Erststimmen,Die Gerechtigkeitspartei,0,0.0
08416025,"Mössingen, Stadt",Zweitstimmen,Die Gerechtigkeitspartei,7,0.0667747782123438
08416031,Ofterdingen,Erststimmen,Die Gerechtigkeitspartei,0,0.0
08416031,Ofterdingen,Zweitstimmen,Die Gerechtigkeitspartei,6,0.2156721782890007
08416036,"Rottenburg am Neckar, Stadt",Erststimmen,Die Gerechtigkeitspartei,0,0.0
08416036,"Rottenburg am Neckar, Stadt",Zweitstimmen,Die Gerechtigkeitspartei,36,0.1564333202972233
08416041,"Tübingen, Universitätsstadt",Erststimmen,Die Gerechtigkeitspartei,0,0.0
08416041,"Tübingen, Universitätsstadt",Zweitstimmen,Die Gerechtigkeitspartei,39,0.07565910722253477
08416048,Ammerbuch,Erststimmen,Die Gerechtigkeitspartei,0,0.0
08416048,Ammerbuch,Zweitstimmen,Die Gerechtigkeitspartei,6,0.08937881722031879
08416049,Neustetten,Erststimmen,Die Gerechtigkeitspartei,0,0.0
08416049,Neustetten,Zweitstimmen,Die Gerechtigkeitspartei,3,0.14071294559099437
08416050,Starzach,Erststimmen,Die Gerechtigkeitspartei,0,0.0
08416050,Starzach,Zweitstimmen,Die Gerechtigkeitspartei,8,0.3098373353989156
08417002,"Balingen, Stadt",Erststimmen,Die Gerechtigkeitspartei,0,0.0
08417002,"Balingen, Stadt",Zweitstimmen,Die Gerechtigkeitspartei,23,0.13100187959218546
08417008,Bisingen,Erststimmen,Die Gerechtigkeitspartei,0,0.0
08417008,Bisingen,Zweitstimmen,Die Gerechtigkeitspartei,3,0.060753341433778855
08417010,Bitz,Erststimmen,Die Gerechtigkeitspartei,0,0.0
08417010,Bitz,Zweitstimmen,Die Gerechtigkeitspartei,3,0.1480019733596448
08417014,Dautmergen,Erststimmen,Die Gerechtigkeitspartei,0,0.0
08417014,Dautmergen,Zweitstimmen,Die Gerechtigkeitspartei,0,0.0
08417015,Dormettingen,Erststimmen,Die Gerechtigkeitspartei,0,0.0
08417015,Dormettingen,Zweitstimmen,Die Gerechtigkeitspartei,0,0.0
08417016,Dotternhausen,Erststimmen,Die Gerechtigkeitspartei,0,0.0
08417016,Dotternhausen,Zweitstimmen,Die Gerechtigkeitspartei,0,0.0
08417022,"Geislingen, Stadt",Erststimmen,Die Gerechtigkeitspartei,0,0.0
08417022,"Geislingen, Stadt",Zweitstimmen,Die Gerechtigkeitspartei,1,0.02962085308056872
08417023,Grosselfingen,Erststimmen,Die Gerechtigkeitspartei,0,0.0
08417023,Grosselfingen,Zweitstimmen,Die Gerechtigkeitspartei,1,0.08795074758135445
08417025,"Haigerloch, Stadt",Erststimmen,Die Gerechtigkeitspartei,0,0.0
08417025,"Haigerloch, Stadt",Zweitstimmen,Die Gerechtigkeitspartei,5,0.08779631255487269
08417029,Hausen am Tann,Erststimmen,Die Gerechtigkeitspartei,0,0.0
08417029,Hausen am Tann,Zweitstimmen,Die Gerechtigkeitspartei,0,0.0
08417044,"Meßstetten, Stadt",Erststimmen,Die Gerechtigkeitspartei,0,0.0
08417044,"Meßstetten, Stadt",Zweitstimmen,Die Gerechtigkeitspartei,6,0.10824463287028685
08417045,Nusplingen,Erststimmen,Die Gerechtigkeitspartei,0,0.0
08417045,Nusplingen,Zweitstimmen,Die Gerechtigkeitspartei,0,0.0
08417047,Obernheim,Erststimmen,Die Gerechtigkeitspartei,0,0.0
08417047,Obernheim,Zweitstimmen,Die Gerechtigkeitspartei,0,0.0
08417051,Rangendingen,Erststimmen,Die Gerechtigkeitspartei,0,0.0
08417051,Rangendingen,Zweitstimmen,Die Gerechtigkeitspartei,4,0.13971358714635
08417052,Ratshausen,Erststimmen,Die Gerechtigkeitspartei,0,0.0
08417052,Ratshausen,Zweitstimmen,Die Gerechtigkeitspartei,0,0.0
08417054,"Rosenfeld, Stadt",Erststimmen,Die Gerechtigkeitspartei,0,0.0
08417054,"Rosenfeld, Stadt",Zweitstimmen,Die Gerechtigkeitspartei,2,0.05737234652897303
08417057,"Schömberg, Stadt",Erststimmen,Die Gerechtigkeitspartei,0,0.0
08417057,"Schömberg, Stadt",Zweitstimmen,Die Gerechtigkeitspartei,11,0.4988662131519274
08417063,Straßberg,Erststimmen,Die Gerechtigkeitspartei,0,0.0
08417063,Straßberg,Zweitstimmen,Die Gerechtigkeitspartei,1,0.06978367062107467
08417071,Weilen unter den Rinnen,Erststimmen,Die Gerechtigkeitspartei,0,0.0
08417071,Weilen unter den Rinnen,Zweitstimmen,Die Gerechtigkeitspartei,0,0.0
08417075,Winterlingen,Erststimmen,Die Gerechtigkeitspartei,0,0.0
08417075,Winterlingen,Zweitstimmen,Die Gerechtigkeitspartei,4,0.12004801920768307
08417078,Zimmern unter der Burg,Erststimmen,Die Gerechtigkeitspartei,0,0.0
08417078,Zimmern unter der Burg,Zweitstimmen,Die Gerechtigkeitspartei,0,0.0
08417079,"Albstadt, Stadt",Erststimmen,Die Gerechtigkeitspartei,0,0.0
08417079,"Albstadt, Stadt",Zweitstimmen,Die Gerechtigkeitspartei,27,0.14353303917920365
08425002,Allmendingen,Erststimmen,Die Gerechtigkeitspartei,0,0.0
08425002,Allmendingen,Zweitstimmen,Die Gerechtigkeitspartei,1,0.03735524841240195
08425004,Altheim,Erststimmen,Die Gerechtigkeitspartei,0,0.0
08425004,Altheim,Zweitstimmen,Die Gerechtigkeitspartei,0,0.0
08425005,Altheim (Alb),Erststimmen,Die Gerechtigkeitspartei,0,0.0
08425005,Altheim (Alb),Zweitstimmen,Die Gerechtigkeitspartei,0,0.0
08425008,Amstetten,Erststimmen,Die Gerechtigkeitspartei,0,0.0
08425008,Amstetten,Zweitstimmen,Die Gerechtigkeitspartei,3,0.1359927470534905
08425011,Asselfingen,Erststimmen,Die Gerechtigkeitspartei,0,0.0
08425011,Asselfingen,Zweitstimmen,Die Gerechtigkeitspartei,0,0.0
08425013,Ballendorf,Erststimmen,Die Gerechtigkeitspartei,0,0.0
08425013,Ballendorf,Zweitstimmen,Die Gerechtigkeitspartei,0,0.0
08425014,Beimerstetten,Erststimmen,Die Gerechtigkeitspartei,0,0.0
08425014,Beimerstetten,Zweitstimmen,Die Gerechtigkeitspartei,1,0.0706713780918728
08425017,Berghülen,Erststimmen,Die Gerechtigkeitspartei,0,0.0
08425017,Berghülen,Zweitstimmen,Die Gerechtigkeitspartei,2,0.16273393002441008
08425019,Bernstadt,Erststimmen,Die Gerechtigkeitspartei,0,0.0
08425019,Bernstadt,Zweitstimmen,Die Gerechtigkeitspartei,0,0.0
08425020,"Blaubeuren, Stadt",Erststimmen,Die Gerechtigkeitspartei,0,0.0
08425020,"Blaubeuren, Stadt",Zweitstimmen,Die Gerechtigkeitspartei,7,0.1161247511612475
08425022,Börslingen,Erststimmen,Die Gerechtigkeitspartei,0,0.0
08425022,Börslingen,Zweitstimmen,Die Gerechtigkeitspartei,0,0.0
08425024,Breitingen,Erststimmen,Die Gerechtigkeitspartei,0,0.0
08425024,Breitingen,Zweitstimmen,Die Gerechtigkeitspartei,0,0.0
08425031,Dornstadt,Erststimmen,Die Gerechtigkeitspartei,0,0.0
08425031,Dornstadt,Zweitstimmen,Die Gerechtigkeitspartei,3,0.06137479541734861
08425033,"Ehingen (Donau), Stadt",Erststimmen,Die Gerechtigkeitspartei,0,0.0
08425033,"Ehingen (Donau), Stadt",Zweitstimmen,Die Gerechtigkeitspartei,5,0.03869669530222119
08425035,Emeringen,Erststimmen,Die Gerechtigkeitspartei,0,0.0
08425035,Emeringen,Zweitstimmen,Die Gerechtigkeitspartei,0,0.0
08425036,Emerkingen,Erststimmen,Die Gerechtigkeitspartei,0,0.0
08425036,Emerkingen,Zweitstimmen,Die Gerechtigkeitspartei,0,0.0
08425050,Griesingen,Erststimmen,Die Gerechtigkeitspartei,0,0.0
08425050,Griesingen,Zweitstimmen,Die Gerechtigkeitspartei,0,0.0
08425052,Grundsheim,Erststimmen,Die Gerechtigkeitspartei,0,0.0
08425052,Grundsheim,Zweitstimmen,Die Gerechtigkeitspartei,0,0.0
08425055,Hausen am Bussen,Erststimmen,Die Gerechtigkeitspartei,0,0.0
08425055,Hausen am Bussen,Zweitstimmen,Die Gerechtigkeitspartei,0,0.0
08425062,Holzkirch,Erststimmen,Die Gerechtigkeitspartei,0,0.0
08425062,Holzkirch,Zweitstimmen,Die Gerechtigkeitspartei,0,0.0
08425071,"Laichingen, Stadt",Erststimmen,Die Gerechtigkeitspartei,0,0.0
08425071,"Laichingen, Stadt",Zweitstimmen,Die Gerechtigkeitspartei,9,0.1523100355390083
08425072,"Langenau, Stadt",Erststimmen,Die Gerechtigkeitspartei,0,0.0
08425072,"Langenau, Stadt",Zweitstimmen,Die Gerechtigkeitspartei,9,0.11133102424542304
08425073,Lauterach,Erststimmen,Die Gerechtigkeitspartei,0,0.0
08425073,Lauterach,Zweitstimmen,Die Gerechtigkeitspartei,1,0.37174721189591076
08425075,Lonsee,Erststimmen,Die Gerechtigkeitspartei,0,0.0
08425075,Lonsee,Zweitstimmen,Die Gerechtigkeitspartei,4,0.14398848092152627
08425079,Merklingen,Erststimmen,Die Gerechtigkeitspartei,0,0.0
08425079,Merklingen,Zweitstimmen,Die Gerechtigkeitspartei,5,0.41562759767248547
08425081,"Munderkingen, Stadt",Erststimmen,Die Gerechtigkeitspartei,0,0.0
08425081,"Munderkingen, Stadt",Zweitstimmen,Die Gerechtigkeitspartei,1,0.04405286343612335
08425083,Neenstetten,Erststimmen,Die Gerechtigkeitspartei,0,0.0
08425083,Neenstetten,Zweitstimmen,Die Gerechtigkeitspartei,0,0.0
08425084,Nellingen,Erststimmen,Die Gerechtigkeitspartei,0,0.0
08425084,Nellingen,Zweitstimmen,Die Gerechtigkeitspartei,1,0.07680491551459294
08425085,Nerenstetten,Erststimmen,Die Gerechtigkeitspartei,0,0.0
08425085,Nerenstetten,Zweitstimmen,Die Gerechtigkeitspartei,1,0.5208333333333333
08425088,Oberdischingen,Erststimmen,Die Gerechtigkeitspartei,0,0.0
08425088,Oberdischingen,Zweitstimmen,Die Gerechtigkeitspartei,4,0.3115264797507788
08425090,Obermarchtal,Erststimmen,Die Gerechtigkeitspartei,0,0.0
08425090,Obermarchtal,Zweitstimmen,Die Gerechtigkeitspartei,0,0.0
08425091,Oberstadion,Erststimmen,Die Gerechtigkeitspartei,0,0.0
08425091,Oberstadion,Zweitstimmen,Die Gerechtigkeitspartei,0,0.0
08425092,Öllingen,Erststimmen,Die Gerechtigkeitspartei,0,0.0
08425092,Öllingen,Zweitstimmen,Die Gerechtigkeitspartei,0,0.0
08425093,Öpfingen,Erststimmen,Die Gerechtigkeitspartei,0,0.0
08425093,Öpfingen,Zweitstimmen,Die Gerechtigkeitspartei,2,0.15873015873015872
08425097,Rammingen,Erststimmen,Die Gerechtigkeitspartei,0,0.0
08425097,Rammingen,Zweitstimmen,Die Gerechtigkeitspartei,1,0.13089005235602094
08425098,Rechtenstein,Erststimmen,Die Gerechtigkeitspartei,0,0.0
08425098,Rechtenstein,Zweitstimmen,Die Gerechtigkeitspartei,0,0.0
08425104,Rottenacker,Erststimmen,Die Gerechtigkeitspartei,0,0.0
08425104,Rottenacker,Zweitstimmen,Die Gerechtigkeitspartei,0,0.0
08425108,"Schelklingen, Stadt",Erststimmen,Die Gerechtigkeitspartei,0,0.0
08425108,"Schelklingen, Stadt",Zweitstimmen,Die Gerechtigkeitspartei,7,0.20521841102316035
08425112,Setzingen,Erststimmen,Die Gerechtigkeitspartei,0,0.0
08425112,Setzingen,Zweitstimmen,Die Gerechtigkeitspartei,0,0.0
08425123,Untermarchtal,Erststimmen,Die Gerechtigkeitspartei,0,0.0
08425123,Untermarchtal,Zweitstimmen,Die Gerechtigkeitspartei,1,0.30864197530864196
08425124,Unterstadion,Erststimmen,Die Gerechtigkeitspartei,0,0.0
08425124,Unterstadion,Zweitstimmen,Die Gerechtigkeitspartei,0,0.0
08425125,Unterwachingen,Erststimmen,Die Gerechtigkeitspartei,0,0.0
08425125,Unterwachingen,Zweitstimmen,Die Gerechtigkeitspartei,0,0.0
08425130,Weidenstetten,Erststimmen,Die Gerechtigkeitspartei,0,0.0
08425130,Weidenstetten,Zweitstimmen,Die Gerechtigkeitspartei,2,0.23696682464454977
08425134,Westerheim,Erststimmen,Die Gerechtigkeitspartei,0,0.0
08425134,Westerheim,Zweitstimmen,Die Gerechtigkeitspartei,2,0.10683760683760685
08425135,Westerstetten,Erststimmen,Die Gerechtigkeitspartei,0,0.0
08425135,Westerstetten,Zweitstimmen,Die Gerechtigkeitspartei,0,0.0
08425139,Heroldstatt,Erststimmen,Die Gerechtigkeitspartei,0,0.0
08425139,Heroldstatt,Zweitstimmen,Die Gerechtigkeitspartei,3,0.17341040462427745
08426001,Achstetten,Erststimmen,Die Gerechtigkeitspartei,0,0.0
08426001,Achstetten,Zweitstimmen,Die Gerechtigkeitspartei,4,0.13540961408259986
08426005,Alleshausen,Erststimmen,Die Gerechtigkeitspartei,0,0.0
08426005,Alleshausen,Zweitstimmen,Die Gerechtigkeitspartei,0,0.0
08426006,Allmannsweiler,Erststimmen,Die Gerechtigkeitspartei,0,0.0
08426006,Allmannsweiler,Zweitstimmen,Die Gerechtigkeitspartei,0,0.0
08426008,Altheim,Erststimmen,Die Gerechtigkeitspartei,0,0.0
08426008,Altheim,Zweitstimmen,Die Gerechtigkeitspartei,0,0.0
08426011,Attenweiler,Erststimmen,Die Gerechtigkeitspartei,0,0.0
08426011,Attenweiler,Zweitstimmen,Die Gerechtigkeitspartei,1,0.08203445447087777
08426013,"Bad Buchau, Stadt",Erststimmen,Die Gerechtigkeitspartei,0,0.0
08426013,"Bad Buchau, Stadt",Zweitstimmen,Die Gerechtigkeitspartei,3,0.11074197120708748
08426014,"Bad Schussenried, Stadt",Erststimmen,Die Gerechtigkeitspartei,0,0.0
08426014,"Bad Schussenried, Stadt",Zweitstimmen,Die Gerechtigkeitspartei,3,0.068760027504011
08426020,Betzenweiler,Erststimmen,Die Gerechtigkeitspartei,0,0.0
08426020,Betzenweiler,Zweitstimmen,Die Gerechtigkeitspartei,0,0.0
08426021,"Biberach an der Riß, Stadt",Erststimmen,Die Gerechtigkeitspartei,0,0.0
08426021,"Biberach an der Riß, Stadt",Zweitstimmen,Die Gerechtigkeitspartei,8,0.04927929037821855
08426028,Burgrieden,Erststimmen,Die Gerechtigkeitspartei,0,0.0
08426028,Burgrieden,Zweitstimmen,Die Gerechtigkeitspartei,6,0.2572898799313894
08426035,Dürmentingen,Erststimmen,Die Gerechtigkeitspartei,0,0.0
08426035,Dürmentingen,Zweitstimmen,Die Gerechtigkeitspartei,2,0.13513513513513514
08426036,Dürnau,Erststimmen,Die Gerechtigkeitspartei,0,0.0
08426036,Dürnau,Zweitstimmen,Die Gerechtigkeitspartei,0,0.0
08426038,Eberhardzell,Erststimmen,Die Gerechtigkeitspartei,0,0.0
08426038,Eberhardzell,Zweitstimmen,Die Gerechtigkeitspartei,4,0.14897579143389197
08426043,Erlenmoos,Erststimmen,Die Gerechtigkeitspartei,0,0.0
08426043,Erlenmoos,Zweitstimmen,Die Gerechtigkeitspartei,2,0.186219739292365
08426045,Ertingen,Erststimmen,Die Gerechtigkeitspartei,0,0.0
08426045,Ertingen,Zweitstimmen,Die Gerechtigkeitspartei,0,0.0
08426058,Hochdorf,Erststimmen,Die Gerechtigkeitspartei,0,0.0
08426058,Hochdorf,Zweitstimmen,Die Gerechtigkeitspartei,2,0.13802622498274672
08426062,Ingoldingen,Erststimmen,Die Gerechtigkeitspartei,0,0.0
08426062,Ingoldingen,Zweitstimmen,Die Gerechtigkeitspartei,3,0.1589825119236884
08426064,Kanzach,Erststimmen,Die Gerechtigkeitspartei,0,0.0
08426064,Kanzach,Zweitstimmen,Die Gerechtigkeitspartei,1,0.40816326530612246
08426067,Langenenslingen,Erststimmen,Die Gerechtigkeitspartei,0,0.0
08426067,Langenenslingen,Zweitstimmen,Die Gerechtigkeitspartei,2,0.0970873786407767
08426070,"Laupheim, Stadt",Erststimmen,Die Gerechtigkeitspartei,0,0.0
08426070,"Laupheim, Stadt",Zweitstimmen,Die Gerechtigkeitspartei,8,0.07196833393306945
08426071,Maselheim,Erststimmen,Die Gerechtigkeitspartei,0,0.0
08426071,Maselheim,Zweitstimmen,Die Gerechtigkeitspartei,3,0.11385199240986717
08426073,Mietingen,Erststimmen,Die Gerechtigkeitspartei,0,0.0
08426073,Mietingen,Zweitstimmen,Die Gerechtigkeitspartei,3,0.10362694300518134
08426074,Mittelbiberach,Erststimmen,Die Gerechtigkeitspartei,0,0.0
08426074,Mittelbiberach,Zweitstimmen,Die Gerechtigkeitspartei,5,0.19290123456790123
08426078,Moosburg,Erststimmen,Die Gerechtigkeitspartei,0,0.0
08426078,Moosburg,Zweitstimmen,Die Gerechtigkeitspartei,0,0.0
08426087,"Ochsenhausen, Stadt",Erststimmen,Die Gerechtigkeitspartei,0,0.0
08426087,"Ochsenhausen, Stadt",Zweitstimmen,Die Gerechtigkeitspartei,4,0.08804754567466432
08426090,Oggelshausen,Erststimmen,Die Gerechtigkeitspartei,0,0.0
08426090,Oggelshausen,Zweitstimmen,Die Gerechtigkeitspartei,0,0.0
08426097,"Riedlingen, Stadt",Erststimmen,Die Gerechtigkeitspartei,0,0.0
08426097,"Riedlingen, Stadt",Zweitstimmen,Die Gerechtigkeitspartei,4,0.07557150954090308
08426108,Schwendi,Erststimmen,Die Gerechtigkeitspartei,0,0.0
08426108,Schwendi,Zweitstimmen,Die Gerechtigkeitspartei,3,0.08027829810008028
08426109,Seekirch,Erststimmen,Die Gerechtigkeitspartei,0,0.0
08426109,Seekirch,Zweitstimmen,Die Gerechtigkeitspartei,0,0.0
08426113,Steinhausen an der Rottum,Erststimmen,Die Gerechtigkeitspartei,0,0.0
08426113,Steinhausen an der Rottum,Zweitstimmen,Die Gerechtigkeitspartei,0,0.0
08426118,Tiefenbach,Erststimmen,Die Gerechtigkeitspartei,0,0.0
08426118,Tiefenbach,Zweitstimmen,Die Gerechtigkeitspartei,3,1.3513513513513513
08426120,Ummendorf,Erststimmen,Die Gerechtigkeitspartei,0,0.0
08426120,Ummendorf,Zweitstimmen,Die Gerechtigkeitspartei,0,0.0
08426121,Unlingen,Erststimmen,Die Gerechtigkeitspartei,0,0.0
08426121,Unlingen,Zweitstimmen,Die Gerechtigkeitspartei,2,0.1349527665317139
08426124,Uttenweiler,Erststimmen,Die Gerechtigkeitspartei,0,0.0
08426124,Uttenweiler,Zweitstimmen,Die Gerechtigkeitspartei,0,0.0
08426125,Wain,Erststimmen,Die Gerechtigkeitspartei,0,0.0
08426125,Wain,Zweitstimmen,Die Gerechtigkeitspartei,2,0.22675736961451248
08426128,Warthausen,Erststimmen,Die Gerechtigkeitspartei,0,0.0
08426128,Warthausen,Zweitstimmen,Die Gerechtigkeitspartei,2,0.06918021445866482
08426134,Schemmerhofen,Erststimmen,Die Gerechtigkeitspartei,0,0.0
08426134,Schemmerhofen,Zweitstimmen,Die Gerechtigkeitspartei,3,0.0589159465828751
08426135,Gutenzell-Hürbel,Erststimmen,Die Gerechtigkeitspartei,0,0.0
08426135,Gutenzell-Hürbel,Zweitstimmen,Die Gerechtigkeitspartei,0,0.0
08435005,Bermatingen,Erststimmen,Die Gerechtigkeitspartei,0,0.0
08435005,Bermatingen,Zweitstimmen,Die Gerechtigkeitspartei,1,0.043440486533449174
08435010,Daisendorf,Erststimmen,Die Gerechtigkeitspartei,0,0.0
08435010,Daisendorf,Zweitstimmen,Die Gerechtigkeitspartei,0,0.0
08435013,Eriskirch,Erststimmen,Die Gerechtigkeitspartei,0,0.0
08435013,Eriskirch,Zweitstimmen,Die Gerechtigkeitspartei,2,0.07763975155279502
08435015,Frickingen,Erststimmen,Die Gerechtigkeitspartei,0,0.0
08435015,Frickingen,Zweitstimmen,Die Gerechtigkeitspartei,2,0.10718113612004287
08435016,"Friedrichshafen, Stadt",Erststimmen,Die Gerechtigkeitspartei,0,0.0
08435016,"Friedrichshafen, Stadt",Zweitstimmen,Die Gerechtigkeitspartei,36,0.13801564177273426
08435018,Hagnau am Bodensee,Erststimmen,Die Gerechtigkeitspartei,0,0.0
08435018,Hagnau am Bodensee,Zweitstimmen,Die Gerechtigkeitspartei,0,0.0
08435020,Heiligenberg,Erststimmen,Die Gerechtigkeitspartei,0,0.0
08435020,Heiligenberg,Zweitstimmen,Die Gerechtigkeitspartei,2,0.1176470588235294
08435024,Immenstaad am Bodensee,Erststimmen,Die Gerechtigkeitspartei,0,0.0
08435024,Immenstaad am Bodensee,Zweitstimmen,Die Gerechtigkeitspartei,0,0.0
08435029,Kressbronn am Bodensee,Erststimmen,Die Gerechtigkeitspartei,0,0.0
08435029,Kressbronn am Bodensee,Zweitstimmen,Die Gerechtigkeitspartei,12,0.2517834662190516
08435030,Langenargen,Erststimmen,Die Gerechtigkeitspartei,0,0.0
08435030,Langenargen,Zweitstimmen,Die Gerechtigkeitspartei,1,0.022168033695411215
08435034,"Markdorf, Stadt",Erststimmen,Die Gerechtigkeitspartei,0,0.0
08435034,"Markdorf, Stadt",Zweitstimmen,Die Gerechtigkeitspartei,9,0.12241566920565831
08435036,"Meersburg, Stadt",Erststimmen,Die Gerechtigkeitspartei,0,0.0
08435036,"Meersburg, Stadt",Zweitstimmen,Die Gerechtigkeitspartei,2,0.06607201850016517
08435045,Oberteuringen,Erststimmen,Die Gerechtigkeitspartei,0,0.0
08435045,Oberteuringen,Zweitstimmen,Die Gerechtigkeitspartei,6,0.22255192878338279
08435047,Owingen,Erststimmen,Die Gerechtigkeitspartei,0,0.0
08435047,Owingen,Zweitstimmen,Die Gerechtigkeitspartei,4,0.16155088852988692
08435052,Salem,Erststimmen,Die Gerechtigkeitspartei,0,0.0
08435052,Salem,Zweitstimmen,Die Gerechtigkeitspartei,3,0.04465614766299494
08435053,Sipplingen,Erststimmen,Die Gerechtigkeitspartei,0,0.0
08435053,Sipplingen,Zweitstimmen,Die Gerechtigkeitspartei,0,0.0
08435054,Stetten,Erststimmen,Die Gerechtigkeitspartei,0,0.0
08435054,Stetten,Zweitstimmen,Die Gerechtigkeitspartei,1,0.17271157167530224
08435059,"Überlingen, Stadt",Erststimmen,Die Gerechtigkeitspartei,0,0.0
08435059,"Überlingen, Stadt",Zweitstimmen,Die Gerechtigkeitspartei,9,0.07389162561576355
08435066,Uhldingen-Mühlhofen,Erststimmen,Die Gerechtigkeitspartei,0,0.0
08435066,Uhldingen-Mühlhofen,Zweitstimmen,Die Gerechtigkeitspartei,1,0.023413720440177945
08435067,Deggenhausertal,Erststimmen,Die Gerechtigkeitspartei,0,0.0
08435067,Deggenhausertal,Zweitstimmen,Die Gerechtigkeitspartei,2,0.07803355442840422
08437005,Beuron,Erststimmen,Die Gerechtigkeitspartei,0,0.0
08437005,Beuron,Zweitstimmen,Die Gerechtigkeitspartei,0,0.0
08437008,Bingen,Erststimmen,Die Gerechtigkeitspartei,0,0.0
08437008,Bingen,Zweitstimmen,Die Gerechtigkeitspartei,2,0.12626262626262627
08437031,"Gammertingen, Stadt",Erststimmen,Die Gerechtigkeitspartei,0,0.0
08437031,"Gammertingen, Stadt",Zweitstimmen,Die Gerechtigkeitspartei,3,0.09505703422053231
08437044,Herbertingen,Erststimmen,Die Gerechtigkeitspartei,0,0.0
08437044,Herbertingen,Zweitstimmen,Die Gerechtigkeitspartei,1,0.037481259370314844
08437047,"Hettingen, Stadt",Erststimmen,Die Gerechtigkeitspartei,0,0.0
08437047,"Hettingen, Stadt",Zweitstimmen,Die Gerechtigkeitspartei,1,0.08431703204047217
08437053,Hohentengen,Erststimmen,Die Gerechtigkeitspartei,0,0.0
08437053,Hohentengen,Zweitstimmen,Die Gerechtigkeitspartei,1,0.040584415584415584
08437056,Illmensee,Erststimmen,Die Gerechtigkeitspartei,0,0.0
08437056,Illmensee,Zweitstimmen,Die Gerechtigkeitspartei,2,0.16168148746968472
08437059,Inzigkofen,Erststimmen,Die Gerechtigkeitspartei,0,0.0
08437059,Inzigkofen,Zweitstimmen,Die Gerechtigkeitspartei,0,0.0
08437065,Krauchenwies,Erststimmen,Die Gerechtigkeitspartei,0,0.0
08437065,Krauchenwies,Zweitstimmen,Die Gerechtigkeitspartei,5,0.1851851851851852
08437072,Leibertingen,Erststimmen,Die Gerechtigkeitspartei,0,0.0
08437072,Leibertingen,Zweitstimmen,Die Gerechtigkeitspartei,1,0.06968641114982578
08437076,"Mengen, Stadt",Erststimmen,Die Gerechtigkeitspartei,0,0.0
08437076,"Mengen, Stadt",Zweitstimmen,Die Gerechtigkeitspartei,1,0.02032520325203252
08437078,"Meßkirch, Stadt",Erststimmen,Die Gerechtigkeitspartei,0,0.0
08437078,"Meßkirch, Stadt",Zweitstimmen,Die Gerechtigkeitspartei,2,0.0484027105517909
08437082,Neufra,Erststimmen,Die Gerechtigkeitspartei,0,0.0
08437082,Neufra,Zweitstimmen,Die Gerechtigkeitspartei,0,0.0
08437086,Ostrach,Erststimmen,Die Gerechtigkeitspartei,0,0.0
08437086,Ostrach,Zweitstimmen,Die Gerechtigkeitspartei,4,0.10327911179963851
08437088,"Pfullendorf, Stadt",Erststimmen,Die Gerechtigkeitspartei,0,0.0
08437088,"Pfullendorf, Stadt",Zweitstimmen,Die Gerechtigkeitspartei,0,0.0
08437100,"Bad Saulgau, Stadt",Erststimmen,Die Gerechtigkeitspartei,0,0.0
08437100,"Bad Saulgau, Stadt",Zweitstimmen,Die Gerechtigkeitspartei,4,0.045428733674048836
08437101,"Scheer, Stadt",Erststimmen,Die Gerechtigkeitspartei,0,0.0
08437101,"Scheer, Stadt",Zweitstimmen,Die Gerechtigkeitspartei,2,0.1563721657544957
08437102,Schwenningen,Erststimmen,Die Gerechtigkeitspartei,0,0.0
08437102,Schwenningen,Zweitstimmen,Die Gerechtigkeitspartei,0,0.0
08437104,"Sigmaringen, Stadt",Erststimmen,Die Gerechtigkeitspartei,0,0.0
08437104,"Sigmaringen, Stadt",Zweitstimmen,Die Gerechtigkeitspartei,8,0.10412599245086555
08437105,Sigmaringendorf,Erststimmen,Die Gerechtigkeitspartei,0,0.0
08437105,Sigmaringendorf,Zweitstimmen,Die Gerechtigkeitspartei,0,0.0
08437107,Stetten am kalten Markt,Erststimmen,Die Gerechtigkeitspartei,0,0.0
08437107,Stetten am kalten Markt,Zweitstimmen,Die Gerechtigkeitspartei,5,0.18281535648994515
08437114,"Veringenstadt, Stadt",Erststimmen,Die Gerechtigkeitspartei,0,0.0
08437114,"Veringenstadt, Stadt",Zweitstimmen,Die Gerechtigkeitspartei,1,0.0855431993156544
08437118,Wald,Erststimmen,Die Gerechtigkeitspartei,0,0.0
08437118,Wald,Zweitstimmen,Die Gerechtigkeitspartei,1,0.06293266205160479
08437123,Sauldorf,Erststimmen,Die Gerechtigkeitspartei,0,0.0
08437123,Sauldorf,Zweitstimmen,Die Gerechtigkeitspartei,3,0.18796992481203006
08437124,Herdwangen-Schönach,Erststimmen,Die Gerechtigkeitspartei,0,0.0
08437124,Herdwangen-Schönach,Zweitstimmen,Die Gerechtigkeitspartei,0,0.0
08121000,"Heilbronn, Universitätsstadt",Erststimmen,Die Linke,2440,5.401934955389758
08121000,"Heilbronn, Universitätsstadt",Zweitstimmen,Die Linke,2342,5.17557623035955
08125030,Flein,Erststimmen,Die Linke,137,3.3414634146341466
08125030,Flein,Zweitstimmen,Die Linke,116,2.821011673151751
08125058,"Leingarten, Stadt",Erststimmen,Die Linke,147,2.5340458541630753
08125058,"Leingarten, Stadt",Zweitstimmen,Die Linke,142,2.44701016715492
08125074,Nordheim,Erststimmen,Die Linke,152,3.3524481693868546
08125074,Nordheim,Zweitstimmen,Die Linke,126,2.772887323943662
08125094,Talheim,Erststimmen,Die Linke,49,1.713885974116824
08125094,Talheim,Zweitstimmen,Die Linke,54,1.8835019183815835
08126011,Bretzfeld,Erststimmen,Die Linke,206,3.02496328928047
08126011,Bretzfeld,Zweitstimmen,Die Linke,200,2.932121389825539
08126020,Dörzbach,Erststimmen,Die Linke,38,2.6950354609929077
08126020,Dörzbach,Zweitstimmen,Die Linke,37,2.6203966005665724
08126028,"Forchtenberg, Stadt",Erststimmen,Die Linke,83,2.983465132997843
08126028,"Forchtenberg, Stadt",Zweitstimmen,Die Linke,69,2.4775583482944343
08126039,"Ingelfingen, Stadt",Erststimmen,Die Linke,94,3.1375166889185584
08126039,"Ingelfingen, Stadt",Zweitstimmen,Die Linke,86,2.867622540846949
08126045,"Krautheim, Stadt",Erststimmen,Die Linke,48,1.9720624486442069
08126045,"Krautheim, Stadt",Zweitstimmen,Die Linke,44,1.8069815195071868
08126046,"Künzelsau, Stadt",Erststimmen,Die Linke,213,3.0042313117066293
08126046,"Künzelsau, Stadt",Zweitstimmen,Die Linke,208,2.933709449929478
08126047,Kupferzell,Erststimmen,Die Linke,121,3.6390977443609023
08126047,Kupferzell,Zweitstimmen,Die Linke,98,2.9402940294029403
08126056,Mulfingen,Erststimmen,Die Linke,54,2.340702210663199
08126056,Mulfingen,Zweitstimmen,Die Linke,48,2.0824295010845986
08126058,"Neuenstein, Stadt",Erststimmen,Die Linke,88,2.5499855114459575
08126058,"Neuenstein, Stadt",Zweitstimmen,Die Linke,86,2.4898668210770123
08126060,"Niedernhall, Stadt",Erststimmen,Die Linke,57,2.8846153846153846
08126060,"Niedernhall, Stadt",Zweitstimmen,Die Linke,57,2.878787878787879
08126066,"Öhringen, Stadt",Erststimmen,Die Linke,299,2.6024893376272957
08126066,"Öhringen, Stadt",Zweitstimmen,Die Linke,357,3.10407790626902
08126069,Pfedelbach,Erststimmen,Die Linke,117,2.345629510825982
08126069,Pfedelbach,Zweitstimmen,Die Linke,142,2.8428428428428427
08126072,Schöntal,Erststimmen,Die Linke,74,2.131336405529954
08126072,Schöntal,Zweitstimmen,Die Linke,71,2.03847258110824
08126085,"Waldenburg, Stadt",Erststimmen,Die Linke,56,3.47179169249845
08126085,"Waldenburg, Stadt",Zweitstimmen,Die Linke,57,3.535980148883375
08126086,Weißbach,Erststimmen,Die Linke,21,2.4970273483947683
08126086,Weißbach,Zweitstimmen,Die Linke,19,2.264600715137068
08126094,Zweiflingen,Erststimmen,Die Linke,14,1.3232514177693762
08126094,Zweiflingen,Zweitstimmen,Die Linke,16,1.5122873345935728
08127008,Blaufelden,Erststimmen,Die Linke,105,3.8195707530010914
08127008,Blaufelden,Zweitstimmen,Die Linke,88,3.2
08127009,Braunsbach,Erststimmen,Die Linke,51,3.388704318936877
08127009,Braunsbach,Zweitstimmen,Die Linke,53,3.502974223397224
08127012,Bühlertann,Erststimmen,Die Linke,33,1.9796040791841631
08127012,Bühlertann,Zweitstimmen,Die Linke,32,1.9230769230769231
08127013,Bühlerzell,Erststimmen,Die Linke,26,1.992337164750958
08127013,Bühlerzell,Zweitstimmen,Die Linke,25,1.9098548510313216
08127014,"Crailsheim, Stadt",Erststimmen,Die Linke,395,3.066056042847163
08127014,"Crailsheim, Stadt",Zweitstimmen,Die Linke,371,2.8728511692736562
08127023,Fichtenberg,Erststimmen,Die Linke,53,3.2716049382716053
08127023,Fichtenberg,Zweitstimmen,Die Linke,38,2.342786683107275
08127025,"Gaildorf, Stadt",Erststimmen,Die Linke,209,4.042553191489362
08127025,"Gaildorf, Stadt",Zweitstimmen,Die Linke,175,3.3770744886144346
08127032,"Gerabronn, Stadt",Erststimmen,Die Linke,88,4.267701260911736
08127032,"Gerabronn, Stadt",Zweitstimmen,Die Linke,66,3.203883495145631
08127043,"Ilshofen, Stadt",Erststimmen,Die Linke,104,3.0915576694411415
08127043,"Ilshofen, Stadt",Zweitstimmen,Die Linke,85,2.5215069712251554
08127046,"Kirchberg an der Jagst, Stadt",Erststimmen,Die Linke,91,4.234527687296417
08127046,"Kirchberg an der Jagst, Stadt",Zweitstimmen,Die Linke,76,3.523412146499768
08127047,"Langenburg, Stadt",Erststimmen,Die Linke,31,3.0632411067193677
08127047,"Langenburg, Stadt",Zweitstimmen,Die Linke,23,2.2794846382556986
08127052,Mainhardt,Erststimmen,Die Linke,113,3.5027898326100435
08127052,Mainhardt,Zweitstimmen,Die Linke,105,3.2537960954446854
08127056,Michelbach an der Bilz,Erststimmen,Die Linke,64,3.1904287138584246
08127056,Michelbach an der Bilz,Zweitstimmen,Die Linke,53,2.6341948310139163
08127059,Michelfeld,Erststimmen,Die Linke,101,4.688950789229341
08127059,Michelfeld,Zweitstimmen,Die Linke,65,3.0148423005565865
08127062,Oberrot,Erststimmen,Die Linke,72,4.033613445378151
08127062,Oberrot,Zweitstimmen,Die Linke,71,3.962053571428571
08127063,Obersontheim,Erststimmen,Die Linke,79,2.8821597956950016
08127063,Obersontheim,Zweitstimmen,Die Linke,62,2.2586520947176685
08127071,Rot am See,Erststimmen,Die Linke,101,3.409858203916273
08127071,Rot am See,Zweitstimmen,Die Linke,101,3.409858203916273
08127073,Satteldorf,Erststimmen,Die Linke,75,2.6297335203366057
08127073,Satteldorf,Zweitstimmen,Die Linke,74,2.583798882681564
08127075,"Schrozberg, Stadt",Erststimmen,Die Linke,89,3.103207810320781
08127075,"Schrozberg, Stadt",Zweitstimmen,Die Linke,86,2.997560125479261
08127076,"Schwäbisch Hall, Stadt",Erststimmen,Die Linke,1084,5.36686800673334
08127076,"Schwäbisch Hall, Stadt",Zweitstimmen,Die Linke,889,4.393160703696383
08127079,Sulzbach-Laufen,Erststimmen,Die Linke,46,3.2927702219040804
08127079,Sulzbach-Laufen,Zweitstimmen,Die Linke,39,2.793696275071633
08127086,Untermünkheim,Erststimmen,Die Linke,52,2.8634361233480177
08127086,Untermünkheim,Zweitstimmen,Die Linke,52,2.8540065861690453
08127089,"Vellberg, Stadt",Erststimmen,Die Linke,92,3.5853468433359312
08127089,"Vellberg, Stadt",Zweitstimmen,Die Linke,71,2.7669524551831643
08127091,Wallhausen,Erststimmen,Die Linke,61,3.2620320855614975
08127091,Wallhausen,Zweitstimmen,Die Linke,69,3.6799999999999997
08127099,Wolpertshausen,Erststimmen,Die Linke,50,4.105090311986864
08127099,Wolpertshausen,Zweitstimmen,Die Linke,48,3.9312039312039313
08127100,Rosengarten,Erststimmen,Die Linke,98,3.3863165169315828
08127100,Rosengarten,Zweitstimmen,Die Linke,69,2.3743977976600137
08127101,Kreßberg,Erststimmen,Die Linke,82,3.9122137404580157
08127101,Kreßberg,Zweitstimmen,Die Linke,83,3.956148713060057
08127102,Fichtenau,Erststimmen,Die Linke,59,2.6175687666370897
08127102,Fichtenau,Zweitstimmen,Die Linke,53,2.3534635879218473
08127103,Frankenhardt,Erststimmen,Die Linke,57,2.03136136849608
08127103,Frankenhardt,Zweitstimmen,Die Linke,61,2.1692745376955904
08127104,Stimpfach,Erststimmen,Die Linke,43,2.5702331141661685
08127104,Stimpfach,Zweitstimmen,Die Linke,46,2.7528426092160383
08128006,Assamstadt,Erststimmen,Die Linke,34,2.5
08128006,Assamstadt,Zweitstimmen,Die Linke,20,1.4705882352941175
08128007,"Bad Mergentheim, Stadt",Erststimmen,Die Linke,411,3.666696404674815
08128007,"Bad Mergentheim, Stadt",Zweitstimmen,Die Linke,376,3.3407374500222122
08128014,"Boxberg, Stadt",Erststimmen,Die Linke,161,4.242424242424243
08128014,"Boxberg, Stadt",Zweitstimmen,Die Linke,129,3.3734309623430963
08128020,"Creglingen, Stadt",Erststimmen,Die Linke,80,2.998500749625187
08128020,"Creglingen, Stadt",Zweitstimmen,Die Linke,64,2.3880597014925375
08128039,"Freudenberg, Stadt",Erststimmen,Die Linke,64,3.395225464190981
08128039,"Freudenberg, Stadt",Zweitstimmen,Die Linke,56,2.9629629629629632
08128045,Großrinderfeld,Erststimmen,Die Linke,99,4.205607476635514
08128045,Großrinderfeld,Zweitstimmen,Die Linke,70,2.95483326298016
08128047,"Grünsfeld, Stadt",Erststimmen,Die Linke,67,3.1177291763610984
08128047,"Grünsfeld, Stadt",Zweitstimmen,Die Linke,50,2.3158869847151458
08128058,Igersheim,Erststimmen,Die Linke,112,3.6601307189542487
08128058,Igersheim,Zweitstimmen,Die Linke,97,3.1565245688252523
08128061,Königheim,Erststimmen,Die Linke,54,2.857142857142857
08128061,Königheim,Zweitstimmen,Die Linke,53,2.79388508170796
08128064,"Külsheim, Stadt",Erststimmen,Die Linke,104,3.428948236069898
08128064,"Külsheim, Stadt",Zweitstimmen,Die Linke,83,2.7141922825376064
08128082,"Niederstetten, Stadt",Erststimmen,Die Linke,88,2.935290193462308
08128082,"Niederstetten, Stadt",Zweitstimmen,Die Linke,93,3.082532316871064
08128115,"Tauberbischofsheim, Stadt",Erststimmen,Die Linke,255,3.8014311270125223
08128115,"Tauberbischofsheim, Stadt",Zweitstimmen,Die Linke,209,3.08806146572104
08128126,"Weikersheim, Stadt",Erststimmen,Die Linke,156,3.5064059339177343
08128126,"Weikersheim, Stadt",Zweitstimmen,Die Linke,162,3.6217303822937628
08128128,Werbach,Erststimmen,Die Linke,71,3.6883116883116887
08128128,Werbach,Zweitstimmen,Die Linke,57,2.941176470588235
08128131,"Wertheim, Stadt",Erststimmen,Die Linke,415,3.9047798268724128
08128131,"Wertheim, Stadt",Zweitstimmen,Die Linke,329,3.085725004689552
08128137,Wittighausen,Erststimmen,Die Linke,37,3.6742800397219466
08128137,Wittighausen,Zweitstimmen,Die Linke,35,3.468780971258672
08128138,Ahorn,Erststimmen,Die Linke,46,3.2394366197183095
08128138,Ahorn,Zweitstimmen,Die Linke,38,2.6722925457102673
08128139,"Lauda-Königshofen, Stadt",Erststimmen,Die Linke,349,4.750238192459507
08128139,"Lauda-Königshofen, Stadt",Zweitstimmen,Die Linke,275,3.7212449255751014
08135010,Dischingen,Erststimmen,Die Linke,54,2.1774193548387095
08135010,Dischingen,Zweitstimmen,Die Linke,43,1.7345703912868091
08135015,Gerstetten,Erststimmen,Die Linke,189,3.0028598665395614
08135015,Gerstetten,Zweitstimmen,Die Linke,192,3.040861577446943
08135016,"Giengen an der Brenz, Stadt",Erststimmen,Die Linke,294,3.809770636257613
08135016,"Giengen an der Brenz, Stadt",Zweitstimmen,Die Linke,273,3.530781169167098
08135019,"Heidenheim an der Brenz, Stadt",Erststimmen,Die Linke,774,4.1416952054794525
08135019,"Heidenheim an der Brenz, Stadt",Zweitstimmen,Die Linke,749,3.9997863932500266
08135020,"Herbrechtingen, Stadt",Erststimmen,Die Linke,220,3.395585738539898
08135020,"Herbrechtingen, Stadt",Zweitstimmen,Die Linke,198,3.047560412498076
08135021,Hermaringen,Erststimmen,Die Linke,45,3.4992223950233283
08135021,Hermaringen,Zweitstimmen,Die Linke,42,3.248259860788863
08135025,Königsbronn,Erststimmen,Die Linke,119,3.1324032640168467
08135025,Königsbronn,Zweitstimmen,Die Linke,103,2.7062532842879663
08135026,Nattheim,Erststimmen,Die Linke,82,2.2162162162162162
08135026,Nattheim,Zweitstimmen,Die Linke,62,1.6675632060247445
08135027,"Niederstotzingen, Stadt",Erststimmen,Die Linke,73,2.8808208366219414
08135027,"Niederstotzingen, Stadt",Zweitstimmen,Die Linke,75,2.9492725127801807
08135031,Sontheim an der Brenz,Erststimmen,Die Linke,74,2.36648544931244
08135031,Sontheim an der Brenz,Zweitstimmen,Die Linke,68,2.166294998407136
08135032,Steinheim am Albuch,Erststimmen,Die Linke,151,3.269813772195756
08135032,Steinheim am Albuch,Zweitstimmen,Die Linke,148,3.1951640759930915
08216002,Au am Rhein,Erststimmen,Die Linke,74,3.83419689119171
08216002,Au am Rhein,Zweitstimmen,Die Linke,58,2.9866117404737382
08216005,Bietigheim,Erststimmen,Die Linke,126,3.7037037037037033
08216005,Bietigheim,Zweitstimmen,Die Linke,118,3.4573688836800467
08216006,Bischweier,Erststimmen,Die Linke,61,3.5362318840579707
08216006,Bischweier,Zweitstimmen,Die Linke,46,2.6543566070398152
08216009,Durmersheim,Erststimmen,Die Linke,286,4.883045927949462
08216009,Durmersheim,Zweitstimmen,Die Linke,231,3.9165818921668363
08216012,Elchesheim-Illingen,Erststimmen,Die Linke,74,4.1713641488162345
08216012,Elchesheim-Illingen,Zweitstimmen,Die Linke,68,3.811659192825112
08216013,Forbach,Erststimmen,Die Linke,93,3.879849812265332
08216013,Forbach,Zweitstimmen,Die Linke,87,3.6234902124114954
08216015,"Gaggenau, Stadt",Erststimmen,Die Linke,544,3.9018792138860996
08216015,"Gaggenau, Stadt",Zweitstimmen,Die Linke,481,3.4421067697151857
08216017,"Gernsbach, Stadt",Erststimmen,Die Linke,247,3.54732155680023
08216017,"Gernsbach, Stadt",Zweitstimmen,Die Linke,222,3.1746031746031744
08216023,Iffezheim,Erststimmen,Die Linke,66,2.4971623155505105
08216023,Iffezheim,Zweitstimmen,Die Linke,57,2.1477015825169556
08216024,"Kuppenheim, Stadt",Erststimmen,Die Linke,143,3.3686690223792697
08216024,"Kuppenheim, Stadt",Zweitstimmen,Die Linke,122,2.8517999064983637
08216029,Loffenau,Erststimmen,Die Linke,47,3.5391566265060246
08216029,Loffenau,Zweitstimmen,Die Linke,34,2.5544703230653645
08216033,Muggensturm,Erststimmen,Die Linke,100,3.091190108191654
08216033,Muggensturm,Zweitstimmen,Die Linke,92,2.83775447254781
08216039,Ötigheim,Erststimmen,Die Linke,72,2.586206896551724
08216039,Ötigheim,Zweitstimmen,Die Linke,63,2.2588741484403014
08216043,"Rastatt, Stadt",Erststimmen,Die Linke,764,4.204270305965221
08216043,"Rastatt, Stadt",Zweitstimmen,Die Linke,691,3.785679066454829
08216052,Steinmauern,Erststimmen,Die Linke,43,2.6155717761557176
08216052,Steinmauern,Zweitstimmen,Die Linke,34,2.0581113801452786
08216059,Weisenbach,Erststimmen,Die Linke,49,3.882725832012678
08216059,Weisenbach,Zweitstimmen,Die Linke,46,3.6191974822974036
08231000,"Pforzheim, Stadt",Erststimmen,Die Linke,2300,5.693773981928456
08231000,"Pforzheim, Stadt",Zweitstimmen,Die Linke,1976,4.869993838570549
08235006,"Altensteig, Stadt",Erststimmen,Die Linke,163,3.3490856790630774
08235006,"Altensteig, Stadt",Zweitstimmen,Die Linke,150,3.0737704918032787
08235007,Althengstett,Erststimmen,Die Linke,150,3.289473684210526
08235007,Althengstett,Zweitstimmen,Die Linke,114,2.4874536329914902
08235008,"Bad Liebenzell, Stadt",Erststimmen,Die Linke,206,4.287200832466181
08235008,"Bad Liebenzell, Stadt",Zweitstimmen,Die Linke,181,3.740442240132259
08235018,Dobel,Erststimmen,Die Linke,51,4.2677824267782425
08235018,Dobel,Zweitstimmen,Die Linke,39,3.25542570951586
08235020,Ebhausen,Erststimmen,Die Linke,76,3.170629954109303
08235020,Ebhausen,Zweitstimmen,Die Linke,67,2.7766266058847906
08235022,Egenhausen,Erststimmen,Die Linke,26,2.2071307300509337
08235022,Egenhausen,Zweitstimmen,Die Linke,19,1.6142735768903995
08235025,Enzklösterle,Erststimmen,Die Linke,20,2.8208744710860367
08235025,Enzklösterle,Zweitstimmen,Die Linke,8,1.118881118881119
08235029,Gechingen,Erststimmen,Die Linke,67,3.179876601803512
08235029,Gechingen,Zweitstimmen,Die Linke,56,2.6415094339622645
08235032,"Haiterbach, Stadt",Erststimmen,Die Linke,65,2.3636363636363638
08235032,"Haiterbach, Stadt",Zweitstimmen,Die Linke,54,1.9558131111915973
08235033,"Bad Herrenalb, Stadt",Erststimmen,Die Linke,203,5.440900562851782
08235033,"Bad Herrenalb, Stadt",Zweitstimmen,Die Linke,157,4.181091877496671
08235035,Höfen an der Enz,Erststimmen,Die Linke,26,3.2663316582914574
08235035,Höfen an der Enz,Zweitstimmen,Die Linke,25,3.136762860727729
08235046,"Nagold, Stadt",Erststimmen,Die Linke,345,3.259329239489844
08235046,"Nagold, Stadt",Zweitstimmen,Die Linke,302,2.8455667577499293
08235047,"Neubulach, Stadt",Erststimmen,Die Linke,101,3.0727106784301794
08235047,"Neubulach, Stadt",Zweitstimmen,Die Linke,71,2.147610405323654
08235050,Neuweiler,Erststimmen,Die Linke,52,2.738283307003686
08235050,Neuweiler,Zweitstimmen,Die Linke,36,1.8907563025210083
08235055,Oberreichenbach,Erststimmen,Die Linke,52,2.810810810810811
08235055,Oberreichenbach,Zweitstimmen,Die Linke,43,2.3019271948608138
08235057,Ostelsheim,Erststimmen,Die Linke,47,3.2867132867132867
08235057,Ostelsheim,Zweitstimmen,Die Linke,26,1.8105849582172702
08235060,Rohrdorf,Erststimmen,Die Linke,24,2.73972602739726
08235060,Rohrdorf,Zweitstimmen,Die Linke,22,2.4971623155505105
08235065,Schömberg,Erststimmen,Die Linke,128,3.50109409190372
08235065,Schömberg,Zweitstimmen,Die Linke,91,2.4654565158493633
08235066,Simmersfeld,Erststimmen,Die Linke,37,2.9065200314218385
08235066,Simmersfeld,Zweitstimmen,Die Linke,25,1.9638648860958365
08235067,Simmozheim,Erststimmen,Die Linke,49,3.0625
08235067,Simmozheim,Zweitstimmen,Die Linke,38,2.3558586484810915
08235073,Unterreichenbach,Erststimmen,Die Linke,47,4.140969162995595
08235073,Unterreichenbach,Zweitstimmen,Die Linke,27,2.370500438981563
08235079,"Bad Wildbad, Stadt",Erststimmen,Die Linke,218,5.110173464603844
08235079,"Bad Wildbad, Stadt",Zweitstimmen,Die Linke,154,3.5822284252151664
08235080,"Wildberg, Stadt",Erststimmen,Die Linke,165,2.96655879180151
08235080,"Wildberg, Stadt",Zweitstimmen,Die Linke,126,2.257255463991401
08235084,"Bad Teinach-Zavelstein, Stadt",Erststimmen,Die Linke,49,2.782509937535491
08235084,"Bad Teinach-Zavelstein, Stadt",Zweitstimmen,Die Linke,37,2.0939445387662703
08235085,"Calw, Stadt",Erststimmen,Die Linke,523,4.961578597855991
08235085,"Calw, Stadt",Zweitstimmen,Die Linke,395,3.7225520686080484
08236004,Birkenfeld,Erststimmen,Die Linke,176,3.479636219849743
08236004,Birkenfeld,Zweitstimmen,Die Linke,127,2.505919494869771
08236011,Eisingen,Erststimmen,Die Linke,74,3.1623931623931623
08236011,Eisingen,Zweitstimmen,Die Linke,62,2.6304624522698346
08236013,Engelsbrand,Erststimmen,Die Linke,58,2.3887973640856672
08236013,Engelsbrand,Zweitstimmen,Die Linke,61,2.495908346972177
08236019,Friolzheim,Erststimmen,Die Linke,78,3.72848948374761
08236019,Friolzheim,Zweitstimmen,Die Linke,61,2.8992395437262357
08236025,"Heimsheim, Stadt",Erststimmen,Die Linke,72,2.709823108769289
08236025,"Heimsheim, Stadt",Zweitstimmen,Die Linke,69,2.593984962406015
08236028,Illingen,Erststimmen,Die Linke,132,3.306613226452906
08236028,Illingen,Zweitstimmen,Die Linke,120,3.001500750375188
08236030,Ispringen,Erststimmen,Die Linke,104,3.716940671908506
08236030,Ispringen,Zweitstimmen,Die Linke,91,3.2407407407407405
08236031,Kieselbronn,Erststimmen,Die Linke,52,3.2439176543980035
08236031,Kieselbronn,Zweitstimmen,Die Linke,48,2.9850746268656714
08236033,"Knittlingen, Stadt",Erststimmen,Die Linke,152,3.850050658561297
08236033,"Knittlingen, Stadt",Zweitstimmen,Die Linke,137,3.4465408805031448
08236038,"Maulbronn, Stadt",Erststimmen,Die Linke,137,4.198590254367147
08236038,"Maulbronn, Stadt",Zweitstimmen,Die Linke,106,3.238619003971891
08236039,Mönsheim,Erststimmen,Die Linke,23,1.4593908629441625
08236039,Mönsheim,Zweitstimmen,Die Linke,25,1.5822784810126582
08236040,"Mühlacker, Stadt",Erststimmen,Die Linke,415,3.8680212508155467
08236040,"Mühlacker, Stadt",Zweitstimmen,Die Linke,368,3.41848583372039
08236043,"Neuenbürg, Stadt",Erststimmen,Die Linke,164,4.460157737285831
08236043,"Neuenbürg, Stadt",Zweitstimmen,Die Linke,113,3.062330623306233
08236044,Neuhausen,Erststimmen,Die Linke,91,2.9826286463454603
08236044,Neuhausen,Zweitstimmen,Die Linke,89,2.9180327868852456
08236046,Niefern-Öschelbronn,Erststimmen,Die Linke,170,3.0471410647069366
08236046,Niefern-Öschelbronn,Zweitstimmen,Die Linke,151,2.701735551977098
08236050,Ötisheim,Erststimmen,Die Linke,86,3.391167192429022
08236050,Ötisheim,Zweitstimmen,Die Linke,82,3.224537947306331
08236061,Sternenfels,Erststimmen,Die Linke,70,4.524886877828054
08236061,Sternenfels,Zweitstimmen,Die Linke,61,3.9203084832904884
08236062,Tiefenbronn,Erststimmen,Die Linke,97,3.0284108648142367
08236062,Tiefenbronn,Zweitstimmen,Die Linke,84,2.611128380478707
08236065,Wiernsheim,Erststimmen,Die Linke,122,3.187042842215256
08236065,Wiernsheim,Zweitstimmen,Die Linke,113,2.941176470588235
08236067,Wimsheim,Erststimmen,Die Linke,39,2.3970497848801475
08236067,Wimsheim,Zweitstimmen,Die Linke,33,2.027027027027027
08236068,Wurmberg,Erststimmen,Die Linke,36,2.2072348252605765
08236068,Wurmberg,Zweitstimmen,Die Linke,24,1.4723926380368098
08236070,Keltern,Erststimmen,Die Linke,194,3.7072424995222626
08236070,Keltern,Zweitstimmen,Die Linke,157,2.9881994670727066
08236071,Remchingen,Erststimmen,Die Linke,220,3.4082106893880715
08236071,Remchingen,Zweitstimmen,Die Linke,192,2.9625057861441135
08236072,Straubenhardt,Erststimmen,Die Linke,273,4.457142857142857
08236072,Straubenhardt,Zweitstimmen,Die Linke,218,3.5499104380394075
08236073,Neulingen,Erststimmen,Die Linke,81,2.1992940537605215
08236073,Neulingen,Zweitstimmen,Die Linke,57,1.5422077922077921
08236074,Kämpfelbach,Erststimmen,Die Linke,127,3.542538354253835
08236074,Kämpfelbach,Zweitstimmen,Die Linke,100,2.7862914460852606
08236075,Ölbronn-Dürrn,Erststimmen,Die Linke,64,3.2972694487377643
08236075,Ölbronn-Dürrn,Zweitstimmen,Die Linke,66,3.36734693877551
08236076,Königsbach-Stein,Erststimmen,Die Linke,181,3.258325832583258
08236076,Königsbach-Stein,Zweitstimmen,Die Linke,153,2.743410435718128
08237002,"Alpirsbach, Stadt",Erststimmen,Die Linke,93,3.0067895247332688
08237002,"Alpirsbach, Stadt",Zweitstimmen,Die Linke,78,2.5136964228166288
08237004,Baiersbronn,Erststimmen,Die Linke,238,3.2210041954256328
08237004,Baiersbronn,Zweitstimmen,Die Linke,231,3.1169882606935637
08237019,"Dornstetten, Stadt",Erststimmen,Die Linke,132,3.2697547683923704
08237019,"Dornstetten, Stadt",Zweitstimmen,Die Linke,103,2.542582078499136
08237024,Empfingen,Erststimmen,Die Linke,55,2.48868778280543
08237024,Empfingen,Zweitstimmen,Die Linke,41,1.8443544759334234
08237027,Eutingen im Gäu,Erststimmen,Die Linke,108,3.2123735871505055
08237027,Eutingen im Gäu,Zweitstimmen,Die Linke,101,3.0023781212841856
08237028,"Freudenstadt, Stadt",Erststimmen,Die Linke,485,4.502831677652956
08237028,"Freudenstadt, Stadt",Zweitstimmen,Die Linke,376,3.4824488283782533
08237030,Glatten,Erststimmen,Die Linke,48,3.3946251768033946
08237030,Glatten,Zweitstimmen,Die Linke,43,3.0324400564174896
08237032,Grömbach,Erststimmen,Die Linke,9,3.3707865168539324
08237032,Grömbach,Zweitstimmen,Die Linke,4,1.509433962264151
08237040,"Horb am Neckar, Stadt",Erststimmen,Die Linke,396,3.176385658137483
08237040,"Horb am Neckar, Stadt",Zweitstimmen,Die Linke,335,2.6774296675191813
08237045,Loßburg,Erststimmen,Die Linke,144,3.217877094972067
08237045,Loßburg,Zweitstimmen,Die Linke,120,2.6797677534613666
08237054,Pfalzgrafenweiler,Erststimmen,Die Linke,80,2.1911804984935634
08237054,Pfalzgrafenweiler,Zweitstimmen,Die Linke,73,1.994535519125683
08237061,Schopfloch,Erststimmen,Die Linke,38,2.4390243902439024
08237061,Schopfloch,Zweitstimmen,Die Linke,34,2.1780909673286355
08237072,Wörnersberg,Erststimmen,Die Linke,2,2.2222222222222223
08237072,Wörnersberg,Zweitstimmen,Die Linke,1,1.1111111111111112
08237073,Seewald,Erststimmen,Die Linke,32,2.7187765505522514
08237073,Seewald,Zweitstimmen,Die Linke,31,2.622673434856176
08237074,Waldachtal,Erststimmen,Die Linke,87,2.7179006560449857
08237074,Waldachtal,Zweitstimmen,Die Linke,72,2.237414543194531
08237075,Bad Rippoldsau-Schapbach,Erststimmen,Die Linke,61,4.915390813859791
08237075,Bad Rippoldsau-Schapbach,Zweitstimmen,Die Linke,40,3.2025620496397114
08316002,Bahlingen am Kaiserstuhl,Erststimmen,Die Linke,95,3.6736272235112146
08316002,Bahlingen am Kaiserstuhl,Zweitstimmen,Die Linke,91,3.5094485152333204
08316003,Biederbach,Erststimmen,Die Linke,21,2.046783625730994
08316003,Biederbach,Zweitstimmen,Die Linke,18,1.7509727626459144
08316009,Denzlingen,Erststimmen,Die Linke,418,5.691721132897603
08316009,Denzlingen,Zweitstimmen,Die Linke,427,5.8008422768645564
08316010,"Elzach, Stadt",Erststimmen,Die Linke,109,2.5425705621646837
08316010,"Elzach, Stadt",Zweitstimmen,Die Linke,104,2.421984163949697
08316011,"Emmendingen, Stadt",Erststimmen,Die Linke,944,6.715515401579284
08316011,"Emmendingen, Stadt",Zweitstimmen,Die Linke,812,5.767045454545454
08316012,"Endingen am Kaiserstuhl, Stadt",Erststimmen,Die Linke,205,3.5621198957428324
08316012,"Endingen am Kaiserstuhl, Stadt",Zweitstimmen,Die Linke,210,3.6458333333333335
08316013,Forchheim,Erststimmen,Die Linke,29,3.5024154589371985
08316013,Forchheim,Zweitstimmen,Die Linke,25,3.0229746070133015
08316014,Gutach im Breisgau,Erststimmen,Die Linke,116,4.402277039848197
08316014,Gutach im Breisgau,Zweitstimmen,Die Linke,93,3.5294117647058822
08316017,"Herbolzheim, Stadt",Erststimmen,Die Linke,256,4.866920152091255
08316017,"Herbolzheim, Stadt",Zweitstimmen,Die Linke,213,4.0379146919431275
08316020,"Kenzingen, Stadt",Erststimmen,Die Linke,287,5.160014383315354
08316020,"Kenzingen, Stadt",Zweitstimmen,Die Linke,248,4.446835216065986
08316024,Malterdingen,Erststimmen,Die Linke,78,4.103103629668595
08316024,Malterdingen,Zweitstimmen,Die Linke,64,3.3631108775617444
08316036,Reute,Erststimmen,Die Linke,47,2.7089337175792507
08316036,Reute,Zweitstimmen,Die Linke,50,2.8735632183908044
08316037,Riegel am Kaiserstuhl,Erststimmen,Die Linke,108,5.33596837944664
08316037,Riegel am Kaiserstuhl,Zweitstimmen,Die Linke,94,4.653465346534653
08316038,Sasbach am Kaiserstuhl,Erststimmen,Die Linke,86,4.195121951219512
08316038,Sasbach am Kaiserstuhl,Zweitstimmen,Die Linke,74,3.6027263875365136
08316039,Sexau,Erststimmen,Die Linke,78,3.705463182897862
08316039,Sexau,Zweitstimmen,Die Linke,79,3.744075829383886
08316042,Simonswald,Erststimmen,Die Linke,46,2.5886325267304446
08316042,Simonswald,Zweitstimmen,Die Linke,49,2.765237020316027
08316043,Teningen,Erststimmen,Die Linke,280,4.375
08316043,Teningen,Zweitstimmen,Die Linke,245,3.8138231631382316
08316045,Vörstetten,Erststimmen,Die Linke,90,4.7518479408658925
08316045,Vörstetten,Zweitstimmen,Die Linke,90,4.7518479408658925
08316049,Weisweil,Erststimmen,Die Linke,50,4.00320256204964
08316049,Weisweil,Zweitstimmen,Die Linke,50,4.0
08316051,Wyhl am Kaiserstuhl,Erststimmen,Die Linke,77,3.719806763285024
08316051,Wyhl am Kaiserstuhl,Zweitstimmen,Die Linke,64,3.0917874396135265
08316053,Rheinhausen im Breisgau,Erststimmen,Die Linke,82,3.631532329495128
08316053,Rheinhausen im Breisgau,Zweitstimmen,Die Linke,76,3.345070422535211
08316054,Freiamt,Erststimmen,Die Linke,86,3.427660422479075
08316054,Freiamt,Zweitstimmen,Die Linke,96,3.823178016726404
08316055,Winden im Elztal,Erststimmen,Die Linke,41,2.5137952176578784
08316055,Winden im Elztal,Zweitstimmen,Die Linke,47,2.876376988984088
08316056,"Waldkirch, Stadt",Erststimmen,Die Linke,594,5.272969374167777
08316056,"Waldkirch, Stadt",Zweitstimmen,Die Linke,577,5.112528796739324
08325001,Aichhalden,Erststimmen,Die Linke,72,2.8246371125931735
08325001,Aichhalden,Zweitstimmen,Die Linke,55,2.157708905453119
08325009,Bösingen,Erststimmen,Die Linke,34,1.6472868217054266
08325009,Bösingen,Zweitstimmen,Die Linke,32,1.548137397194001
08325011,Dietingen,Erststimmen,Die Linke,50,2.0981955518254303
08325011,Dietingen,Zweitstimmen,Die Linke,55,2.3089840470193113
08325012,"Dornhan, Stadt",Erststimmen,Die Linke,96,2.6778242677824267
08325012,"Dornhan, Stadt",Zweitstimmen,Die Linke,81,2.2581544466127683
08325014,Dunningen,Erststimmen,Die Linke,88,2.3681377825618943
08325014,Dunningen,Zweitstimmen,Die Linke,79,2.1247982786444326
08325015,Epfendorf,Erststimmen,Die Linke,42,2.324294410625346
08325015,Epfendorf,Zweitstimmen,Die Linke,40,2.213613724405091
08325024,Hardt,Erststimmen,Die Linke,29,1.7375674056321149
08325024,Hardt,Zweitstimmen,Die Linke,33,1.9807923169267705
08325036,Lauterbach,Erststimmen,Die Linke,50,3.3647375504710633
08325036,Lauterbach,Zweitstimmen,Die Linke,29,1.9463087248322148
08325045,"Oberndorf am Neckar, Stadt",Erststimmen,Die Linke,210,3.2781767093349985
08325045,"Oberndorf am Neckar, Stadt",Zweitstimmen,Die Linke,182,2.8410864814236656
08325049,"Rottweil, Stadt",Erststimmen,Die Linke,431,3.5818166708219064
08325049,"Rottweil, Stadt",Zweitstimmen,Die Linke,393,3.2622229600730477
08325050,Schenkenzell,Erststimmen,Die Linke,21,2.032913843175218
08325050,Schenkenzell,Zweitstimmen,Die Linke,15,1.4450867052023122
08325051,"Schiltach, Stadt",Erststimmen,Die Linke,83,4.112983151635283
08325051,"Schiltach, Stadt",Zweitstimmen,Die Linke,63,3.1126482213438735
08325053,"Schramberg, Stadt",Erststimmen,Die Linke,322,3.43027591349739
08325053,"Schramberg, Stadt",Zweitstimmen,Die Linke,257,2.7308468813091062
08325057,"Sulz am Neckar, Stadt",Erststimmen,Die Linke,183,2.966445128870157
08325057,"Sulz am Neckar, Stadt",Zweitstimmen,Die Linke,163,2.637113735641482
08325060,Villingendorf,Erststimmen,Die Linke,54,2.8421052631578947
08325060,Villingendorf,Zweitstimmen,Die Linke,60,3.1529164477141354
08325061,Vöhringen,Erststimmen,Die Linke,61,2.600170502983802
08325061,Vöhringen,Zweitstimmen,Die Linke,51,2.1656050955414012
08325064,Wellendingen,Erststimmen,Die Linke,60,3.6231884057971016
08325064,Wellendingen,Zweitstimmen,Die Linke,43,2.5903614457831328
08325069,Zimmern ob Rottweil,Erststimmen,Die Linke,119,3.556485355648536
08325069,Zimmern ob Rottweil,Zweitstimmen,Die Linke,105,3.1390134529147984
08325070,Fluorn-Winzeln,Erststimmen,Die Linke,40,2.238388360380526
08325070,Fluorn-Winzeln,Zweitstimmen,Die Linke,40,2.232142857142857
08325071,Eschbronn,Erststimmen,Die Linke,39,3.0492572322126663
08325071,Eschbronn,Zweitstimmen,Die Linke,33,2.5841816758026623
08325072,Deißlingen,Erststimmen,Die Linke,80,2.4860161591050343
08325072,Deißlingen,Zweitstimmen,Die Linke,77,2.384639207184887
08326003,"Bad Dürrheim, Stadt",Erststimmen,Die Linke,205,3.0271707028942703
08326003,"Bad Dürrheim, Stadt",Zweitstimmen,Die Linke,182,2.673325499412456
08326005,"Blumberg, Stadt",Erststimmen,Die Linke,131,2.992917523417866
08326005,"Blumberg, Stadt",Zweitstimmen,Die Linke,98,2.230821761893922
08326006,"Bräunlingen, Stadt",Erststimmen,Die Linke,90,2.865329512893983
08326006,"Bräunlingen, Stadt",Zweitstimmen,Die Linke,86,2.72756105296543
08326010,Dauchingen,Erststimmen,Die Linke,58,2.7737924438067907
08326010,Dauchingen,Zweitstimmen,Die Linke,59,2.8122020972354624
08326012,"Donaueschingen, Stadt",Erststimmen,Die Linke,354,3.3759298111768072
08326012,"Donaueschingen, Stadt",Zweitstimmen,Die Linke,344,3.264686343361488
08326017,"Furtwangen im Schwarzwald, Stadt",Erststimmen,Die Linke,183,4.6060911150264285
08326017,"Furtwangen im Schwarzwald, Stadt",Zweitstimmen,Die Linke,189,4.734468937875751
08326020,Gütenbach,Erststimmen,Die Linke,8,1.4234875444839856
08326020,Gütenbach,Zweitstimmen,Die Linke,10,1.7793594306049825
08326027,"Hüfingen, Stadt",Erststimmen,Die Linke,135,3.435988801221685
08326027,"Hüfingen, Stadt",Zweitstimmen,Die Linke,117,2.9612756264236904
08326031,Königsfeld im Schwarzwald,Erststimmen,Die Linke,114,3.2441661923733633
08326031,Königsfeld im Schwarzwald,Zweitstimmen,Die Linke,108,3.059490084985836
08326037,Mönchweiler,Erststimmen,Die Linke,53,3.212121212121212
08326037,Mönchweiler,Zweitstimmen,Die Linke,32,1.9300361881785282
08326041,Niedereschach,Erststimmen,Die Linke,78,2.3493975903614457
08326041,Niedereschach,Zweitstimmen,Die Linke,71,2.132772604385701
08326052,"St. Georgen im Schwarzwald, Stadt",Erststimmen,Die Linke,239,3.8994942078642523
08326052,"St. Georgen im Schwarzwald, Stadt",Zweitstimmen,Die Linke,213,3.452747609012806
08326054,Schönwald im Schwarzwald,Erststimmen,Die Linke,26,1.9711902956785443
08326054,Schönwald im Schwarzwald,Zweitstimmen,Die Linke,26,1.9593067068575734
08326055,Schonach im Schwarzwald,Erststimmen,Die Linke,49,2.3355576739752144
08326055,Schonach im Schwarzwald,Zweitstimmen,Die Linke,45,2.1357380161366875
08326060,"Triberg im Schwarzwald, Stadt",Erststimmen,Die Linke,58,3.252944475602917
08326060,"Triberg im Schwarzwald, Stadt",Zweitstimmen,Die Linke,43,2.4022346368715084
08326061,Tuningen,Erststimmen,Die Linke,78,4.710144927536232
08326061,Tuningen,Zweitstimmen,Die Linke,56,3.361344537815126
08326065,Unterkirnach,Erststimmen,Die Linke,39,3.1150159744408943
08326065,Unterkirnach,Zweitstimmen,Die Linke,41,3.266932270916335
08326068,"Vöhrenbach, Stadt",Erststimmen,Die Linke,52,3.0952380952380953
08326068,"Vöhrenbach, Stadt",Zweitstimmen,Die Linke,55,3.262158956109134
08326074,"Villingen-Schwenningen, Stadt",Erststimmen,Die Linke,1351,3.867735470941884
08326074,"Villingen-Schwenningen, Stadt",Zweitstimmen,Die Linke,1304,3.7172177879133415
08326075,Brigachtal,Erststimmen,Die Linke,57,1.9648397104446742
08326075,Brigachtal,Zweitstimmen,Die Linke,34,1.160013647219379
08327002,Aldingen,Erststimmen,Die Linke,130,4.033509152963078
08327002,Aldingen,Zweitstimmen,Die Linke,119,3.678516228748068
08327004,Bärenthal,Erststimmen,Die Linke,0,0.0
08327004,Bärenthal,Zweitstimmen,Die Linke,0,0.0
08327005,Balgheim,Erststimmen,Die Linke,21,3.004291845493562
08327005,Balgheim,Zweitstimmen,Die Linke,19,2.6988636363636362
08327006,Böttingen,Erststimmen,Die Linke,22,2.732919254658385
08327006,Böttingen,Zweitstimmen,Die Linke,17,2.096177558569667
08327007,Bubsheim,Erststimmen,Die Linke,12,2.181818181818182
08327007,Bubsheim,Zweitstimmen,Die Linke,10,1.8018018018018018
08327008,Buchheim,Erststimmen,Die Linke,10,2.2271714922048997
08327008,Buchheim,Zweitstimmen,Die Linke,11,2.433628318584071
08327009,Deilingen,Erststimmen,Die Linke,20,2.1030494216614093
08327009,Deilingen,Zweitstimmen,Die Linke,19,1.993704092339979
08327010,Denkingen,Erststimmen,Die Linke,42,2.8532608695652173
08327010,Denkingen,Zweitstimmen,Die Linke,37,2.5
08327011,Dürbheim,Erststimmen,Die Linke,17,1.7580144777662874
08327011,Dürbheim,Zweitstimmen,Die Linke,16,1.6477857878475797
08327012,Durchhausen,Erststimmen,Die Linke,6,1.1428571428571428
08327012,Durchhausen,Zweitstimmen,Die Linke,5,0.945179584120983
08327013,Egesheim,Erststimmen,Die Linke,3,1.0714285714285714
08327013,Egesheim,Zweitstimmen,Die Linke,2,0.7042253521126761
08327016,"Fridingen an der Donau, Stadt",Erststimmen,Die Linke,37,2.2195560887822436
08327016,"Fridingen an der Donau, Stadt",Zweitstimmen,Die Linke,29,1.7313432835820894
08327017,Frittlingen,Erststimmen,Die Linke,43,3.970452446906741
08327017,Frittlingen,Zweitstimmen,Die Linke,29,2.6629935720844813
08327018,"Geisingen, Stadt",Erststimmen,Die Linke,85,2.833333333333333
08327018,"Geisingen, Stadt",Zweitstimmen,Die Linke,80,2.6586905948820205
08327019,Gosheim,Erststimmen,Die Linke,58,3.3623188405797104
08327019,Gosheim,Zweitstimmen,Die Linke,39,2.2504327755337563
08327020,Gunningen,Erststimmen,Die Linke,18,4.37956204379562
08327020,Gunningen,Zweitstimmen,Die Linke,11,2.689486552567237
08327023,Hausen ob Verena,Erststimmen,Die Linke,13,2.6694045174537986
08327023,Hausen ob Verena,Zweitstimmen,Die Linke,8,1.639344262295082
08327025,Immendingen,Erststimmen,Die Linke,100,3.304692663582287
08327025,Immendingen,Zweitstimmen,Die Linke,88,2.899505766062603
08327027,Irndorf,Erststimmen,Die Linke,8,1.7897091722595078
08327027,Irndorf,Zweitstimmen,Die Linke,5,1.1061946902654867
08327029,Königsheim,Erststimmen,Die Linke,11,3.125
08327029,Königsheim,Zweitstimmen,Die Linke,7,1.977401129943503
08327030,Kolbingen,Erststimmen,Die Linke,8,1.0443864229765014
08327030,Kolbingen,Zweitstimmen,Die Linke,9,1.1764705882352942
08327033,Mahlstetten,Erststimmen,Die Linke,11,2.2964509394572024
08327033,Mahlstetten,Zweitstimmen,Die Linke,11,2.2869022869022873
08327036,"Mühlheim an der Donau, Stadt",Erststimmen,Die Linke,42,2.08851317752362
08327036,"Mühlheim an der Donau, Stadt",Zweitstimmen,Die Linke,38,1.8783984181908058
08327038,Neuhausen ob Eck,Erststimmen,Die Linke,62,3.239289446185998
08327038,Neuhausen ob Eck,Zweitstimmen,Die Linke,54,2.806652806652807
08327040,Reichenbach am Heuberg,Erststimmen,Die Linke,10,4.524886877828054
08327040,Reichenbach am Heuberg,Zweitstimmen,Die Linke,12,5.454545454545454
08327041,Renquishausen,Erststimmen,Die Linke,4,0.8016032064128256
08327041,Renquishausen,Zweitstimmen,Die Linke,4,0.7984031936127743
08327046,"Spaichingen, Stadt",Erststimmen,Die Linke,218,3.7781629116117847
08327046,"Spaichingen, Stadt",Zweitstimmen,Die Linke,197,3.4077149282131116
08327048,Talheim,Erststimmen,Die Linke,21,2.912621359223301
08327048,Talheim,Zweitstimmen,Die Linke,14,1.9471488178025034
08327049,"Trossingen, Stadt",Erststimmen,Die Linke,234,3.6116684673560737
08327049,"Trossingen, Stadt",Zweitstimmen,Die Linke,194,2.9896748343350286
08327050,"Tuttlingen, Stadt",Erststimmen,Die Linke,454,3.4982277700724302
08327050,"Tuttlingen, Stadt",Zweitstimmen,Die Linke,444,3.4143340510612115
08327051,Wehingen,Erststimmen,Die Linke,41,2.655440414507772
08327051,Wehingen,Zweitstimmen,Die Linke,34,2.194964493221433
08327054,Wurmlingen,Erststimmen,Die Linke,45,2.0930232558139537
08327054,Wurmlingen,Zweitstimmen,Die Linke,55,2.55338904363974
08327055,Seitingen-Oberflacht,Erststimmen,Die Linke,24,1.834862385321101
08327055,Seitingen-Oberflacht,Zweitstimmen,Die Linke,22,1.6793893129770994
08327056,Rietheim-Weilheim,Erststimmen,Die Linke,43,2.9819694868238558
08327056,Rietheim-Weilheim,Zweitstimmen,Die Linke,42,2.9106029106029108
08327057,Emmingen-Liptingen,Erststimmen,Die Linke,72,2.7480916030534353
08327057,Emmingen-Liptingen,Zweitstimmen,Die Linke,68,2.5944296070202215
08336004,Aitern,Erststimmen,Die Linke,5,1.6233766233766231
08336004,Aitern,Zweitstimmen,Die Linke,6,1.9543973941368076
08336006,Bad Bellingen,Erststimmen,Die Linke,97,4.513727315030247
08336006,Bad Bellingen,Zweitstimmen,Die Linke,86,3.983325613710051
08336008,Binzen,Erststimmen,Die Linke,60,3.6518563603164944
08336008,Binzen,Zweitstimmen,Die Linke,55,3.345498783454988
08336010,Böllen,Erststimmen,Die Linke,4,6.451612903225806
08336010,Böllen,Zweitstimmen,Die Linke,4,6.557377049180328
08336014,Efringen-Kirchen,Erststimmen,Die Linke,173,3.620004184975936
08336014,Efringen-Kirchen,Zweitstimmen,Die Linke,186,3.883089770354906
08336019,Eimeldingen,Erststimmen,Die Linke,48,3.7325038880248838
08336019,Eimeldingen,Zweitstimmen,Die Linke,38,2.941176470588235
08336024,Fischingen,Erststimmen,Die Linke,11,2.631578947368421
08336024,Fischingen,Zweitstimmen,Die Linke,12,2.8708133971291865
08336025,Fröhnd,Erststimmen,Die Linke,6,1.8691588785046727
08336025,Fröhnd,Zweitstimmen,Die Linke,9,2.848101265822785
08336034,Hasel,Erststimmen,Die Linke,22,3.606557377049181
08336034,Hasel,Zweitstimmen,Die Linke,24,3.934426229508197
08336036,Hausen im Wiesental,Erststimmen,Die Linke,64,5.237315875613748
08336036,Hausen im Wiesental,Zweitstimmen,Die Linke,62,5.057096247960848
08336043,Inzlingen,Erststimmen,Die Linke,43,3.2403918613413714
08336043,Inzlingen,Zweitstimmen,Die Linke,42,3.155522163786627
08336050,"Lörrach, Stadt",Erststimmen,Die Linke,1071,5.220824802573852
08336050,"Lörrach, Stadt",Zweitstimmen,Die Linke,1067,5.18943631146345
08336057,Maulburg,Erststimmen,Die Linke,82,4.089775561097256
08336057,Maulburg,Zweitstimmen,Die Linke,86,4.28927680798005
08336069,"Rheinfelden (Baden), Stadt",Erststimmen,Die Linke,656,4.821047990005145
08336069,"Rheinfelden (Baden), Stadt",Zweitstimmen,Die Linke,518,3.7976539589442817
08336073,Rümmingen,Erststimmen,Die Linke,37,3.961456102783726
08336073,Rümmingen,Zweitstimmen,Die Linke,41,4.385026737967915
08336075,Schallbach,Erststimmen,Die Linke,11,2.2587268993839835
08336075,Schallbach,Zweitstimmen,Die Linke,10,2.070393374741201
08336079,"Schönau im Schwarzwald, Stadt",Erststimmen,Die Linke,28,4.294478527607362
08336079,"Schönau im Schwarzwald, Stadt",Zweitstimmen,Die Linke,29,4.461538461538462
08336080,Schönenberg,Erststimmen,Die Linke,7,4.40251572327044
08336080,Schönenberg,Zweitstimmen,Die Linke,8,4.938271604938271
08336081,"Schopfheim, Stadt",Erststimmen,Die Linke,439,4.69017094017094
08336081,"Schopfheim, Stadt",Zweitstimmen,Die Linke,426,4.537224411545425
08336082,Schwörstadt,Erststimmen,Die Linke,48,4.071246819338422
08336082,Schwörstadt,Zweitstimmen,Die Linke,42,3.5653650254668934
08336084,Steinen,Erststimmen,Die Linke,190,3.571428571428571
08336084,Steinen,Zweitstimmen,Die Linke,185,3.467016491754123
08336087,"Todtnau, Stadt",Erststimmen,Die Linke,103,4.1101356743814845
08336087,"Todtnau, Stadt",Zweitstimmen,Die Linke,101,4.031936127744511
08336089,Tunau,Erststimmen,Die Linke,0,0.0
08336089,Tunau,Zweitstimmen,Die Linke,0,0.0
08336090,Utzenfeld,Erststimmen,Die Linke,3,0.8771929824561403
08336090,Utzenfeld,Zweitstimmen,Die Linke,4,1.1661807580174928
08336091,"Weil am Rhein, Stadt",Erststimmen,Die Linke,605,5.17138216941619
08336091,"Weil am Rhein, Stadt",Zweitstimmen,Die Linke,599,5.103084000681547
08336094,Wembach,Erststimmen,Die Linke,3,2.142857142857143
08336094,Wembach,Zweitstimmen,Die Linke,3,2.142857142857143
08336096,Wieden,Erststimmen,Die Linke,3,0.8823529411764706
08336096,Wieden,Zweitstimmen,Die Linke,3,0.8797653958944283
08336100,Wittlingen,Erststimmen,Die Linke,18,3.364485981308411
08336100,Wittlingen,Zweitstimmen,Die Linke,15,2.798507462686567
08336103,"Zell im Wiesental, Stadt",Erststimmen,Die Linke,98,3.879651623119557
08336103,"Zell im Wiesental, Stadt",Zweitstimmen,Die Linke,97,3.84006334125099
08336105,Grenzach-Wyhlen,Erststimmen,Die Linke,300,4.865390853065196
08336105,Grenzach-Wyhlen,Zweitstimmen,Die Linke,325,5.27255029201817
08336106,Häg-Ehrsberg,Erststimmen,Die Linke,10,2.028397565922921
08336106,Häg-Ehrsberg,Zweitstimmen,Die Linke,13,2.642276422764228
08336107,Kleines Wiesental,Erststimmen,Die Linke,56,3.391883706844337
08336107,Kleines Wiesental,Zweitstimmen,Die Linke,55,3.327283726557774
08337002,Albbruck,Erststimmen,Die Linke,112,3.0148048452220726
08337002,Albbruck,Zweitstimmen,Die Linke,98,2.6329930145083287
08337030,Dettighofen,Erststimmen,Die Linke,13,2.280701754385965
08337030,Dettighofen,Zweitstimmen,Die Linke,17,2.987697715289982
08337032,Dogern,Erststimmen,Die Linke,48,3.927986906710311
08337032,Dogern,Zweitstimmen,Die Linke,36,2.9508196721311477
08337038,Görwihl,Erststimmen,Die Linke,70,2.920317062995411
08337038,Görwihl,Zweitstimmen,Die Linke,60,2.4989587671803415
08337049,Herrischried,Erststimmen,Die Linke,56,4.166666666666666
08337049,Herrischried,Zweitstimmen,Die Linke,42,3.1042128603104215
08337053,Hohentengen am Hochrhein,Erststimmen,Die Linke,79,4.195432819968136
08337053,Hohentengen am Hochrhein,Zweitstimmen,Die Linke,79,4.193205944798302
08337060,Jestetten,Erststimmen,Die Linke,72,3.451581975071908
08337060,Jestetten,Zweitstimmen,Die Linke,45,2.1593090211132435
08337062,Klettgau,Erststimmen,Die Linke,132,3.6243822075782535
08337062,Klettgau,Zweitstimmen,Die Linke,114,3.1275720164609053
08337065,Lauchringen,Erststimmen,Die Linke,103,2.769561710137134
08337065,Lauchringen,Zweitstimmen,Die Linke,78,2.096210696049449
08337066,"Laufenburg (Baden), Stadt",Erststimmen,Die Linke,126,3.3861865090029566
08337066,"Laufenburg (Baden), Stadt",Zweitstimmen,Die Linke,129,3.453815261044177
08337070,Lottstetten,Erststimmen,Die Linke,29,3.2329988851727984
08337070,Lottstetten,Zweitstimmen,Die Linke,22,2.4471635150166855
08337076,Murg,Erststimmen,Die Linke,120,3.760576621748668
08337076,Murg,Zweitstimmen,Die Linke,117,3.6642655809583466
08337090,Rickenbach,Erststimmen,Die Linke,80,3.777148253068933
08337090,Rickenbach,Zweitstimmen,Die Linke,67,3.160377358490566
08337096,"Bad Säckingen, Stadt",Erststimmen,Die Linke,308,4.302276854309261
08337096,"Bad Säckingen, Stadt",Zweitstimmen,Die Linke,285,3.975449853536058
08337106,"Stühlingen, Stadt",Erststimmen,Die Linke,69,2.4278676988036594
08337106,"Stühlingen, Stadt",Zweitstimmen,Die Linke,61,2.1396001403016487
08337116,"Wehr, Stadt",Erststimmen,Die Linke,257,4.738200589970502
08337116,"Wehr, Stadt",Zweitstimmen,Die Linke,213,3.919043238270469
08337118,Weilheim,Erststimmen,Die Linke,43,2.234927234927235
08337118,Weilheim,Zweitstimmen,Die Linke,42,2.177293934681182
08337123,Wutöschingen,Erststimmen,Die Linke,85,2.683080808080808
08337123,Wutöschingen,Zweitstimmen,Die Linke,89,2.8058007566204286
08337124,Eggingen,Erststimmen,Die Linke,30,3.22234156820623
08337124,Eggingen,Zweitstimmen,Die Linke,29,3.1082529474812435
08337125,Küssaberg,Erststimmen,Die Linke,93,3.290870488322718
08337125,Küssaberg,Zweitstimmen,Die Linke,112,3.952011291460833
08337126,"Waldshut-Tiengen, Stadt",Erststimmen,Die Linke,338,3.5612685702244233
08337126,"Waldshut-Tiengen, Stadt",Zweitstimmen,Die Linke,320,3.3673576765232034
08416006,Bodelshausen,Erststimmen,Die Linke,105,3.9742619227857685
08416006,Bodelshausen,Zweitstimmen,Die Linke,86,3.2637571157495255
08416009,Dettenhausen,Erststimmen,Die Linke,113,3.5456542202698462
08416009,Dettenhausen,Zweitstimmen,Die Linke,107,3.35423197492163
08416018,Hirrlingen,Erststimmen,Die Linke,51,2.9226361031518624
08416018,Hirrlingen,Zweitstimmen,Die Linke,47,2.6765375854214124
08416025,"Mössingen, Stadt",Erststimmen,Die Linke,395,3.775568724909195
08416025,"Mössingen, Stadt",Zweitstimmen,Die Linke,333,3.176571592101498
08416031,Ofterdingen,Erststimmen,Die Linke,100,3.5984166966534725
08416031,Ofterdingen,Zweitstimmen,Die Linke,89,3.199137311286844
08416036,"Rottenburg am Neckar, Stadt",Erststimmen,Die Linke,1081,4.710444899559894
08416036,"Rottenburg am Neckar, Stadt",Zweitstimmen,Die Linke,1021,4.436622778429583
08416041,"Tübingen, Universitätsstadt",Erststimmen,Die Linke,6674,12.974086817907896
08416041,"Tübingen, Universitätsstadt",Zweitstimmen,Die Linke,6220,12.066657613440162
08416048,Ammerbuch,Erststimmen,Die Linke,354,5.28515974917886
08416048,Ammerbuch,Zweitstimmen,Die Linke,315,4.692387904066736
08416049,Neustetten,Erststimmen,Die Linke,57,2.6836158192090394
08416049,Neustetten,Zweitstimmen,Die Linke,57,2.673545966228893
08416050,Starzach,Erststimmen,Die Linke,87,3.386531724406384
08416050,Starzach,Zweitstimmen,Die Linke,65,2.5174283501161887
08417002,"Balingen, Stadt",Erststimmen,Die Linke,703,4.017372421281216
08417002,"Balingen, Stadt",Zweitstimmen,Die Linke,610,3.4743976761405704
08417008,Bisingen,Erststimmen,Die Linke,194,3.950315618000407
08417008,Bisingen,Zweitstimmen,Die Linke,150,3.0376670716889427
08417010,Bitz,Erststimmen,Die Linke,75,3.7183936539414972
08417010,Bitz,Zweitstimmen,Die Linke,57,2.8120374938332513
08417014,Dautmergen,Erststimmen,Die Linke,7,2.7237354085603114
08417014,Dautmergen,Zweitstimmen,Die Linke,4,1.550387596899225
08417015,Dormettingen,Erststimmen,Die Linke,16,2.735042735042735
08417015,Dormettingen,Zweitstimmen,Die Linke,12,2.04778156996587
08417016,Dotternhausen,Erststimmen,Die Linke,29,2.7128157156220767
08417016,Dotternhausen,Zweitstimmen,Die Linke,21,1.9589552238805972
08417022,"Geislingen, Stadt",Erststimmen,Die Linke,82,2.439750074382624
08417022,"Geislingen, Stadt",Zweitstimmen,Die Linke,64,1.8957345971563981
08417023,Grosselfingen,Erststimmen,Die Linke,24,2.1164021164021163
08417023,Grosselfingen,Zweitstimmen,Die Linke,19,1.6710642040457344
08417025,"Haigerloch, Stadt",Erststimmen,Die Linke,175,3.0929657122658183
08417025,"Haigerloch, Stadt",Zweitstimmen,Die Linke,146,2.563652326602283
08417029,Hausen am Tann,Erststimmen,Die Linke,5,1.9305019305019304
08417029,Hausen am Tann,Zweitstimmen,Die Linke,6,2.2988505747126435
08417044,"Meßstetten, Stadt",Erststimmen,Die Linke,146,2.6444484694801664
08417044,"Meßstetten, Stadt",Zweitstimmen,Die Linke,108,1.9484033916651635
08417045,Nusplingen,Erststimmen,Die Linke,23,2.3138832997987926
08417045,Nusplingen,Zweitstimmen,Die Linke,16,1.6032064128256511
08417047,Obernheim,Erststimmen,Die Linke,27,3.1652989449003512
08417047,Obernheim,Zweitstimmen,Die Linke,30,3.508771929824561
08417051,Rangendingen,Erststimmen,Die Linke,115,4.035087719298246
08417051,Rangendingen,Zweitstimmen,Die Linke,89,3.108627314006287
08417052,Ratshausen,Erststimmen,Die Linke,11,2.4498886414253898
08417052,Ratshausen,Zweitstimmen,Die Linke,9,1.991150442477876
08417054,"Rosenfeld, Stadt",Erststimmen,Die Linke,109,3.1521110468478892
08417054,"Rosenfeld, Stadt",Zweitstimmen,Die Linke,89,2.5530694205393
08417057,"Schömberg, Stadt",Erststimmen,Die Linke,57,2.59326660600546
08417057,"Schömberg, Stadt",Zweitstimmen,Die Linke,57,2.585034013605442
08417063,Straßberg,Erststimmen,Die Linke,41,2.867132867132867
08417063,Straßberg,Zweitstimmen,Die Linke,30,2.09351011863224
08417071,Weilen unter den Rinnen,Erststimmen,Die Linke,5,1.3333333333333335
08417071,Weilen unter den Rinnen,Zweitstimmen,Die Linke,3,0.8042895442359249
08417075,Winterlingen,Erststimmen,Die Linke,109,3.285111512959614
08417075,Winterlingen,Zweitstimmen,Die Linke,78,2.34093637454982
08417078,Zimmern unter der Burg,Erststimmen,Die Linke,6,2.112676056338028
08417078,Zimmern unter der Burg,Zweitstimmen,Die Linke,4,1.3986013986013985
08417079,"Albstadt, Stadt",Erststimmen,Die Linke,723,3.8625921572817608
08417079,"Albstadt, Stadt",Zweitstimmen,Die Linke,596,3.168358938918718
08425002,Allmendingen,Erststimmen,Die Linke,65,2.41635687732342
08425002,Allmendingen,Zweitstimmen,Die Linke,46,1.7183414269704895
08425004,Altheim,Erststimmen,Die Linke,9,3.308823529411765
08425004,Altheim,Zweitstimmen,Die Linke,6,2.181818181818182
08425005,Altheim (Alb),Erststimmen,Die Linke,24,2.3255813953488373
08425005,Altheim (Alb),Zweitstimmen,Die Linke,20,1.9267822736030826
08425008,Amstetten,Erststimmen,Die Linke,60,2.708803611738149
08425008,Amstetten,Zweitstimmen,Die Linke,57,2.5838621940163193
08425011,Asselfingen,Erststimmen,Die Linke,11,2.083333333333333
08425011,Asselfingen,Zweitstimmen,Die Linke,6,1.1320754716981132
08425013,Ballendorf,Erststimmen,Die Linke,3,0.9803921568627451
08425013,Ballendorf,Zweitstimmen,Die Linke,5,1.644736842105263
08425014,Beimerstetten,Erststimmen,Die Linke,62,4.397163120567376
08425014,Beimerstetten,Zweitstimmen,Die Linke,52,3.674911660777385
08425017,Berghülen,Erststimmen,Die Linke,30,2.4330900243309004
08425017,Berghülen,Zweitstimmen,Die Linke,20,1.627339300244101
08425019,Bernstadt,Erststimmen,Die Linke,52,3.770848440899202
08425019,Bernstadt,Zweitstimmen,Die Linke,41,2.971014492753623
08425020,"Blaubeuren, Stadt",Erststimmen,Die Linke,239,3.9635157545605306
08425020,"Blaubeuren, Stadt",Zweitstimmen,Die Linke,174,2.886529528865295
08425022,Börslingen,Erststimmen,Die Linke,1,0.9433962264150944
08425022,Börslingen,Zweitstimmen,Die Linke,0,0.0
08425024,Breitingen,Erststimmen,Die Linke,4,2.8169014084507045
08425024,Breitingen,Zweitstimmen,Die Linke,1,0.7042253521126761
08425031,Dornstadt,Erststimmen,Die Linke,154,3.1609195402298855
08425031,Dornstadt,Zweitstimmen,Die Linke,114,2.3322422258592472
08425033,"Ehingen (Donau), Stadt",Erststimmen,Die Linke,321,2.482214661305289
08425033,"Ehingen (Donau), Stadt",Zweitstimmen,Die Linke,265,2.050924851017723
08425035,Emeringen,Erststimmen,Die Linke,1,0.9345794392523363
08425035,Emeringen,Zweitstimmen,Die Linke,2,1.8867924528301887
08425036,Emerkingen,Erststimmen,Die Linke,12,3.1331592689295036
08425036,Emerkingen,Zweitstimmen,Die Linke,5,1.3123359580052494
08425050,Griesingen,Erststimmen,Die Linke,6,1.2658227848101267
08425050,Griesingen,Zweitstimmen,Die Linke,3,0.6342494714587738
08425052,Grundsheim,Erststimmen,Die Linke,3,2.2900763358778624
08425052,Grundsheim,Zweitstimmen,Die Linke,4,3.0534351145038165
08425055,Hausen am Bussen,Erststimmen,Die Linke,4,2.797202797202797
08425055,Hausen am Bussen,Zweitstimmen,Die Linke,3,2.112676056338028
08425062,Holzkirch,Erststimmen,Die Linke,1,0.7518796992481203
08425062,Holzkirch,Zweitstimmen,Die Linke,0,0.0
08425071,"Laichingen, Stadt",Erststimmen,Die Linke,173,2.928232904536222
08425071,"Laichingen, Stadt",Zweitstimmen,Die Linke,138,2.3354205449314605
08425072,"Langenau, Stadt",Erststimmen,Die Linke,308,3.812353013986879
08425072,"Langenau, Stadt",Zweitstimmen,Die Linke,243,3.0059376546264227
08425073,Lauterach,Erststimmen,Die Linke,9,3.3582089552238807
08425073,Lauterach,Zweitstimmen,Die Linke,7,2.6022304832713754
08425075,Lonsee,Erststimmen,Die Linke,82,2.9624277456647397
08425075,Lonsee,Zweitstimmen,Die Linke,59,2.1238300935925127
08425079,Merklingen,Erststimmen,Die Linke,31,2.579034941763727
08425079,Merklingen,Zweitstimmen,Die Linke,18,1.4962593516209477
08425081,"Munderkingen, Stadt",Erststimmen,Die Linke,57,2.5054945054945055
08425081,"Munderkingen, Stadt",Zweitstimmen,Die Linke,55,2.4229074889867843
08425083,Neenstetten,Erststimmen,Die Linke,8,1.9047619047619049
08425083,Neenstetten,Zweitstimmen,Die Linke,5,1.201923076923077
08425084,Nellingen,Erststimmen,Die Linke,28,2.1521906225980016
08425084,Nellingen,Zweitstimmen,Die Linke,15,1.1520737327188941
08425085,Nerenstetten,Erststimmen,Die Linke,9,4.712041884816754
08425085,Nerenstetten,Zweitstimmen,Die Linke,7,3.6458333333333335
08425088,Oberdischingen,Erststimmen,Die Linke,23,1.7884914463452566
08425088,Oberdischingen,Zweitstimmen,Die Linke,23,1.791277258566978
08425090,Obermarchtal,Erststimmen,Die Linke,12,1.4723926380368098
08425090,Obermarchtal,Zweitstimmen,Die Linke,16,1.9777503090234856
08425091,Oberstadion,Erststimmen,Die Linke,19,1.8737672583826428
08425091,Oberstadion,Zweitstimmen,Die Linke,13,1.2833168805528135
08425092,Öllingen,Erststimmen,Die Linke,3,1.2096774193548387
08425092,Öllingen,Zweitstimmen,Die Linke,3,1.2195121951219512
08425093,Öpfingen,Erststimmen,Die Linke,25,1.987281399046105
08425093,Öpfingen,Zweitstimmen,Die Linke,19,1.507936507936508
08425097,Rammingen,Erststimmen,Die Linke,7,0.9162303664921465
08425097,Rammingen,Zweitstimmen,Die Linke,5,0.6544502617801047
08425098,Rechtenstein,Erststimmen,Die Linke,4,2.73972602739726
08425098,Rechtenstein,Zweitstimmen,Die Linke,5,3.4013605442176873
08425104,Rottenacker,Erststimmen,Die Linke,30,2.4529844644317254
08425104,Rottenacker,Zweitstimmen,Die Linke,29,2.3770491803278686
08425108,"Schelklingen, Stadt",Erststimmen,Die Linke,90,2.6362038664323375
08425108,"Schelklingen, Stadt",Zweitstimmen,Die Linke,70,2.052184110231604
08425112,Setzingen,Erststimmen,Die Linke,3,0.872093023255814
08425112,Setzingen,Zweitstimmen,Die Linke,1,0.2932551319648094
08425123,Untermarchtal,Erststimmen,Die Linke,5,1.5479876160990713
08425123,Untermarchtal,Zweitstimmen,Die Linke,5,1.5432098765432098
08425124,Unterstadion,Erststimmen,Die Linke,3,0.672645739910314
08425124,Unterstadion,Zweitstimmen,Die Linke,2,0.44943820224719105
08425125,Unterwachingen,Erststimmen,Die Linke,1,0.7874015748031495
08425125,Unterwachingen,Zweitstimmen,Die Linke,1,0.78125
08425130,Weidenstetten,Erststimmen,Die Linke,22,2.603550295857988
08425130,Weidenstetten,Zweitstimmen,Die Linke,17,2.014218009478673
08425134,Westerheim,Erststimmen,Die Linke,41,2.201933404940924
08425134,Westerheim,Zweitstimmen,Die Linke,26,1.3888888888888888
08425135,Westerstetten,Erststimmen,Die Linke,34,2.564102564102564
08425135,Westerstetten,Zweitstimmen,Die Linke,25,1.8825301204819278
08425139,Heroldstatt,Erststimmen,Die Linke,35,2.025462962962963
08425139,Heroldstatt,Zweitstimmen,Die Linke,21,1.2138728323699421
08426001,Achstetten,Erststimmen,Die Linke,94,3.1767489016559645
08426001,Achstetten,Zweitstimmen,Die Linke,74,2.5050778605280972
08426005,Alleshausen,Erststimmen,Die Linke,3,1.0416666666666665
08426005,Alleshausen,Zweitstimmen,Die Linke,3,1.048951048951049
08426006,Allmannsweiler,Erststimmen,Die Linke,5,2.976190476190476
08426006,Allmannsweiler,Zweitstimmen,Die Linke,6,3.571428571428571
08426008,Altheim,Erststimmen,Die Linke,25,1.9500780031201248
08426008,Altheim,Zweitstimmen,Die Linke,22,1.717408274785324
08426011,Attenweiler,Erststimmen,Die Linke,16,1.314708299096138
08426011,Attenweiler,Zweitstimmen,Die Linke,15,1.2305168170631664
08426013,"Bad Buchau, Stadt",Erststimmen,Die Linke,92,3.4175334323922733
08426013,"Bad Buchau, Stadt",Zweitstimmen,Die Linke,76,2.80546327057955
08426014,"Bad Schussenried, Stadt",Erststimmen,Die Linke,145,3.3241632278771207
08426014,"Bad Schussenried, Stadt",Zweitstimmen,Die Linke,111,2.544121017648407
08426020,Betzenweiler,Erststimmen,Die Linke,5,1.6233766233766231
08426020,Betzenweiler,Zweitstimmen,Die Linke,5,1.6286644951140066
08426021,"Biberach an der Riß, Stadt",Erststimmen,Die Linke,582,3.587941557240614
08426021,"Biberach an der Riß, Stadt",Zweitstimmen,Die Linke,599,3.689786867069114
08426028,Burgrieden,Erststimmen,Die Linke,55,2.3666092943201376
08426028,Burgrieden,Zweitstimmen,Die Linke,47,2.0154373927958833
08426035,Dürmentingen,Erststimmen,Die Linke,28,1.8867924528301887
08426035,Dürmentingen,Zweitstimmen,Die Linke,25,1.6891891891891893
08426036,Dürnau,Erststimmen,Die Linke,7,3.5175879396984926
08426036,Dürnau,Zweitstimmen,Die Linke,5,2.512562814070352
08426038,Eberhardzell,Erststimmen,Die Linke,43,1.5979189892233372
08426038,Eberhardzell,Zweitstimmen,Die Linke,38,1.415270018621974
08426043,Erlenmoos,Erststimmen,Die Linke,36,3.3457249070631967
08426043,Erlenmoos,Zweitstimmen,Die Linke,32,2.97951582867784
08426045,Ertingen,Erststimmen,Die Linke,68,2.233169129720854
08426045,Ertingen,Zweitstimmen,Die Linke,63,2.071686945083854
08426058,Hochdorf,Erststimmen,Die Linke,34,2.3432115782219163
08426058,Hochdorf,Zweitstimmen,Die Linke,40,2.7605244996549345
08426062,Ingoldingen,Erststimmen,Die Linke,35,1.8547959724430314
08426062,Ingoldingen,Zweitstimmen,Die Linke,33,1.7488076311605723
08426064,Kanzach,Erststimmen,Die Linke,3,1.2244897959183674
08426064,Kanzach,Zweitstimmen,Die Linke,5,2.0408163265306123
08426067,Langenenslingen,Erststimmen,Die Linke,31,1.508515815085158
08426067,Langenenslingen,Zweitstimmen,Die Linke,32,1.5533980582524272
08426070,"Laupheim, Stadt",Erststimmen,Die Linke,338,3.044222282266054
08426070,"Laupheim, Stadt",Zweitstimmen,Die Linke,281,2.5278877293990645
08426071,Maselheim,Erststimmen,Die Linke,55,2.08649468892261
08426071,Maselheim,Zweitstimmen,Die Linke,59,2.239089184060721
08426073,Mietingen,Erststimmen,Die Linke,52,1.7962003454231434
08426073,Mietingen,Zweitstimmen,Die Linke,37,1.2780656303972366
08426074,Mittelbiberach,Erststimmen,Die Linke,85,3.290747193186218
08426074,Mittelbiberach,Zweitstimmen,Die Linke,84,3.2407407407407405
08426078,Moosburg,Erststimmen,Die Linke,0,0.0
08426078,Moosburg,Zweitstimmen,Die Linke,0,0.0
08426087,"Ochsenhausen, Stadt",Erststimmen,Die Linke,125,2.757555702625193
08426087,"Ochsenhausen, Stadt",Zweitstimmen,Die Linke,103,2.2672243011226065
08426090,Oggelshausen,Erststimmen,Die Linke,5,1.5873015873015872
08426090,Oggelshausen,Zweitstimmen,Die Linke,3,0.949367088607595
08426097,"Riedlingen, Stadt",Erststimmen,Die Linke,188,3.547839214946216
08426097,"Riedlingen, Stadt",Zweitstimmen,Die Linke,159,3.0039675042508973
08426108,Schwendi,Erststimmen,Die Linke,104,2.7837259100642395
08426108,Schwendi,Zweitstimmen,Die Linke,85,2.2745517795022745
08426109,Seekirch,Erststimmen,Die Linke,4,2.877697841726619
08426109,Seekirch,Zweitstimmen,Die Linke,2,1.4388489208633095
08426113,Steinhausen an der Rottum,Erststimmen,Die Linke,22,1.6454749439042633
08426113,Steinhausen an der Rottum,Zweitstimmen,Die Linke,15,1.1202389843166543
08426118,Tiefenbach,Erststimmen,Die Linke,5,2.262443438914027
08426118,Tiefenbach,Zweitstimmen,Die Linke,2,0.9009009009009009
08426120,Ummendorf,Erststimmen,Die Linke,46,1.7982799061767005
08426120,Ummendorf,Zweitstimmen,Die Linke,64,2.5009769441187966
08426121,Unlingen,Erststimmen,Die Linke,37,2.5067750677506777
08426121,Unlingen,Zweitstimmen,Die Linke,36,2.42914979757085
08426124,Uttenweiler,Erststimmen,Die Linke,35,1.5438906043228937
08426124,Uttenweiler,Zweitstimmen,Die Linke,33,1.4563106796116505
08426125,Wain,Erststimmen,Die Linke,18,2.050113895216401
08426125,Wain,Zweitstimmen,Die Linke,18,2.0408163265306123
08426128,Warthausen,Erststimmen,Die Linke,63,2.1761658031088085
08426128,Warthausen,Zweitstimmen,Die Linke,63,2.1791767554479415
08426134,Schemmerhofen,Erststimmen,Die Linke,124,2.4390243902439024
08426134,Schemmerhofen,Zweitstimmen,Die Linke,100,1.9638648860958365
08426135,Gutenzell-Hürbel,Erststimmen,Die Linke,26,2.247191011235955
08426135,Gutenzell-Hürbel,Zweitstimmen,Die Linke,20,1.7271157167530224
08435005,Bermatingen,Erststimmen,Die Linke,69,3.005226480836237
08435005,Bermatingen,Zweitstimmen,Die Linke,64,2.780191138140747
08435010,Daisendorf,Erststimmen,Die Linke,32,3.512623490669594
08435010,Daisendorf,Zweitstimmen,Die Linke,27,2.9443838604143946
08435013,Eriskirch,Erststimmen,Die Linke,98,3.8087835211815
08435013,Eriskirch,Zweitstimmen,Die Linke,80,3.1055900621118013
08435015,Frickingen,Erststimmen,Die Linke,94,5.051047823750672
08435015,Frickingen,Zweitstimmen,Die Linke,89,4.769560557341908
08435016,"Friedrichshafen, Stadt",Erststimmen,Die Linke,1209,4.651073324613372
08435016,"Friedrichshafen, Stadt",Zweitstimmen,Die Linke,981,3.760926238307008
08435018,Hagnau am Bodensee,Erststimmen,Die Linke,24,2.902055622732769
08435018,Hagnau am Bodensee,Zweitstimmen,Die Linke,21,2.5240384615384617
08435020,Heiligenberg,Erststimmen,Die Linke,79,4.680094786729858
08435020,Heiligenberg,Zweitstimmen,Die Linke,72,4.235294117647059
08435024,Immenstaad am Bodensee,Erststimmen,Die Linke,121,3.472022955523673
08435024,Immenstaad am Bodensee,Zweitstimmen,Die Linke,89,2.5472238122495705
08435029,Kressbronn am Bodensee,Erststimmen,Die Linke,156,3.282137597306964
08435029,Kressbronn am Bodensee,Zweitstimmen,Die Linke,126,2.643726395300042
08435030,Langenargen,Erststimmen,Die Linke,170,3.7735849056603774
08435030,Langenargen,Zweitstimmen,Die Linke,147,3.258700953225449
08435034,"Markdorf, Stadt",Erststimmen,Die Linke,293,3.9945466939331973
08435034,"Markdorf, Stadt",Zweitstimmen,Die Linke,257,3.4956474428726874
08435036,"Meersburg, Stadt",Erststimmen,Die Linke,99,3.2748924909030768
08435036,"Meersburg, Stadt",Zweitstimmen,Die Linke,90,2.973240832507433
08435045,Oberteuringen,Erststimmen,Die Linke,81,3.013392857142857
08435045,Oberteuringen,Zweitstimmen,Die Linke,69,2.559347181008902
08435047,Owingen,Erststimmen,Die Linke,100,4.063388866314506
08435047,Owingen,Zweitstimmen,Die Linke,101,4.079159935379645
08435052,Salem,Erststimmen,Die Linke,248,3.697629342478008
08435052,Salem,Zweitstimmen,Die Linke,232,3.4534087526049415
08435053,Sipplingen,Erststimmen,Die Linke,48,3.963666391412056
08435053,Sipplingen,Zweitstimmen,Die Linke,33,2.725020644095789
08435054,Stetten,Erststimmen,Die Linke,22,3.8128249566724435
08435054,Stetten,Zweitstimmen,Die Linke,15,2.5906735751295336
08435059,"Überlingen, Stadt",Erststimmen,Die Linke,503,4.142304208185786
08435059,"Überlingen, Stadt",Zweitstimmen,Die Linke,463,3.8013136288998357
08435066,Uhldingen-Mühlhofen,Erststimmen,Die Linke,150,3.5236081747709656
08435066,Uhldingen-Mühlhofen,Zweitstimmen,Die Linke,128,2.996956216342777
08435067,Deggenhausertal,Erststimmen,Die Linke,129,5.0390625
08435067,Deggenhausertal,Zweitstimmen,Die Linke,112,4.3698790479906355
08437005,Beuron,Erststimmen,Die Linke,11,2.806122448979592
08437005,Beuron,Zweitstimmen,Die Linke,8,2.030456852791878
08437008,Bingen,Erststimmen,Die Linke,42,2.6717557251908395
08437008,Bingen,Zweitstimmen,Die Linke,35,2.20959595959596
08437031,"Gammertingen, Stadt",Erststimmen,Die Linke,101,3.202282815472416
08437031,"Gammertingen, Stadt",Zweitstimmen,Die Linke,106,3.3586818757921417
08437044,Herbertingen,Erststimmen,Die Linke,78,2.947845804988662
08437044,Herbertingen,Zweitstimmen,Die Linke,72,2.6986506746626686
08437047,"Hettingen, Stadt",Erststimmen,Die Linke,10,0.8410428931875525
08437047,"Hettingen, Stadt",Zweitstimmen,Die Linke,17,1.433389544688027
08437053,Hohentengen,Erststimmen,Die Linke,62,2.5316455696202533
08437053,Hohentengen,Zweitstimmen,Die Linke,53,2.150974025974026
08437056,Illmensee,Erststimmen,Die Linke,65,5.275974025974025
08437056,Illmensee,Zweitstimmen,Die Linke,50,4.042037186742118
08437059,Inzigkofen,Erststimmen,Die Linke,37,2.136258660508083
08437059,Inzigkofen,Zweitstimmen,Die Linke,37,2.128883774453395
08437065,Krauchenwies,Erststimmen,Die Linke,71,2.636464909023394
08437065,Krauchenwies,Zweitstimmen,Die Linke,54,2.0
08437072,Leibertingen,Erststimmen,Die Linke,35,2.4424284717376135
08437072,Leibertingen,Zweitstimmen,Die Linke,35,2.4390243902439024
08437076,"Mengen, Stadt",Erststimmen,Die Linke,138,2.8215088938867305
08437076,"Mengen, Stadt",Zweitstimmen,Die Linke,122,2.4796747967479673
08437078,"Meßkirch, Stadt",Erststimmen,Die Linke,107,2.5864152767706066
08437078,"Meßkirch, Stadt",Zweitstimmen,Die Linke,105,2.541142303969022
08437082,Neufra,Erststimmen,Die Linke,24,2.3323615160349855
08437082,Neufra,Zweitstimmen,Die Linke,25,2.413127413127413
08437086,Ostrach,Erststimmen,Die Linke,98,2.534919813760993
08437086,Ostrach,Zweitstimmen,Die Linke,89,2.2979602375419574
08437088,"Pfullendorf, Stadt",Erststimmen,Die Linke,170,2.9924309100510476
08437088,"Pfullendorf, Stadt",Zweitstimmen,Die Linke,170,2.984550561797753
08437100,"Bad Saulgau, Stadt",Erststimmen,Die Linke,267,3.0351256110037514
08437100,"Bad Saulgau, Stadt",Zweitstimmen,Die Linke,231,2.6235093696763205
08437101,"Scheer, Stadt",Erststimmen,Die Linke,36,2.810304449648712
08437101,"Scheer, Stadt",Zweitstimmen,Die Linke,26,2.032838154808444
08437102,Schwenningen,Erststimmen,Die Linke,12,1.1952191235059761
08437102,Schwenningen,Zweitstimmen,Die Linke,13,1.2909632571996028
08437104,"Sigmaringen, Stadt",Erststimmen,Die Linke,278,3.6320877972302066
08437104,"Sigmaringen, Stadt",Zweitstimmen,Die Linke,308,4.008850709358323
08437105,Sigmaringendorf,Erststimmen,Die Linke,61,3.129810159055926
08437105,Sigmaringendorf,Zweitstimmen,Die Linke,67,3.4166241713411525
08437107,Stetten am kalten Markt,Erststimmen,Die Linke,63,2.313624678663239
08437107,Stetten am kalten Markt,Zweitstimmen,Die Linke,62,2.26691042047532
08437114,"Veringenstadt, Stadt",Erststimmen,Die Linke,33,2.806122448979592
08437114,"Veringenstadt, Stadt",Zweitstimmen,Die Linke,35,2.9940119760479043
08437118,Wald,Erststimmen,Die Linke,52,3.27455919395466
08437118,Wald,Zweitstimmen,Die Linke,52,3.2724984266834483
08437123,Sauldorf,Erststimmen,Die Linke,48,3.015075376884422
08437123,Sauldorf,Zweitstimmen,Die Linke,48,3.007518796992481
08437124,Herdwangen-Schönach,Erststimmen,Die Linke,92,4.7891723060905775
08437124,Herdwangen-Schönach,Zweitstimmen,Die Linke,79,4.112441436751692
08121000,"Heilbronn, Universitätsstadt",Erststimmen,Die PARTEI,0,0.0
08121000,"Heilbronn, Universitätsstadt",Zweitstimmen,Die PARTEI,217,0.4795474133168328
08125030,Flein,Erststimmen,Die PARTEI,0,0.0
08125030,Flein,Zweitstimmen,Die PARTEI,12,0.2918287937743191
08125058,"Leingarten, Stadt",Erststimmen,Die PARTEI,0,0.0
08125058,"Leingarten, Stadt",Zweitstimmen,Die PARTEI,22,0.37911425124935383
08125074,Nordheim,Erststimmen,Die PARTEI,0,0.0
08125074,Nordheim,Zweitstimmen,Die PARTEI,17,0.37411971830985913
08125094,Talheim,Erststimmen,Die PARTEI,0,0.0
08125094,Talheim,Zweitstimmen,Die PARTEI,12,0.4185559818625741
08126011,Bretzfeld,Erststimmen,Die PARTEI,0,0.0
08126011,Bretzfeld,Zweitstimmen,Die PARTEI,40,0.5864242779651078
08126020,Dörzbach,Erststimmen,Die PARTEI,0,0.0
08126020,Dörzbach,Zweitstimmen,Die PARTEI,3,0.2124645892351275
08126028,"Forchtenberg, Stadt",Erststimmen,Die PARTEI,0,0.0
08126028,"Forchtenberg, Stadt",Zweitstimmen,Die PARTEI,11,0.39497307001795334
08126039,"Ingelfingen, Stadt",Erststimmen,Die PARTEI,0,0.0
08126039,"Ingelfingen, Stadt",Zweitstimmen,Die PARTEI,15,0.5001667222407469
08126045,"Krautheim, Stadt",Erststimmen,Die PARTEI,0,0.0
08126045,"Krautheim, Stadt",Zweitstimmen,Die PARTEI,10,0.41067761806981523
08126046,"Künzelsau, Stadt",Erststimmen,Die PARTEI,0,0.0
08126046,"Künzelsau, Stadt",Zweitstimmen,Die PARTEI,37,0.5218617771509169
08126047,Kupferzell,Erststimmen,Die PARTEI,0,0.0
08126047,Kupferzell,Zweitstimmen,Die PARTEI,19,0.57005700570057
08126056,Mulfingen,Erststimmen,Die PARTEI,0,0.0
08126056,Mulfingen,Zweitstimmen,Die PARTEI,10,0.43383947939262474
08126058,"Neuenstein, Stadt",Erststimmen,Die PARTEI,0,0.0
08126058,"Neuenstein, Stadt",Zweitstimmen,Die PARTEI,14,0.4053271569195136
08126060,"Niedernhall, Stadt",Erststimmen,Die PARTEI,0,0.0
08126060,"Niedernhall, Stadt",Zweitstimmen,Die PARTEI,4,0.20202020202020202
08126066,"Öhringen, Stadt",Erststimmen,Die PARTEI,0,0.0
08126066,"Öhringen, Stadt",Zweitstimmen,Die PARTEI,47,0.40866011651160766
08126069,Pfedelbach,Erststimmen,Die PARTEI,0,0.0
08126069,Pfedelbach,Zweitstimmen,Die PARTEI,17,0.34034034034034033
08126072,Schöntal,Erststimmen,Die PARTEI,0,0.0
08126072,Schöntal,Zweitstimmen,Die PARTEI,11,0.3158196956646569
08126085,"Waldenburg, Stadt",Erststimmen,Die PARTEI,0,0.0
08126085,"Waldenburg, Stadt",Zweitstimmen,Die PARTEI,6,0.37220843672456577
08126086,Weißbach,Erststimmen,Die PARTEI,0,0.0
08126086,Weißbach,Zweitstimmen,Die PARTEI,0,0.0
08126094,Zweiflingen,Erststimmen,Die PARTEI,0,0.0
08126094,Zweiflingen,Zweitstimmen,Die PARTEI,4,0.3780718336483932
08127008,Blaufelden,Erststimmen,Die PARTEI,0,0.0
08127008,Blaufelden,Zweitstimmen,Die PARTEI,14,0.5090909090909091
08127009,Braunsbach,Erststimmen,Die PARTEI,0,0.0
08127009,Braunsbach,Zweitstimmen,Die PARTEI,10,0.6609385327164574
08127012,Bühlertann,Erststimmen,Die PARTEI,0,0.0
08127012,Bühlertann,Zweitstimmen,Die PARTEI,3,0.18028846153846154
08127013,Bühlerzell,Erststimmen,Die PARTEI,0,0.0
08127013,Bühlerzell,Zweitstimmen,Die PARTEI,4,0.30557677616501144
08127014,"Crailsheim, Stadt",Erststimmen,Die PARTEI,0,0.0
08127014,"Crailsheim, Stadt",Zweitstimmen,Die PARTEI,41,0.31748490010840946
08127023,Fichtenberg,Erststimmen,Die PARTEI,0,0.0
08127023,Fichtenberg,Zweitstimmen,Die PARTEI,6,0.36991368680641185
08127025,"Gaildorf, Stadt",Erststimmen,Die PARTEI,0,0.0
08127025,"Gaildorf, Stadt",Zweitstimmen,Die PARTEI,18,0.34735623311462754
08127032,"Gerabronn, Stadt",Erststimmen,Die PARTEI,0,0.0
08127032,"Gerabronn, Stadt",Zweitstimmen,Die PARTEI,13,0.6310679611650485
08127043,"Ilshofen, Stadt",Erststimmen,Die PARTEI,0,0.0
08127043,"Ilshofen, Stadt",Zweitstimmen,Die PARTEI,15,0.4449718184514981
08127046,"Kirchberg an der Jagst, Stadt",Erststimmen,Die PARTEI,0,0.0
08127046,"Kirchberg an der Jagst, Stadt",Zweitstimmen,Die PARTEI,9,0.4172461752433936
08127047,"Langenburg, Stadt",Erststimmen,Die PARTEI,0,0.0
08127047,"Langenburg, Stadt",Zweitstimmen,Die PARTEI,14,1.3875123885034688
08127052,Mainhardt,Erststimmen,Die PARTEI,0,0.0
08127052,Mainhardt,Zweitstimmen,Die PARTEI,19,0.5887821506042764
08127056,Michelbach an der Bilz,Erststimmen,Die PARTEI,0,0.0
08127056,Michelbach an der Bilz,Zweitstimmen,Die PARTEI,18,0.8946322067594433
08127059,Michelfeld,Erststimmen,Die PARTEI,0,0.0
08127059,Michelfeld,Zweitstimmen,Die PARTEI,8,0.3710575139146568
08127062,Oberrot,Erststimmen,Die PARTEI,0,0.0
08127062,Oberrot,Zweitstimmen,Die PARTEI,7,0.390625
08127063,Obersontheim,Erststimmen,Die PARTEI,0,0.0
08127063,Obersontheim,Zweitstimmen,Die PARTEI,22,0.8014571948998178
08127071,Rot am See,Erststimmen,Die PARTEI,0,0.0
08127071,Rot am See,Zweitstimmen,Die PARTEI,15,0.5064145847400405
08127073,Satteldorf,Erststimmen,Die PARTEI,0,0.0
08127073,Satteldorf,Zweitstimmen,Die PARTEI,5,0.17458100558659218
08127075,"Schrozberg, Stadt",Erststimmen,Die PARTEI,0,0.0
08127075,"Schrozberg, Stadt",Zweitstimmen,Die PARTEI,7,0.24398745207389336
08127076,"Schwäbisch Hall, Stadt",Erststimmen,Die PARTEI,0,0.0
08127076,"Schwäbisch Hall, Stadt",Zweitstimmen,Die PARTEI,108,0.5337023127100218
08127079,Sulzbach-Laufen,Erststimmen,Die PARTEI,0,0.0
08127079,Sulzbach-Laufen,Zweitstimmen,Die PARTEI,3,0.21489971346704873
08127086,Untermünkheim,Erststimmen,Die PARTEI,0,0.0
08127086,Untermünkheim,Zweitstimmen,Die PARTEI,8,0.43907793633369924
08127089,"Vellberg, Stadt",Erststimmen,Die PARTEI,0,0.0
08127089,"Vellberg, Stadt",Zweitstimmen,Die PARTEI,20,0.779423226812159
08127091,Wallhausen,Erststimmen,Die PARTEI,0,0.0
08127091,Wallhausen,Zweitstimmen,Die PARTEI,18,0.96
08127099,Wolpertshausen,Erststimmen,Die PARTEI,0,0.0
08127099,Wolpertshausen,Zweitstimmen,Die PARTEI,7,0.5733005733005733
08127100,Rosengarten,Erststimmen,Die PARTEI,0,0.0
08127100,Rosengarten,Zweitstimmen,Die PARTEI,17,0.5849965588437714
08127101,Kreßberg,Erststimmen,Die PARTEI,0,0.0
08127101,Kreßberg,Zweitstimmen,Die PARTEI,7,0.3336510962821735
08127102,Fichtenau,Erststimmen,Die PARTEI,0,0.0
08127102,Fichtenau,Zweitstimmen,Die PARTEI,8,0.3552397868561279
08127103,Frankenhardt,Erststimmen,Die PARTEI,0,0.0
08127103,Frankenhardt,Zweitstimmen,Die PARTEI,11,0.39118065433854904
08127104,Stimpfach,Erststimmen,Die PARTEI,0,0.0
08127104,Stimpfach,Zweitstimmen,Die PARTEI,8,0.47875523638539796
08128006,Assamstadt,Erststimmen,Die PARTEI,0,0.0
08128006,Assamstadt,Zweitstimmen,Die PARTEI,13,0.9558823529411765
08128007,"Bad Mergentheim, Stadt",Erststimmen,Die PARTEI,0,0.0
08128007,"Bad Mergentheim, Stadt",Zweitstimmen,Die PARTEI,41,0.36428254109284763
08128014,"Boxberg, Stadt",Erststimmen,Die PARTEI,0,0.0
08128014,"Boxberg, Stadt",Zweitstimmen,Die PARTEI,28,0.7322175732217573
08128020,"Creglingen, Stadt",Erststimmen,Die PARTEI,0,0.0
08128020,"Creglingen, Stadt",Zweitstimmen,Die PARTEI,14,0.5223880597014926
08128039,"Freudenberg, Stadt",Erststimmen,Die PARTEI,0,0.0
08128039,"Freudenberg, Stadt",Zweitstimmen,Die PARTEI,2,0.10582010582010583
08128045,Großrinderfeld,Erststimmen,Die PARTEI,0,0.0
08128045,Großrinderfeld,Zweitstimmen,Die PARTEI,9,0.3799071338117349
08128047,"Grünsfeld, Stadt",Erststimmen,Die PARTEI,0,0.0
08128047,"Grünsfeld, Stadt",Zweitstimmen,Die PARTEI,11,0.5094951366373321
08128058,Igersheim,Erststimmen,Die PARTEI,0,0.0
08128058,Igersheim,Zweitstimmen,Die PARTEI,16,0.5206638464041653
08128061,Königheim,Erststimmen,Die PARTEI,0,0.0
08128061,Königheim,Zweitstimmen,Die PARTEI,9,0.4744333157617291
08128064,"Külsheim, Stadt",Erststimmen,Die PARTEI,0,0.0
08128064,"Külsheim, Stadt",Zweitstimmen,Die PARTEI,17,0.5559189012426423
08128082,"Niederstetten, Stadt",Erststimmen,Die PARTEI,0,0.0
08128082,"Niederstetten, Stadt",Zweitstimmen,Die PARTEI,12,0.39774610540271793
08128115,"Tauberbischofsheim, Stadt",Erststimmen,Die PARTEI,0,0.0
08128115,"Tauberbischofsheim, Stadt",Zweitstimmen,Die PARTEI,38,0.5614657210401891
08128126,"Weikersheim, Stadt",Erststimmen,Die PARTEI,0,0.0
08128126,"Weikersheim, Stadt",Zweitstimmen,Die PARTEI,13,0.2906326849988822
08128128,Werbach,Erststimmen,Die PARTEI,0,0.0
08128128,Werbach,Zweitstimmen,Die PARTEI,13,0.6707946336429308
08128131,"Wertheim, Stadt",Erststimmen,Die PARTEI,0,0.0
08128131,"Wertheim, Stadt",Zweitstimmen,Die PARTEI,37,0.3470268242356031
08128137,Wittighausen,Erststimmen,Die PARTEI,0,0.0
08128137,Wittighausen,Zweitstimmen,Die PARTEI,13,1.288404360753221
08128138,Ahorn,Erststimmen,Die PARTEI,0,0.0
08128138,Ahorn,Zweitstimmen,Die PARTEI,3,0.21097046413502107
08128139,"Lauda-Königshofen, Stadt",Erststimmen,Die PARTEI,0,0.0
08128139,"Lauda-Königshofen, Stadt",Zweitstimmen,Die PARTEI,21,0.28416779431664413
08135010,Dischingen,Erststimmen,Die PARTEI,0,0.0
08135010,Dischingen,Zweitstimmen,Die PARTEI,2,0.08067769261799113
08135015,Gerstetten,Erststimmen,Die PARTEI,0,0.0
08135015,Gerstetten,Zweitstimmen,Die PARTEI,38,0.6018371872030409
08135016,"Giengen an der Brenz, Stadt",Erststimmen,Die PARTEI,0,0.0
08135016,"Giengen an der Brenz, Stadt",Zweitstimmen,Die PARTEI,35,0.4526642524573203
08135019,"Heidenheim an der Brenz, Stadt",Erststimmen,Die PARTEI,0,0.0
08135019,"Heidenheim an der Brenz, Stadt",Zweitstimmen,Die PARTEI,91,0.48595535618925556
08135020,"Herbrechtingen, Stadt",Erststimmen,Die PARTEI,0,0.0
08135020,"Herbrechtingen, Stadt",Zweitstimmen,Die PARTEI,36,0.5541018931814684
08135021,Hermaringen,Erststimmen,Die PARTEI,0,0.0
08135021,Hermaringen,Zweitstimmen,Die PARTEI,8,0.6187161639597835
08135025,Königsbronn,Erststimmen,Die PARTEI,0,0.0
08135025,Königsbronn,Zweitstimmen,Die PARTEI,15,0.3941145559642669
08135026,Nattheim,Erststimmen,Die PARTEI,0,0.0
08135026,Nattheim,Zweitstimmen,Die PARTEI,19,0.5110274341043571
08135027,"Niederstotzingen, Stadt",Erststimmen,Die PARTEI,0,0.0
08135027,"Niederstotzingen, Stadt",Zweitstimmen,Die PARTEI,14,0.5505308690523004
08135031,Sontheim an der Brenz,Erststimmen,Die PARTEI,0,0.0
08135031,Sontheim an der Brenz,Zweitstimmen,Die PARTEI,26,0.8282892640968461
08135032,Steinheim am Albuch,Erststimmen,Die PARTEI,0,0.0
08135032,Steinheim am Albuch,Zweitstimmen,Die PARTEI,23,0.4965457685664939
08216002,Au am Rhein,Erststimmen,Die PARTEI,0,0.0
08216002,Au am Rhein,Zweitstimmen,Die PARTEI,11,0.5664263645726055
08216005,Bietigheim,Erststimmen,Die PARTEI,0,0.0
08216005,Bietigheim,Zweitstimmen,Die PARTEI,22,0.6445941986522121
08216006,Bischweier,Erststimmen,Die PARTEI,0,0.0
08216006,Bischweier,Zweitstimmen,Die PARTEI,14,0.8078476630121176
08216009,Durmersheim,Erststimmen,Die PARTEI,0,0.0
08216009,Durmersheim,Zweitstimmen,Die PARTEI,20,0.339097999321804
08216012,Elchesheim-Illingen,Erststimmen,Die PARTEI,0,0.0
08216012,Elchesheim-Illingen,Zweitstimmen,Die PARTEI,6,0.336322869955157
08216013,Forbach,Erststimmen,Die PARTEI,0,0.0
08216013,Forbach,Zweitstimmen,Die PARTEI,11,0.4581424406497293
08216015,"Gaggenau, Stadt",Erststimmen,Die PARTEI,0,0.0
08216015,"Gaggenau, Stadt",Zweitstimmen,Die PARTEI,52,0.37211965078002
08216017,"Gernsbach, Stadt",Erststimmen,Die PARTEI,0,0.0
08216017,"Gernsbach, Stadt",Zweitstimmen,Die PARTEI,17,0.2431002431002431
08216023,Iffezheim,Erststimmen,Die PARTEI,0,0.0
08216023,Iffezheim,Zweitstimmen,Die PARTEI,5,0.18839487565938207
08216024,"Kuppenheim, Stadt",Erststimmen,Die PARTEI,0,0.0
08216024,"Kuppenheim, Stadt",Zweitstimmen,Die PARTEI,13,0.30388031790556336
08216029,Loffenau,Erststimmen,Die PARTEI,0,0.0
08216029,Loffenau,Zweitstimmen,Die PARTEI,6,0.4507888805409466
08216033,Muggensturm,Erststimmen,Die PARTEI,0,0.0
08216033,Muggensturm,Zweitstimmen,Die PARTEI,14,0.431832202344232
08216039,Ötigheim,Erststimmen,Die PARTEI,0,0.0
08216039,Ötigheim,Zweitstimmen,Die PARTEI,15,0.5378271782000718
08216043,"Rastatt, Stadt",Erststimmen,Die PARTEI,0,0.0
08216043,"Rastatt, Stadt",Zweitstimmen,Die PARTEI,83,0.45471977209225883
08216052,Steinmauern,Erststimmen,Die PARTEI,0,0.0
08216052,Steinmauern,Zweitstimmen,Die PARTEI,3,0.18159806295399517
08216059,Weisenbach,Erststimmen,Die PARTEI,0,0.0
08216059,Weisenbach,Zweitstimmen,Die PARTEI,8,0.6294256490952006
08231000,"Pforzheim, Stadt",Erststimmen,Die PARTEI,0,0.0
08231000,"Pforzheim, Stadt",Zweitstimmen,Die PARTEI,186,0.4584103512014787
08235006,"Altensteig, Stadt",Erststimmen,Die PARTEI,0,0.0
08235006,"Altensteig, Stadt",Zweitstimmen,Die PARTEI,7,0.14344262295081966
08235007,Althengstett,Erststimmen,Die PARTEI,0,0.0
08235007,Althengstett,Zweitstimmen,Die PARTEI,25,0.5454942177612917
08235008,"Bad Liebenzell, Stadt",Erststimmen,Die PARTEI,0,0.0
08235008,"Bad Liebenzell, Stadt",Zweitstimmen,Die PARTEI,18,0.3719776813391197
08235018,Dobel,Erststimmen,Die PARTEI,0,0.0
08235018,Dobel,Zweitstimmen,Die PARTEI,4,0.333889816360601
08235020,Ebhausen,Erststimmen,Die PARTEI,0,0.0
08235020,Ebhausen,Zweitstimmen,Die PARTEI,14,0.5801906340654787
08235022,Egenhausen,Erststimmen,Die PARTEI,0,0.0
08235022,Egenhausen,Zweitstimmen,Die PARTEI,2,0.16992353440951571
08235025,Enzklösterle,Erststimmen,Die PARTEI,0,0.0
08235025,Enzklösterle,Zweitstimmen,Die PARTEI,4,0.5594405594405595
08235029,Gechingen,Erststimmen,Die PARTEI,0,0.0
08235029,Gechingen,Zweitstimmen,Die PARTEI,7,0.33018867924528306
08235032,"Haiterbach, Stadt",Erststimmen,Die PARTEI,0,0.0
08235032,"Haiterbach, Stadt",Zweitstimmen,Die PARTEI,13,0.4708438971387179
08235033,"Bad Herrenalb, Stadt",Erststimmen,Die PARTEI,0,0.0
08235033,"Bad Herrenalb, Stadt",Zweitstimmen,Die PARTEI,16,0.42609853528628494
08235035,Höfen an der Enz,Erststimmen,Die PARTEI,0,0.0
08235035,Höfen an der Enz,Zweitstimmen,Die PARTEI,2,0.2509410288582183
08235046,"Nagold, Stadt",Erststimmen,Die PARTEI,0,0.0
08235046,"Nagold, Stadt",Zweitstimmen,Die PARTEI,35,0.3297842268915481
08235047,"Neubulach, Stadt",Erststimmen,Die PARTEI,0,0.0
08235047,"Neubulach, Stadt",Zweitstimmen,Die PARTEI,6,0.18148820326678766
08235050,Neuweiler,Erststimmen,Die PARTEI,0,0.0
08235050,Neuweiler,Zweitstimmen,Die PARTEI,7,0.3676470588235294
08235055,Oberreichenbach,Erststimmen,Die PARTEI,0,0.0
08235055,Oberreichenbach,Zweitstimmen,Die PARTEI,4,0.21413276231263384
08235057,Ostelsheim,Erststimmen,Die PARTEI,0,0.0
08235057,Ostelsheim,Zweitstimmen,Die PARTEI,10,0.6963788300835655
08235060,Rohrdorf,Erststimmen,Die PARTEI,0,0.0
08235060,Rohrdorf,Zweitstimmen,Die PARTEI,1,0.11350737797956867
08235065,Schömberg,Erststimmen,Die PARTEI,0,0.0
08235065,Schömberg,Zweitstimmen,Die PARTEI,14,0.3793010024383636
08235066,Simmersfeld,Erststimmen,Die PARTEI,0,0.0
08235066,Simmersfeld,Zweitstimmen,Die PARTEI,3,0.2356637863315004
08235067,Simmozheim,Erststimmen,Die PARTEI,0,0.0
08235067,Simmozheim,Zweitstimmen,Die PARTEI,6,0.3719776813391197
08235073,Unterreichenbach,Erststimmen,Die PARTEI,0,0.0
08235073,Unterreichenbach,Zweitstimmen,Die PARTEI,5,0.4389815627743635
08235079,"Bad Wildbad, Stadt",Erststimmen,Die PARTEI,0,0.0
08235079,"Bad Wildbad, Stadt",Zweitstimmen,Die PARTEI,18,0.41870202372644805
08235080,"Wildberg, Stadt",Erststimmen,Die PARTEI,0,0.0
08235080,"Wildberg, Stadt",Zweitstimmen,Die PARTEI,14,0.2508061626657112
08235084,"Bad Teinach-Zavelstein, Stadt",Erststimmen,Die PARTEI,0,0.0
08235084,"Bad Teinach-Zavelstein, Stadt",Zweitstimmen,Die PARTEI,2,0.11318619128466327
08235085,"Calw, Stadt",Erststimmen,Die PARTEI,0,0.0
08235085,"Calw, Stadt",Zweitstimmen,Die PARTEI,45,0.4240882103477523
08236004,Birkenfeld,Erststimmen,Die PARTEI,0,0.0
08236004,Birkenfeld,Zweitstimmen,Die PARTEI,17,0.3354380426203631
08236011,Eisingen,Erststimmen,Die PARTEI,0,0.0
08236011,Eisingen,Zweitstimmen,Die PARTEI,6,0.2545608824777259
08236013,Engelsbrand,Erststimmen,Die PARTEI,0,0.0
08236013,Engelsbrand,Zweitstimmen,Die PARTEI,5,0.20458265139116205
08236019,Friolzheim,Erststimmen,Die PARTEI,0,0.0
08236019,Friolzheim,Zweitstimmen,Die PARTEI,15,0.7129277566539924
08236025,"Heimsheim, Stadt",Erststimmen,Die PARTEI,0,0.0
08236025,"Heimsheim, Stadt",Zweitstimmen,Die PARTEI,11,0.41353383458646614
08236028,Illingen,Erststimmen,Die PARTEI,0,0.0
08236028,Illingen,Zweitstimmen,Die PARTEI,14,0.3501750875437719
08236030,Ispringen,Erststimmen,Die PARTEI,0,0.0
08236030,Ispringen,Zweitstimmen,Die PARTEI,15,0.5341880341880342
08236031,Kieselbronn,Erststimmen,Die PARTEI,0,0.0
08236031,Kieselbronn,Zweitstimmen,Die PARTEI,3,0.18656716417910446
08236033,"Knittlingen, Stadt",Erststimmen,Die PARTEI,0,0.0
08236033,"Knittlingen, Stadt",Zweitstimmen,Die PARTEI,28,0.7044025157232704
08236038,"Maulbronn, Stadt",Erststimmen,Die PARTEI,0,0.0
08236038,"Maulbronn, Stadt",Zweitstimmen,Die PARTEI,7,0.21387106630003055
08236039,Mönsheim,Erststimmen,Die PARTEI,0,0.0
08236039,Mönsheim,Zweitstimmen,Die PARTEI,7,0.44303797468354433
08236040,"Mühlacker, Stadt",Erststimmen,Die PARTEI,0,0.0
08236040,"Mühlacker, Stadt",Zweitstimmen,Die PARTEI,36,0.3344170924291686
08236043,"Neuenbürg, Stadt",Erststimmen,Die PARTEI,0,0.0
08236043,"Neuenbürg, Stadt",Zweitstimmen,Die PARTEI,22,0.5962059620596206
08236044,Neuhausen,Erststimmen,Die PARTEI,0,0.0
08236044,Neuhausen,Zweitstimmen,Die PARTEI,12,0.39344262295081966
08236046,Niefern-Öschelbronn,Erststimmen,Die PARTEI,0,0.0
08236046,Niefern-Öschelbronn,Zweitstimmen,Die PARTEI,17,0.3041689032027196
08236050,Ötisheim,Erststimmen,Die PARTEI,0,0.0
08236050,Ötisheim,Zweitstimmen,Die PARTEI,6,0.23594180102241447
08236061,Sternenfels,Erststimmen,Die PARTEI,0,0.0
08236061,Sternenfels,Zweitstimmen,Die PARTEI,11,0.7069408740359897
08236062,Tiefenbronn,Erststimmen,Die PARTEI,0,0.0
08236062,Tiefenbronn,Zweitstimmen,Die PARTEI,14,0.4351880634131178
08236065,Wiernsheim,Erststimmen,Die PARTEI,0,0.0
08236065,Wiernsheim,Zweitstimmen,Die PARTEI,16,0.41644976574700676
08236067,Wimsheim,Erststimmen,Die PARTEI,0,0.0
08236067,Wimsheim,Zweitstimmen,Die PARTEI,7,0.42997542997543
08236068,Wurmberg,Erststimmen,Die PARTEI,0,0.0
08236068,Wurmberg,Zweitstimmen,Die PARTEI,5,0.3067484662576687
08236070,Keltern,Erststimmen,Die PARTEI,0,0.0
08236070,Keltern,Zweitstimmen,Die PARTEI,22,0.41872858774267224
08236071,Remchingen,Erststimmen,Die PARTEI,0,0.0
08236071,Remchingen,Zweitstimmen,Die PARTEI,31,0.47832124672118503
08236072,Straubenhardt,Erststimmen,Die PARTEI,0,0.0
08236072,Straubenhardt,Zweitstimmen,Die PARTEI,17,0.2768278781957336
08236073,Neulingen,Erststimmen,Die PARTEI,0,0.0
08236073,Neulingen,Zweitstimmen,Die PARTEI,18,0.487012987012987
08236074,Kämpfelbach,Erststimmen,Die PARTEI,0,0.0
08236074,Kämpfelbach,Zweitstimmen,Die PARTEI,16,0.44580663137364174
08236075,Ölbronn-Dürrn,Erststimmen,Die PARTEI,0,0.0
08236075,Ölbronn-Dürrn,Zweitstimmen,Die PARTEI,3,0.15306122448979592
08236076,Königsbach-Stein,Erststimmen,Die PARTEI,0,0.0
08236076,Königsbach-Stein,Zweitstimmen,Die PARTEI,30,0.5379236148466917
08237002,"Alpirsbach, Stadt",Erststimmen,Die PARTEI,0,0.0
08237002,"Alpirsbach, Stadt",Zweitstimmen,Die PARTEI,12,0.3867225265871737
08237004,Baiersbronn,Erststimmen,Die PARTEI,0,0.0
08237004,Baiersbronn,Zweitstimmen,Die PARTEI,13,0.17541492376197543
08237019,"Dornstetten, Stadt",Erststimmen,Die PARTEI,0,0.0
08237019,"Dornstetten, Stadt",Zweitstimmen,Die PARTEI,14,0.34559368057269807
08237024,Empfingen,Erststimmen,Die PARTEI,0,0.0
08237024,Empfingen,Zweitstimmen,Die PARTEI,4,0.1799370220422852
08237027,Eutingen im Gäu,Erststimmen,Die PARTEI,0,0.0
08237027,Eutingen im Gäu,Zweitstimmen,Die PARTEI,10,0.2972651605231867
08237028,"Freudenstadt, Stadt",Erststimmen,Die PARTEI,0,0.0
08237028,"Freudenstadt, Stadt",Zweitstimmen,Die PARTEI,33,0.30564045568213394
08237030,Glatten,Erststimmen,Die PARTEI,0,0.0
08237030,Glatten,Zweitstimmen,Die PARTEI,3,0.21156558533145275
08237032,Grömbach,Erststimmen,Die PARTEI,0,0.0
08237032,Grömbach,Zweitstimmen,Die PARTEI,1,0.37735849056603776
08237040,"Horb am Neckar, Stadt",Erststimmen,Die PARTEI,0,0.0
08237040,"Horb am Neckar, Stadt",Zweitstimmen,Die PARTEI,38,0.3037084398976982
08237045,Loßburg,Erststimmen,Die PARTEI,0,0.0
08237045,Loßburg,Zweitstimmen,Die PARTEI,11,0.24564537740062528
08237054,Pfalzgrafenweiler,Erststimmen,Die PARTEI,0,0.0
08237054,Pfalzgrafenweiler,Zweitstimmen,Die PARTEI,6,0.16393442622950818
08237061,Schopfloch,Erststimmen,Die PARTEI,0,0.0
08237061,Schopfloch,Zweitstimmen,Die PARTEI,4,0.25624599615631005
08237072,Wörnersberg,Erststimmen,Die PARTEI,0,0.0
08237072,Wörnersberg,Zweitstimmen,Die PARTEI,0,0.0
08237073,Seewald,Erststimmen,Die PARTEI,0,0.0
08237073,Seewald,Zweitstimmen,Die PARTEI,5,0.4230118443316413
08237074,Waldachtal,Erststimmen,Die PARTEI,0,0.0
08237074,Waldachtal,Zweitstimmen,Die PARTEI,8,0.2486016159105034
08237075,Bad Rippoldsau-Schapbach,Erststimmen,Die PARTEI,0,0.0
08237075,Bad Rippoldsau-Schapbach,Zweitstimmen,Die PARTEI,1,0.08006405124099279
08316002,Bahlingen am Kaiserstuhl,Erststimmen,Die PARTEI,22,0.8507347254447023
08316002,Bahlingen am Kaiserstuhl,Zweitstimmen,Die PARTEI,11,0.4242190512919399
08316003,Biederbach,Erststimmen,Die PARTEI,3,0.29239766081871343
08316003,Biederbach,Zweitstimmen,Die PARTEI,2,0.19455252918287938
08316009,Denzlingen,Erststimmen,Die PARTEI,77,1.0484749455337692
08316009,Denzlingen,Zweitstimmen,Die PARTEI,30,0.4075533215595707
08316010,"Elzach, Stadt",Erststimmen,Die PARTEI,20,0.4665267086540704
08316010,"Elzach, Stadt",Zweitstimmen,Die PARTEI,9,0.20959478341872378
08316011,"Emmendingen, Stadt",Erststimmen,Die PARTEI,230,1.636195489791563
08316011,"Emmendingen, Stadt",Zweitstimmen,Die PARTEI,113,0.8025568181818182
08316012,"Endingen am Kaiserstuhl, Stadt",Erststimmen,Die PARTEI,68,1.1815812337098175
08316012,"Endingen am Kaiserstuhl, Stadt",Zweitstimmen,Die PARTEI,28,0.4861111111111111
08316013,Forchheim,Erststimmen,Die PARTEI,7,0.8454106280193237
08316013,Forchheim,Zweitstimmen,Die PARTEI,5,0.6045949214026602
08316014,Gutach im Breisgau,Erststimmen,Die PARTEI,32,1.2144212523719164
08316014,Gutach im Breisgau,Zweitstimmen,Die PARTEI,17,0.6451612903225806
08316017,"Herbolzheim, Stadt",Erststimmen,Die PARTEI,49,0.9315589353612166
08316017,"Herbolzheim, Stadt",Zweitstimmen,Die PARTEI,28,0.5308056872037914
08316020,"Kenzingen, Stadt",Erststimmen,Die PARTEI,65,1.1686443725278677
08316020,"Kenzingen, Stadt",Zweitstimmen,Die PARTEI,34,0.6096467634929172
08316024,Malterdingen,Erststimmen,Die PARTEI,22,1.157285639137296
08316024,Malterdingen,Zweitstimmen,Die PARTEI,8,0.42038885969521805
08316036,Reute,Erststimmen,Die PARTEI,13,0.7492795389048991
08316036,Reute,Zweitstimmen,Die PARTEI,6,0.3448275862068966
08316037,Riegel am Kaiserstuhl,Erststimmen,Die PARTEI,23,1.1363636363636365
08316037,Riegel am Kaiserstuhl,Zweitstimmen,Die PARTEI,10,0.49504950495049505
08316038,Sasbach am Kaiserstuhl,Erststimmen,Die PARTEI,21,1.024390243902439
08316038,Sasbach am Kaiserstuhl,Zweitstimmen,Die PARTEI,4,0.19474196689386564
08316039,Sexau,Erststimmen,Die PARTEI,17,0.8076009501187649
08316039,Sexau,Zweitstimmen,Die PARTEI,13,0.6161137440758294
08316042,Simonswald,Erststimmen,Die PARTEI,14,0.7878446820483961
08316042,Simonswald,Zweitstimmen,Die PARTEI,12,0.6772009029345373
08316043,Teningen,Erststimmen,Die PARTEI,78,1.21875
08316043,Teningen,Zweitstimmen,Die PARTEI,58,0.9028642590286425
08316045,Vörstetten,Erststimmen,Die PARTEI,14,0.7391763463569165
08316045,Vörstetten,Zweitstimmen,Die PARTEI,6,0.31678986272439286
08316049,Weisweil,Erststimmen,Die PARTEI,12,0.9607686148919135
08316049,Weisweil,Zweitstimmen,Die PARTEI,8,0.64
08316051,Wyhl am Kaiserstuhl,Erststimmen,Die PARTEI,21,1.0144927536231882
08316051,Wyhl am Kaiserstuhl,Zweitstimmen,Die PARTEI,11,0.5314009661835749
08316053,Rheinhausen im Breisgau,Erststimmen,Die PARTEI,14,0.6200177147918512
08316053,Rheinhausen im Breisgau,Zweitstimmen,Die PARTEI,8,0.35211267605633806
08316054,Freiamt,Erststimmen,Die PARTEI,18,0.7174172977281785
08316054,Freiamt,Zweitstimmen,Die PARTEI,15,0.5973715651135006
08316055,Winden im Elztal,Erststimmen,Die PARTEI,12,0.7357449417535254
08316055,Winden im Elztal,Zweitstimmen,Die PARTEI,6,0.36719706242350064
08316056,"Waldkirch, Stadt",Erststimmen,Die PARTEI,136,1.2072791833111407
08316056,"Waldkirch, Stadt",Zweitstimmen,Die PARTEI,58,0.5139110402268298
08325001,Aichhalden,Erststimmen,Die PARTEI,0,0.0
08325001,Aichhalden,Zweitstimmen,Die PARTEI,4,0.1569242840329541
08325009,Bösingen,Erststimmen,Die PARTEI,0,0.0
08325009,Bösingen,Zweitstimmen,Die PARTEI,2,0.09675858732462506
08325011,Dietingen,Erststimmen,Die PARTEI,0,0.0
08325011,Dietingen,Zweitstimmen,Die PARTEI,6,0.2518891687657431
08325012,"Dornhan, Stadt",Erststimmen,Die PARTEI,0,0.0
08325012,"Dornhan, Stadt",Zweitstimmen,Die PARTEI,3,0.08363534987454697
08325014,Dunningen,Erststimmen,Die PARTEI,0,0.0
08325014,Dunningen,Zweitstimmen,Die PARTEI,10,0.26896180742334586
08325015,Epfendorf,Erststimmen,Die PARTEI,0,0.0
08325015,Epfendorf,Zweitstimmen,Die PARTEI,1,0.05534034311012728
08325024,Hardt,Erststimmen,Die PARTEI,0,0.0
08325024,Hardt,Zweitstimmen,Die PARTEI,7,0.42016806722689076
08325036,Lauterbach,Erststimmen,Die PARTEI,0,0.0
08325036,Lauterbach,Zweitstimmen,Die PARTEI,1,0.06711409395973154
08325045,"Oberndorf am Neckar, Stadt",Erststimmen,Die PARTEI,0,0.0
08325045,"Oberndorf am Neckar, Stadt",Zweitstimmen,Die PARTEI,23,0.35903840149859506
08325049,"Rottweil, Stadt",Erststimmen,Die PARTEI,0,0.0
08325049,"Rottweil, Stadt",Zweitstimmen,Die PARTEI,38,0.31543122769154147
08325050,Schenkenzell,Erststimmen,Die PARTEI,0,0.0
08325050,Schenkenzell,Zweitstimmen,Die PARTEI,1,0.09633911368015415
08325051,"Schiltach, Stadt",Erststimmen,Die PARTEI,0,0.0
08325051,"Schiltach, Stadt",Zweitstimmen,Die PARTEI,9,0.4446640316205534
08325053,"Schramberg, Stadt",Erststimmen,Die PARTEI,0,0.0
08325053,"Schramberg, Stadt",Zweitstimmen,Die PARTEI,26,0.27627244713632987
08325057,"Sulz am Neckar, Stadt",Erststimmen,Die PARTEI,0,0.0
08325057,"Sulz am Neckar, Stadt",Zweitstimmen,Die PARTEI,17,0.27503640187671896
08325060,Villingendorf,Erststimmen,Die PARTEI,0,0.0
08325060,Villingendorf,Zweitstimmen,Die PARTEI,1,0.05254860746190226
08325061,Vöhringen,Erststimmen,Die PARTEI,0,0.0
08325061,Vöhringen,Zweitstimmen,Die PARTEI,6,0.25477707006369427
08325064,Wellendingen,Erststimmen,Die PARTEI,0,0.0
08325064,Wellendingen,Zweitstimmen,Die PARTEI,4,0.24096385542168677
08325069,Zimmern ob Rottweil,Erststimmen,Die PARTEI,0,0.0
08325069,Zimmern ob Rottweil,Zweitstimmen,Die PARTEI,15,0.4484304932735426
08325070,Fluorn-Winzeln,Erststimmen,Die PARTEI,0,0.0
08325070,Fluorn-Winzeln,Zweitstimmen,Die PARTEI,3,0.16741071428571427
08325071,Eschbronn,Erststimmen,Die PARTEI,0,0.0
08325071,Eschbronn,Zweitstimmen,Die PARTEI,4,0.31323414252153486
08325072,Deißlingen,Erststimmen,Die PARTEI,0,0.0
08325072,Deißlingen,Zweitstimmen,Die PARTEI,13,0.40260142458965625
08326003,"Bad Dürrheim, Stadt",Erststimmen,Die PARTEI,0,0.0
08326003,"Bad Dürrheim, Stadt",Zweitstimmen,Die PARTEI,19,0.2790834312573443
08326005,"Blumberg, Stadt",Erststimmen,Die PARTEI,0,0.0
08326005,"Blumberg, Stadt",Zweitstimmen,Die PARTEI,11,0.2503983610289096
08326006,"Bräunlingen, Stadt",Erststimmen,Die PARTEI,0,0.0
08326006,"Bräunlingen, Stadt",Zweitstimmen,Die PARTEI,8,0.2537266095781795
08326010,Dauchingen,Erststimmen,Die PARTEI,0,0.0
08326010,Dauchingen,Zweitstimmen,Die PARTEI,6,0.2859866539561487
08326012,"Donaueschingen, Stadt",Erststimmen,Die PARTEI,0,0.0
08326012,"Donaueschingen, Stadt",Zweitstimmen,Die PARTEI,36,0.3416532219796906
08326017,"Furtwangen im Schwarzwald, Stadt",Erststimmen,Die PARTEI,0,0.0
08326017,"Furtwangen im Schwarzwald, Stadt",Zweitstimmen,Die PARTEI,24,0.6012024048096193
08326020,Gütenbach,Erststimmen,Die PARTEI,0,0.0
08326020,Gütenbach,Zweitstimmen,Die PARTEI,0,0.0
08326027,"Hüfingen, Stadt",Erststimmen,Die PARTEI,0,0.0
08326027,"Hüfingen, Stadt",Zweitstimmen,Die PARTEI,13,0.3290306251581878
08326031,Königsfeld im Schwarzwald,Erststimmen,Die PARTEI,0,0.0
08326031,Königsfeld im Schwarzwald,Zweitstimmen,Die PARTEI,11,0.311614730878187
08326037,Mönchweiler,Erststimmen,Die PARTEI,0,0.0
08326037,Mönchweiler,Zweitstimmen,Die PARTEI,6,0.3618817852834741
08326041,Niedereschach,Erststimmen,Die PARTEI,0,0.0
08326041,Niedereschach,Zweitstimmen,Die PARTEI,9,0.27035145689396217
08326052,"St. Georgen im Schwarzwald, Stadt",Erststimmen,Die PARTEI,0,0.0
08326052,"St. Georgen im Schwarzwald, Stadt",Zweitstimmen,Die PARTEI,21,0.34041173609985415
08326054,Schönwald im Schwarzwald,Erststimmen,Die PARTEI,0,0.0
08326054,Schönwald im Schwarzwald,Zweitstimmen,Die PARTEI,6,0.45214770158251694
08326055,Schonach im Schwarzwald,Erststimmen,Die PARTEI,0,0.0
08326055,Schonach im Schwarzwald,Zweitstimmen,Die PARTEI,4,0.18984337921214997
08326060,"Triberg im Schwarzwald, Stadt",Erststimmen,Die PARTEI,0,0.0
08326060,"Triberg im Schwarzwald, Stadt",Zweitstimmen,Die PARTEI,3,0.16759776536312848
08326061,Tuningen,Erststimmen,Die PARTEI,0,0.0
08326061,Tuningen,Zweitstimmen,Die PARTEI,6,0.36014405762304924
08326065,Unterkirnach,Erststimmen,Die PARTEI,0,0.0
08326065,Unterkirnach,Zweitstimmen,Die PARTEI,4,0.3187250996015936
08326068,"Vöhrenbach, Stadt",Erststimmen,Die PARTEI,0,0.0
08326068,"Vöhrenbach, Stadt",Zweitstimmen,Die PARTEI,2,0.11862396204033215
08326074,"Villingen-Schwenningen, Stadt",Erststimmen,Die PARTEI,0,0.0
08326074,"Villingen-Schwenningen, Stadt",Zweitstimmen,Die PARTEI,136,0.38768529076396807
08326075,Brigachtal,Erststimmen,Die PARTEI,0,0.0
08326075,Brigachtal,Zweitstimmen,Die PARTEI,10,0.34118048447628796
08327002,Aldingen,Erststimmen,Die PARTEI,0,0.0
08327002,Aldingen,Zweitstimmen,Die PARTEI,13,0.401854714064915
08327004,Bärenthal,Erststimmen,Die PARTEI,0,0.0
08327004,Bärenthal,Zweitstimmen,Die PARTEI,0,0.0
08327005,Balgheim,Erststimmen,Die PARTEI,0,0.0
08327005,Balgheim,Zweitstimmen,Die PARTEI,1,0.14204545454545456
08327006,Böttingen,Erststimmen,Die PARTEI,0,0.0
08327006,Böttingen,Zweitstimmen,Die PARTEI,1,0.12330456226880394
08327007,Bubsheim,Erststimmen,Die PARTEI,0,0.0
08327007,Bubsheim,Zweitstimmen,Die PARTEI,1,0.18018018018018017
08327008,Buchheim,Erststimmen,Die PARTEI,0,0.0
08327008,Buchheim,Zweitstimmen,Die PARTEI,1,0.22123893805309736
08327009,Deilingen,Erststimmen,Die PARTEI,0,0.0
08327009,Deilingen,Zweitstimmen,Die PARTEI,2,0.2098635886673662
08327010,Denkingen,Erststimmen,Die PARTEI,0,0.0
08327010,Denkingen,Zweitstimmen,Die PARTEI,8,0.5405405405405406
08327011,Dürbheim,Erststimmen,Die PARTEI,0,0.0
08327011,Dürbheim,Zweitstimmen,Die PARTEI,3,0.30895983522142123
08327012,Durchhausen,Erststimmen,Die PARTEI,0,0.0
08327012,Durchhausen,Zweitstimmen,Die PARTEI,4,0.7561436672967864
08327013,Egesheim,Erststimmen,Die PARTEI,0,0.0
08327013,Egesheim,Zweitstimmen,Die PARTEI,0,0.0
08327016,"Fridingen an der Donau, Stadt",Erststimmen,Die PARTEI,0,0.0
08327016,"Fridingen an der Donau, Stadt",Zweitstimmen,Die PARTEI,4,0.23880597014925373
08327017,Frittlingen,Erststimmen,Die PARTEI,0,0.0
08327017,Frittlingen,Zweitstimmen,Die PARTEI,7,0.642791551882461
08327018,"Geisingen, Stadt",Erststimmen,Die PARTEI,0,0.0
08327018,"Geisingen, Stadt",Zweitstimmen,Die PARTEI,18,0.5982053838484547
08327019,Gosheim,Erststimmen,Die PARTEI,0,0.0
08327019,Gosheim,Zweitstimmen,Die PARTEI,12,0.6924408540103866
08327020,Gunningen,Erststimmen,Die PARTEI,0,0.0
08327020,Gunningen,Zweitstimmen,Die PARTEI,1,0.24449877750611246
08327023,Hausen ob Verena,Erststimmen,Die PARTEI,0,0.0
08327023,Hausen ob Verena,Zweitstimmen,Die PARTEI,2,0.4098360655737705
08327025,Immendingen,Erststimmen,Die PARTEI,0,0.0
08327025,Immendingen,Zweitstimmen,Die PARTEI,12,0.3953871499176277
08327027,Irndorf,Erststimmen,Die PARTEI,0,0.0
08327027,Irndorf,Zweitstimmen,Die PARTEI,0,0.0
08327029,Königsheim,Erststimmen,Die PARTEI,0,0.0
08327029,Königsheim,Zweitstimmen,Die PARTEI,0,0.0
08327030,Kolbingen,Erststimmen,Die PARTEI,0,0.0
08327030,Kolbingen,Zweitstimmen,Die PARTEI,1,0.130718954248366
08327033,Mahlstetten,Erststimmen,Die PARTEI,0,0.0
08327033,Mahlstetten,Zweitstimmen,Die PARTEI,3,0.6237006237006237
08327036,"Mühlheim an der Donau, Stadt",Erststimmen,Die PARTEI,0,0.0
08327036,"Mühlheim an der Donau, Stadt",Zweitstimmen,Die PARTEI,5,0.2471576866040534
08327038,Neuhausen ob Eck,Erststimmen,Die PARTEI,0,0.0
08327038,Neuhausen ob Eck,Zweitstimmen,Die PARTEI,10,0.5197505197505198
08327040,Reichenbach am Heuberg,Erststimmen,Die PARTEI,0,0.0
08327040,Reichenbach am Heuberg,Zweitstimmen,Die PARTEI,2,0.9090909090909091
08327041,Renquishausen,Erststimmen,Die PARTEI,0,0.0
08327041,Renquishausen,Zweitstimmen,Die PARTEI,1,0.19960079840319359
08327046,"Spaichingen, Stadt",Erststimmen,Die PARTEI,0,0.0
08327046,"Spaichingen, Stadt",Zweitstimmen,Die PARTEI,26,0.4497491783428472
08327048,Talheim,Erststimmen,Die PARTEI,0,0.0
08327048,Talheim,Zweitstimmen,Die PARTEI,4,0.5563282336578581
08327049,"Trossingen, Stadt",Erststimmen,Die PARTEI,0,0.0
08327049,"Trossingen, Stadt",Zweitstimmen,Die PARTEI,16,0.24657112035752815
08327050,"Tuttlingen, Stadt",Erststimmen,Die PARTEI,0,0.0
08327050,"Tuttlingen, Stadt",Zweitstimmen,Die PARTEI,58,0.44601661027376194
08327051,Wehingen,Erststimmen,Die PARTEI,0,0.0
08327051,Wehingen,Zweitstimmen,Die PARTEI,5,0.32278889606197547
08327054,Wurmlingen,Erststimmen,Die PARTEI,0,0.0
08327054,Wurmlingen,Zweitstimmen,Die PARTEI,4,0.18570102135561745
08327055,Seitingen-Oberflacht,Erststimmen,Die PARTEI,0,0.0
08327055,Seitingen-Oberflacht,Zweitstimmen,Die PARTEI,3,0.22900763358778628
08327056,Rietheim-Weilheim,Erststimmen,Die PARTEI,0,0.0
08327056,Rietheim-Weilheim,Zweitstimmen,Die PARTEI,7,0.4851004851004851
08327057,Emmingen-Liptingen,Erststimmen,Die PARTEI,0,0.0
08327057,Emmingen-Liptingen,Zweitstimmen,Die PARTEI,7,0.2670736360167875
08336004,Aitern,Erststimmen,Die PARTEI,0,0.0
08336004,Aitern,Zweitstimmen,Die PARTEI,1,0.32573289902280134
08336006,Bad Bellingen,Erststimmen,Die PARTEI,0,0.0
08336006,Bad Bellingen,Zweitstimmen,Die PARTEI,6,0.2779064381658175
08336008,Binzen,Erststimmen,Die PARTEI,0,0.0
08336008,Binzen,Zweitstimmen,Die PARTEI,5,0.30413625304136255
08336010,Böllen,Erststimmen,Die PARTEI,0,0.0
08336010,Böllen,Zweitstimmen,Die PARTEI,0,0.0
08336014,Efringen-Kirchen,Erststimmen,Die PARTEI,0,0.0
08336014,Efringen-Kirchen,Zweitstimmen,Die PARTEI,23,0.4801670146137787
08336019,Eimeldingen,Erststimmen,Die PARTEI,0,0.0
08336019,Eimeldingen,Zweitstimmen,Die PARTEI,6,0.46439628482972134
08336024,Fischingen,Erststimmen,Die PARTEI,0,0.0
08336024,Fischingen,Zweitstimmen,Die PARTEI,4,0.9569377990430622
08336025,Fröhnd,Erststimmen,Die PARTEI,0,0.0
08336025,Fröhnd,Zweitstimmen,Die PARTEI,0,0.0
08336034,Hasel,Erststimmen,Die PARTEI,0,0.0
08336034,Hasel,Zweitstimmen,Die PARTEI,2,0.32786885245901637
08336036,Hausen im Wiesental,Erststimmen,Die PARTEI,0,0.0
08336036,Hausen im Wiesental,Zweitstimmen,Die PARTEI,3,0.24469820554649263
08336043,Inzlingen,Erststimmen,Die PARTEI,0,0.0
08336043,Inzlingen,Zweitstimmen,Die PARTEI,2,0.15026296018031557
08336050,"Lörrach, Stadt",Erststimmen,Die PARTEI,0,0.0
08336050,"Lörrach, Stadt",Zweitstimmen,Die PARTEI,88,0.4279947473371917
08336057,Maulburg,Erststimmen,Die PARTEI,0,0.0
08336057,Maulburg,Zweitstimmen,Die PARTEI,12,0.5985037406483791
08336069,"Rheinfelden (Baden), Stadt",Erststimmen,Die PARTEI,0,0.0
08336069,"Rheinfelden (Baden), Stadt",Zweitstimmen,Die PARTEI,45,0.32991202346041054
08336073,Rümmingen,Erststimmen,Die PARTEI,0,0.0
08336073,Rümmingen,Zweitstimmen,Die PARTEI,8,0.8556149732620321
08336075,Schallbach,Erststimmen,Die PARTEI,0,0.0
08336075,Schallbach,Zweitstimmen,Die PARTEI,1,0.2070393374741201
08336079,"Schönau im Schwarzwald, Stadt",Erststimmen,Die PARTEI,0,0.0
08336079,"Schönau im Schwarzwald, Stadt",Zweitstimmen,Die PARTEI,4,0.6153846153846154
08336080,Schönenberg,Erststimmen,Die PARTEI,0,0.0
08336080,Schönenberg,Zweitstimmen,Die PARTEI,0,0.0
08336081,"Schopfheim, Stadt",Erststimmen,Die PARTEI,0,0.0
08336081,"Schopfheim, Stadt",Zweitstimmen,Die PARTEI,40,0.4260304611779743
08336082,Schwörstadt,Erststimmen,Die PARTEI,0,0.0
08336082,Schwörstadt,Zweitstimmen,Die PARTEI,1,0.08488964346349745
08336084,Steinen,Erststimmen,Die PARTEI,0,0.0
08336084,Steinen,Zweitstimmen,Die PARTEI,21,0.39355322338830584
08336087,"Todtnau, Stadt",Erststimmen,Die PARTEI,0,0.0
08336087,"Todtnau, Stadt",Zweitstimmen,Die PARTEI,7,0.27944111776447106
08336089,Tunau,Erststimmen,Die PARTEI,0,0.0
08336089,Tunau,Zweitstimmen,Die PARTEI,0,0.0
08336090,Utzenfeld,Erststimmen,Die PARTEI,0,0.0
08336090,Utzenfeld,Zweitstimmen,Die PARTEI,1,0.2915451895043732
08336091,"Weil am Rhein, Stadt",Erststimmen,Die PARTEI,0,0.0
08336091,"Weil am Rhein, Stadt",Zweitstimmen,Die PARTEI,46,0.39188958936786505
08336094,Wembach,Erststimmen,Die PARTEI,0,0.0
08336094,Wembach,Zweitstimmen,Die PARTEI,0,0.0
08336096,Wieden,Erststimmen,Die PARTEI,0,0.0
08336096,Wieden,Zweitstimmen,Die PARTEI,1,0.2932551319648094
08336100,Wittlingen,Erststimmen,Die PARTEI,0,0.0
08336100,Wittlingen,Zweitstimmen,Die PARTEI,2,0.3731343283582089
08336103,"Zell im Wiesental, Stadt",Erststimmen,Die PARTEI,0,0.0
08336103,"Zell im Wiesental, Stadt",Zweitstimmen,Die PARTEI,9,0.35629453681710216
08336105,Grenzach-Wyhlen,Erststimmen,Die PARTEI,0,0.0
08336105,Grenzach-Wyhlen,Zweitstimmen,Die PARTEI,40,0.6489292667099287
08336106,Häg-Ehrsberg,Erststimmen,Die PARTEI,0,0.0
08336106,Häg-Ehrsberg,Zweitstimmen,Die PARTEI,1,0.20325203252032523
08336107,Kleines Wiesental,Erststimmen,Die PARTEI,0,0.0
08336107,Kleines Wiesental,Zweitstimmen,Die PARTEI,10,0.6049606775559588
08337002,Albbruck,Erststimmen,Die PARTEI,0,0.0
08337002,Albbruck,Zweitstimmen,Die PARTEI,14,0.37614185921547555
08337030,Dettighofen,Erststimmen,Die PARTEI,0,0.0
08337030,Dettighofen,Zweitstimmen,Die PARTEI,2,0.35149384885764495
08337032,Dogern,Erststimmen,Die PARTEI,0,0.0
08337032,Dogern,Zweitstimmen,Die PARTEI,8,0.6557377049180327
08337038,Görwihl,Erststimmen,Die PARTEI,0,0.0
08337038,Görwihl,Zweitstimmen,Die PARTEI,5,0.20824656393169513
08337049,Herrischried,Erststimmen,Die PARTEI,0,0.0
08337049,Herrischried,Zweitstimmen,Die PARTEI,6,0.4434589800443459
08337053,Hohentengen am Hochrhein,Erststimmen,Die PARTEI,0,0.0
08337053,Hohentengen am Hochrhein,Zweitstimmen,Die PARTEI,7,0.3715498938428875
08337060,Jestetten,Erststimmen,Die PARTEI,0,0.0
08337060,Jestetten,Zweitstimmen,Die PARTEI,10,0.47984644913627633
08337062,Klettgau,Erststimmen,Die PARTEI,0,0.0
08337062,Klettgau,Zweitstimmen,Die PARTEI,12,0.3292181069958848
08337065,Lauchringen,Erststimmen,Die PARTEI,0,0.0
08337065,Lauchringen,Zweitstimmen,Die PARTEI,10,0.26874496103198064
08337066,"Laufenburg (Baden), Stadt",Erststimmen,Die PARTEI,0,0.0
08337066,"Laufenburg (Baden), Stadt",Zweitstimmen,Die PARTEI,16,0.428380187416332
08337070,Lottstetten,Erststimmen,Die PARTEI,0,0.0
08337070,Lottstetten,Zweitstimmen,Die PARTEI,2,0.22246941045606228
08337076,Murg,Erststimmen,Die PARTEI,0,0.0
08337076,Murg,Zweitstimmen,Die PARTEI,12,0.3758221108675227
08337090,Rickenbach,Erststimmen,Die PARTEI,0,0.0
08337090,Rickenbach,Zweitstimmen,Die PARTEI,9,0.42452830188679247
08337096,"Bad Säckingen, Stadt",Erststimmen,Die PARTEI,0,0.0
08337096,"Bad Säckingen, Stadt",Zweitstimmen,Die PARTEI,24,0.33477472450829965
08337106,"Stühlingen, Stadt",Erststimmen,Die PARTEI,0,0.0
08337106,"Stühlingen, Stadt",Zweitstimmen,Die PARTEI,10,0.350754121360926
08337116,"Wehr, Stadt",Erststimmen,Die PARTEI,0,0.0
08337116,"Wehr, Stadt",Zweitstimmen,Die PARTEI,28,0.515179392824287
08337118,Weilheim,Erststimmen,Die PARTEI,0,0.0
08337118,Weilheim,Zweitstimmen,Die PARTEI,10,0.5184033177812338
08337123,Wutöschingen,Erststimmen,Die PARTEI,0,0.0
08337123,Wutöschingen,Zweitstimmen,Die PARTEI,12,0.37831021437578816
08337124,Eggingen,Erststimmen,Die PARTEI,0,0.0
08337124,Eggingen,Zweitstimmen,Die PARTEI,3,0.3215434083601286
08337125,Küssaberg,Erststimmen,Die PARTEI,0,0.0
08337125,Küssaberg,Zweitstimmen,Die PARTEI,6,0.2117148906139732
08337126,"Waldshut-Tiengen, Stadt",Erststimmen,Die PARTEI,0,0.0
08337126,"Waldshut-Tiengen, Stadt",Zweitstimmen,Die PARTEI,30,0.3156897821740503
08416006,Bodelshausen,Erststimmen,Die PARTEI,36,1.3626040878122634
08416006,Bodelshausen,Zweitstimmen,Die PARTEI,7,0.2656546489563567
08416009,Dettenhausen,Erststimmen,Die PARTEI,31,0.9727016002510198
08416009,Dettenhausen,Zweitstimmen,Die PARTEI,12,0.3761755485893417
08416018,Hirrlingen,Erststimmen,Die PARTEI,0,0.0
08416018,Hirrlingen,Zweitstimmen,Die PARTEI,4,0.22779043280182232
08416025,"Mössingen, Stadt",Erststimmen,Die PARTEI,109,1.0418658000382335
08416025,"Mössingen, Stadt",Zweitstimmen,Die PARTEI,49,0.4674234474864066
08416031,Ofterdingen,Erststimmen,Die PARTEI,21,0.7556675062972292
08416031,Ofterdingen,Zweitstimmen,Die PARTEI,5,0.17972681524083392
08416036,"Rottenburg am Neckar, Stadt",Erststimmen,Die PARTEI,195,0.8497102270251427
08416036,"Rottenburg am Neckar, Stadt",Zweitstimmen,Die PARTEI,86,0.37370182071003344
08416041,"Tübingen, Universitätsstadt",Erststimmen,Die PARTEI,478,0.9292198829727261
08416041,"Tübingen, Universitätsstadt",Zweitstimmen,Die PARTEI,207,0.4015752614119153
08416048,Ammerbuch,Erststimmen,Die PARTEI,64,0.955509107196178
08416048,Ammerbuch,Zweitstimmen,Die PARTEI,29,0.4319976165648741
08416049,Neustetten,Erststimmen,Die PARTEI,19,0.8945386064030132
08416049,Neustetten,Zweitstimmen,Die PARTEI,6,0.28142589118198874
08416050,Starzach,Erststimmen,Die PARTEI,0,0.0
08416050,Starzach,Zweitstimmen,Die PARTEI,11,0.42602633617350893
08417002,"Balingen, Stadt",Erststimmen,Die PARTEI,0,0.0
08417002,"Balingen, Stadt",Zweitstimmen,Die PARTEI,67,0.38161417098593153
08417008,Bisingen,Erststimmen,Die PARTEI,0,0.0
08417008,Bisingen,Zweitstimmen,Die PARTEI,17,0.3442689347914135
08417010,Bitz,Erststimmen,Die PARTEI,0,0.0
08417010,Bitz,Zweitstimmen,Die PARTEI,4,0.19733596447952642
08417014,Dautmergen,Erststimmen,Die PARTEI,0,0.0
08417014,Dautmergen,Zweitstimmen,Die PARTEI,1,0.3875968992248062
08417015,Dormettingen,Erststimmen,Die PARTEI,0,0.0
08417015,Dormettingen,Zweitstimmen,Die PARTEI,4,0.6825938566552902
08417016,Dotternhausen,Erststimmen,Die PARTEI,0,0.0
08417016,Dotternhausen,Zweitstimmen,Die PARTEI,1,0.09328358208955223
08417022,"Geislingen, Stadt",Erststimmen,Die PARTEI,0,0.0
08417022,"Geislingen, Stadt",Zweitstimmen,Die PARTEI,8,0.23696682464454977
08417023,Grosselfingen,Erststimmen,Die PARTEI,0,0.0
08417023,Grosselfingen,Zweitstimmen,Die PARTEI,6,0.5277044854881267
08417025,"Haigerloch, Stadt",Erststimmen,Die PARTEI,0,0.0
08417025,"Haigerloch, Stadt",Zweitstimmen,Die PARTEI,12,0.21071115013169445
08417029,Hausen am Tann,Erststimmen,Die PARTEI,0,0.0
08417029,Hausen am Tann,Zweitstimmen,Die PARTEI,0,0.0
08417044,"Meßstetten, Stadt",Erststimmen,Die PARTEI,0,0.0
08417044,"Meßstetten, Stadt",Zweitstimmen,Die PARTEI,24,0.4329785314811474
08417045,Nusplingen,Erststimmen,Die PARTEI,0,0.0
08417045,Nusplingen,Zweitstimmen,Die PARTEI,1,0.1002004008016032
08417047,Obernheim,Erststimmen,Die PARTEI,0,0.0
08417047,Obernheim,Zweitstimmen,Die PARTEI,3,0.3508771929824561
08417051,Rangendingen,Erststimmen,Die PARTEI,0,0.0
08417051,Rangendingen,Zweitstimmen,Die PARTEI,12,0.41914076143905
08417052,Ratshausen,Erststimmen,Die PARTEI,0,0.0
08417052,Ratshausen,Zweitstimmen,Die PARTEI,0,0.0
08417054,"Rosenfeld, Stadt",Erststimmen,Die PARTEI,0,0.0
08417054,"Rosenfeld, Stadt",Zweitstimmen,Die PARTEI,7,0.2008032128514056
08417057,"Schömberg, Stadt",Erststimmen,Die PARTEI,0,0.0
08417057,"Schömberg, Stadt",Zweitstimmen,Die PARTEI,5,0.22675736961451248
08417063,Straßberg,Erststimmen,Die PARTEI,0,0.0
08417063,Straßberg,Zweitstimmen,Die PARTEI,3,0.20935101186322402
08417071,Weilen unter den Rinnen,Erststimmen,Die PARTEI,0,0.0
08417071,Weilen unter den Rinnen,Zweitstimmen,Die PARTEI,0,0.0
08417075,Winterlingen,Erststimmen,Die PARTEI,0,0.0
08417075,Winterlingen,Zweitstimmen,Die PARTEI,8,0.24009603841536614
08417078,Zimmern unter der Burg,Erststimmen,Die PARTEI,0,0.0
08417078,Zimmern unter der Burg,Zweitstimmen,Die PARTEI,0,0.0
08417079,"Albstadt, Stadt",Erststimmen,Die PARTEI,0,0.0
08417079,"Albstadt, Stadt",Zweitstimmen,Die PARTEI,64,0.3402264632395938
08425002,Allmendingen,Erststimmen,Die PARTEI,0,0.0
08425002,Allmendingen,Zweitstimmen,Die PARTEI,4,0.1494209936496078
08425004,Altheim,Erststimmen,Die PARTEI,0,0.0
08425004,Altheim,Zweitstimmen,Die PARTEI,1,0.36363636363636365
08425005,Altheim (Alb),Erststimmen,Die PARTEI,0,0.0
08425005,Altheim (Alb),Zweitstimmen,Die PARTEI,4,0.3853564547206166
08425008,Amstetten,Erststimmen,Die PARTEI,0,0.0
08425008,Amstetten,Zweitstimmen,Die PARTEI,7,0.3173164097914778
08425011,Asselfingen,Erststimmen,Die PARTEI,0,0.0
08425011,Asselfingen,Zweitstimmen,Die PARTEI,0,0.0
08425013,Ballendorf,Erststimmen,Die PARTEI,0,0.0
08425013,Ballendorf,Zweitstimmen,Die PARTEI,1,0.3289473684210526
08425014,Beimerstetten,Erststimmen,Die PARTEI,0,0.0
08425014,Beimerstetten,Zweitstimmen,Die PARTEI,4,0.2826855123674912
08425017,Berghülen,Erststimmen,Die PARTEI,0,0.0
08425017,Berghülen,Zweitstimmen,Die PARTEI,8,0.6509357200976403
08425019,Bernstadt,Erststimmen,Die PARTEI,0,0.0
08425019,Bernstadt,Zweitstimmen,Die PARTEI,6,0.43478260869565216
08425020,"Blaubeuren, Stadt",Erststimmen,Die PARTEI,0,0.0
08425020,"Blaubeuren, Stadt",Zweitstimmen,Die PARTEI,16,0.26542800265428
08425022,Börslingen,Erststimmen,Die PARTEI,0,0.0
08425022,Börslingen,Zweitstimmen,Die PARTEI,0,0.0
08425024,Breitingen,Erststimmen,Die PARTEI,0,0.0
08425024,Breitingen,Zweitstimmen,Die PARTEI,1,0.7042253521126761
08425031,Dornstadt,Erststimmen,Die PARTEI,0,0.0
08425031,Dornstadt,Zweitstimmen,Die PARTEI,29,0.5932896890343698
08425033,"Ehingen (Donau), Stadt",Erststimmen,Die PARTEI,0,0.0
08425033,"Ehingen (Donau), Stadt",Zweitstimmen,Die PARTEI,39,0.3018342233573253
08425035,Emeringen,Erststimmen,Die PARTEI,0,0.0
08425035,Emeringen,Zweitstimmen,Die PARTEI,0,0.0
08425036,Emerkingen,Erststimmen,Die PARTEI,0,0.0
08425036,Emerkingen,Zweitstimmen,Die PARTEI,3,0.7874015748031495
08425050,Griesingen,Erststimmen,Die PARTEI,0,0.0
08425050,Griesingen,Zweitstimmen,Die PARTEI,1,0.21141649048625794
08425052,Grundsheim,Erststimmen,Die PARTEI,0,0.0
08425052,Grundsheim,Zweitstimmen,Die PARTEI,0,0.0
08425055,Hausen am Bussen,Erststimmen,Die PARTEI,0,0.0
08425055,Hausen am Bussen,Zweitstimmen,Die PARTEI,0,0.0
08425062,Holzkirch,Erststimmen,Die PARTEI,0,0.0
08425062,Holzkirch,Zweitstimmen,Die PARTEI,0,0.0
08425071,"Laichingen, Stadt",Erststimmen,Die PARTEI,0,0.0
08425071,"Laichingen, Stadt",Zweitstimmen,Die PARTEI,18,0.3046200710780166
08425072,"Langenau, Stadt",Erststimmen,Die PARTEI,0,0.0
08425072,"Langenau, Stadt",Zweitstimmen,Die PARTEI,29,0.3587333003463632
08425073,Lauterach,Erststimmen,Die PARTEI,0,0.0
08425073,Lauterach,Zweitstimmen,Die PARTEI,1,0.37174721189591076
08425075,Lonsee,Erststimmen,Die PARTEI,0,0.0
08425075,Lonsee,Zweitstimmen,Die PARTEI,3,0.10799136069114472
08425079,Merklingen,Erststimmen,Die PARTEI,0,0.0
08425079,Merklingen,Zweitstimmen,Die PARTEI,1,0.0831255195344971
08425081,"Munderkingen, Stadt",Erststimmen,Die PARTEI,0,0.0
08425081,"Munderkingen, Stadt",Zweitstimmen,Die PARTEI,5,0.22026431718061676
08425083,Neenstetten,Erststimmen,Die PARTEI,0,0.0
08425083,Neenstetten,Zweitstimmen,Die PARTEI,3,0.7211538461538461
08425084,Nellingen,Erststimmen,Die PARTEI,0,0.0
08425084,Nellingen,Zweitstimmen,Die PARTEI,9,0.6912442396313364
08425085,Nerenstetten,Erststimmen,Die PARTEI,0,0.0
08425085,Nerenstetten,Zweitstimmen,Die PARTEI,0,0.0
08425088,Oberdischingen,Erststimmen,Die PARTEI,0,0.0
08425088,Oberdischingen,Zweitstimmen,Die PARTEI,3,0.23364485981308408
08425090,Obermarchtal,Erststimmen,Die PARTEI,0,0.0
08425090,Obermarchtal,Zweitstimmen,Die PARTEI,3,0.3708281829419036
08425091,Oberstadion,Erststimmen,Die PARTEI,0,0.0
08425091,Oberstadion,Zweitstimmen,Die PARTEI,2,0.19743336623889435
08425092,Öllingen,Erststimmen,Die PARTEI,0,0.0
08425092,Öllingen,Zweitstimmen,Die PARTEI,0,0.0
08425093,Öpfingen,Erststimmen,Die PARTEI,0,0.0
08425093,Öpfingen,Zweitstimmen,Die PARTEI,4,0.31746031746031744
08425097,Rammingen,Erststimmen,Die PARTEI,0,0.0
08425097,Rammingen,Zweitstimmen,Die PARTEI,5,0.6544502617801047
08425098,Rechtenstein,Erststimmen,Die PARTEI,0,0.0
08425098,Rechtenstein,Zweitstimmen,Die PARTEI,0,0.0
08425104,Rottenacker,Erststimmen,Die PARTEI,0,0.0
08425104,Rottenacker,Zweitstimmen,Die PARTEI,1,0.08196721311475409
08425108,"Schelklingen, Stadt",Erststimmen,Die PARTEI,0,0.0
08425108,"Schelklingen, Stadt",Zweitstimmen,Die PARTEI,7,0.20521841102316035
08425112,Setzingen,Erststimmen,Die PARTEI,0,0.0
08425112,Setzingen,Zweitstimmen,Die PARTEI,5,1.466275659824047
08425123,Untermarchtal,Erststimmen,Die PARTEI,0,0.0
08425123,Untermarchtal,Zweitstimmen,Die PARTEI,0,0.0
08425124,Unterstadion,Erststimmen,Die PARTEI,0,0.0
08425124,Unterstadion,Zweitstimmen,Die PARTEI,1,0.22471910112359553
08425125,Unterwachingen,Erststimmen,Die PARTEI,0,0.0
08425125,Unterwachingen,Zweitstimmen,Die PARTEI,0,0.0
08425130,Weidenstetten,Erststimmen,Die PARTEI,0,0.0
08425130,Weidenstetten,Zweitstimmen,Die PARTEI,4,0.47393364928909953
08425134,Westerheim,Erststimmen,Die PARTEI,0,0.0
08425134,Westerheim,Zweitstimmen,Die PARTEI,8,0.4273504273504274
08425135,Westerstetten,Erststimmen,Die PARTEI,0,0.0
08425135,Westerstetten,Zweitstimmen,Die PARTEI,3,0.2259036144578313
08425139,Heroldstatt,Erststimmen,Die PARTEI,0,0.0
08425139,Heroldstatt,Zweitstimmen,Die PARTEI,6,0.3468208092485549
08426001,Achstetten,Erststimmen,Die PARTEI,0,0.0
08426001,Achstetten,Zweitstimmen,Die PARTEI,14,0.47393364928909953
08426005,Alleshausen,Erststimmen,Die PARTEI,0,0.0
08426005,Alleshausen,Zweitstimmen,Die PARTEI,0,0.0
08426006,Allmannsweiler,Erststimmen,Die PARTEI,0,0.0
08426006,Allmannsweiler,Zweitstimmen,Die PARTEI,0,0.0
08426008,Altheim,Erststimmen,Die PARTEI,0,0.0
08426008,Altheim,Zweitstimmen,Die PARTEI,6,0.468384074941452
08426011,Attenweiler,Erststimmen,Die PARTEI,0,0.0
08426011,Attenweiler,Zweitstimmen,Die PARTEI,3,0.2461033634126333
08426013,"Bad Buchau, Stadt",Erststimmen,Die PARTEI,0,0.0
08426013,"Bad Buchau, Stadt",Zweitstimmen,Die PARTEI,7,0.2583979328165375
08426014,"Bad Schussenried, Stadt",Erststimmen,Die PARTEI,0,0.0
08426014,"Bad Schussenried, Stadt",Zweitstimmen,Die PARTEI,14,0.3208801283520513
08426020,Betzenweiler,Erststimmen,Die PARTEI,0,0.0
08426020,Betzenweiler,Zweitstimmen,Die PARTEI,0,0.0
08426021,"Biberach an der Riß, Stadt",Erststimmen,Die PARTEI,0,0.0
08426021,"Biberach an der Riß, Stadt",Zweitstimmen,Die PARTEI,44,0.27103609708020204
08426028,Burgrieden,Erststimmen,Die PARTEI,0,0.0
08426028,Burgrieden,Zweitstimmen,Die PARTEI,13,0.5574614065180103
08426035,Dürmentingen,Erststimmen,Die PARTEI,0,0.0
08426035,Dürmentingen,Zweitstimmen,Die PARTEI,6,0.40540540540540543
08426036,Dürnau,Erststimmen,Die PARTEI,0,0.0
08426036,Dürnau,Zweitstimmen,Die PARTEI,0,0.0
08426038,Eberhardzell,Erststimmen,Die PARTEI,0,0.0
08426038,Eberhardzell,Zweitstimmen,Die PARTEI,14,0.521415270018622
08426043,Erlenmoos,Erststimmen,Die PARTEI,0,0.0
08426043,Erlenmoos,Zweitstimmen,Die PARTEI,6,0.5586592178770949
08426045,Ertingen,Erststimmen,Die PARTEI,0,0.0
08426045,Ertingen,Zweitstimmen,Die PARTEI,9,0.295955277869122
08426058,Hochdorf,Erststimmen,Die PARTEI,0,0.0
08426058,Hochdorf,Zweitstimmen,Die PARTEI,4,0.27605244996549344
08426062,Ingoldingen,Erststimmen,Die PARTEI,0,0.0
08426062,Ingoldingen,Zweitstimmen,Die PARTEI,9,0.47694753577106513
08426064,Kanzach,Erststimmen,Die PARTEI,0,0.0
08426064,Kanzach,Zweitstimmen,Die PARTEI,3,1.2244897959183674
08426067,Langenenslingen,Erststimmen,Die PARTEI,0,0.0
08426067,Langenenslingen,Zweitstimmen,Die PARTEI,8,0.3883495145631068
08426070,"Laupheim, Stadt",Erststimmen,Die PARTEI,0,0.0
08426070,"Laupheim, Stadt",Zweitstimmen,Die PARTEI,55,0.49478229578985244
08426071,Maselheim,Erststimmen,Die PARTEI,0,0.0
08426071,Maselheim,Zweitstimmen,Die PARTEI,6,0.22770398481973433
08426073,Mietingen,Erststimmen,Die PARTEI,0,0.0
08426073,Mietingen,Zweitstimmen,Die PARTEI,11,0.3799654576856649
08426074,Mittelbiberach,Erststimmen,Die PARTEI,0,0.0
08426074,Mittelbiberach,Zweitstimmen,Die PARTEI,10,0.38580246913580246
08426078,Moosburg,Erststimmen,Die PARTEI,0,0.0
08426078,Moosburg,Zweitstimmen,Die PARTEI,0,0.0
08426087,"Ochsenhausen, Stadt",Erststimmen,Die PARTEI,0,0.0
08426087,"Ochsenhausen, Stadt",Zweitstimmen,Die PARTEI,17,0.37420206911732334
08426090,Oggelshausen,Erststimmen,Die PARTEI,0,0.0
08426090,Oggelshausen,Zweitstimmen,Die PARTEI,1,0.31645569620253167
08426097,"Riedlingen, Stadt",Erststimmen,Die PARTEI,0,0.0
08426097,"Riedlingen, Stadt",Zweitstimmen,Die PARTEI,12,0.22671452862270924
08426108,Schwendi,Erststimmen,Die PARTEI,0,0.0
08426108,Schwendi,Zweitstimmen,Die PARTEI,8,0.21407546160021407
08426109,Seekirch,Erststimmen,Die PARTEI,0,0.0
08426109,Seekirch,Zweitstimmen,Die PARTEI,1,0.7194244604316548
08426113,Steinhausen an der Rottum,Erststimmen,Die PARTEI,0,0.0
08426113,Steinhausen an der Rottum,Zweitstimmen,Die PARTEI,4,0.2987303958177745
08426118,Tiefenbach,Erststimmen,Die PARTEI,0,0.0
08426118,Tiefenbach,Zweitstimmen,Die PARTEI,1,0.45045045045045046
08426120,Ummendorf,Erststimmen,Die PARTEI,0,0.0
08426120,Ummendorf,Zweitstimmen,Die PARTEI,8,0.31262211801484957
08426121,Unlingen,Erststimmen,Die PARTEI,0,0.0
08426121,Unlingen,Zweitstimmen,Die PARTEI,6,0.4048582995951417
08426124,Uttenweiler,Erststimmen,Die PARTEI,0,0.0
08426124,Uttenweiler,Zweitstimmen,Die PARTEI,2,0.088261253309797
08426125,Wain,Erststimmen,Die PARTEI,0,0.0
08426125,Wain,Zweitstimmen,Die PARTEI,4,0.45351473922902497
08426128,Warthausen,Erststimmen,Die PARTEI,0,0.0
08426128,Warthausen,Zweitstimmen,Die PARTEI,7,0.24213075060532688
08426134,Schemmerhofen,Erststimmen,Die PARTEI,0,0.0
08426134,Schemmerhofen,Zweitstimmen,Die PARTEI,11,0.216025137470542
08426135,Gutenzell-Hürbel,Erststimmen,Die PARTEI,0,0.0
08426135,Gutenzell-Hürbel,Zweitstimmen,Die PARTEI,7,0.6044905008635579
08435005,Bermatingen,Erststimmen,Die PARTEI,0,0.0
08435005,Bermatingen,Zweitstimmen,Die PARTEI,12,0.5212858384013901
08435010,Daisendorf,Erststimmen,Die PARTEI,0,0.0
08435010,Daisendorf,Zweitstimmen,Die PARTEI,1,0.10905125408942204
08435013,Eriskirch,Erststimmen,Die PARTEI,0,0.0
08435013,Eriskirch,Zweitstimmen,Die PARTEI,14,0.5434782608695652
08435015,Frickingen,Erststimmen,Die PARTEI,0,0.0
08435015,Frickingen,Zweitstimmen,Die PARTEI,3,0.1607717041800643
08435016,"Friedrichshafen, Stadt",Erststimmen,Die PARTEI,0,0.0
08435016,"Friedrichshafen, Stadt",Zweitstimmen,Die PARTEI,138,0.5290599601288146
08435018,Hagnau am Bodensee,Erststimmen,Die PARTEI,0,0.0
08435018,Hagnau am Bodensee,Zweitstimmen,Die PARTEI,2,0.2403846153846154
08435020,Heiligenberg,Erststimmen,Die PARTEI,0,0.0
08435020,Heiligenberg,Zweitstimmen,Die PARTEI,6,0.35294117647058826
08435024,Immenstaad am Bodensee,Erststimmen,Die PARTEI,0,0.0
08435024,Immenstaad am Bodensee,Zweitstimmen,Die PARTEI,6,0.17172295363480253
08435029,Kressbronn am Bodensee,Erststimmen,Die PARTEI,0,0.0
08435029,Kressbronn am Bodensee,Zweitstimmen,Die PARTEI,16,0.3357112882920688
08435030,Langenargen,Erststimmen,Die PARTEI,0,0.0
08435030,Langenargen,Zweitstimmen,Die PARTEI,21,0.4655287076036355
08435034,"Markdorf, Stadt",Erststimmen,Die PARTEI,0,0.0
08435034,"Markdorf, Stadt",Zweitstimmen,Die PARTEI,26,0.35364526659412404
08435036,"Meersburg, Stadt",Erststimmen,Die PARTEI,0,0.0
08435036,"Meersburg, Stadt",Zweitstimmen,Die PARTEI,17,0.561612157251404
08435045,Oberteuringen,Erststimmen,Die PARTEI,0,0.0
08435045,Oberteuringen,Zweitstimmen,Die PARTEI,7,0.25964391691394656
08435047,Owingen,Erststimmen,Die PARTEI,0,0.0
08435047,Owingen,Zweitstimmen,Die PARTEI,4,0.16155088852988692
08435052,Salem,Erststimmen,Die PARTEI,0,0.0
08435052,Salem,Zweitstimmen,Die PARTEI,26,0.3870199464126228
08435053,Sipplingen,Erststimmen,Die PARTEI,0,0.0
08435053,Sipplingen,Zweitstimmen,Die PARTEI,5,0.41288191577208916
08435054,Stetten,Erststimmen,Die PARTEI,0,0.0
08435054,Stetten,Zweitstimmen,Die PARTEI,1,0.17271157167530224
08435059,"Überlingen, Stadt",Erststimmen,Die PARTEI,0,0.0
08435059,"Überlingen, Stadt",Zweitstimmen,Die PARTEI,20,0.16420361247947454
08435066,Uhldingen-Mühlhofen,Erststimmen,Die PARTEI,0,0.0
08435066,Uhldingen-Mühlhofen,Zweitstimmen,Die PARTEI,13,0.30437836572231325
08435067,Deggenhausertal,Erststimmen,Die PARTEI,0,0.0
08435067,Deggenhausertal,Zweitstimmen,Die PARTEI,9,0.351150994927819
08437005,Beuron,Erststimmen,Die PARTEI,0,0.0
08437005,Beuron,Zweitstimmen,Die PARTEI,1,0.25380710659898476
08437008,Bingen,Erststimmen,Die PARTEI,0,0.0
08437008,Bingen,Zweitstimmen,Die PARTEI,2,0.12626262626262627
08437031,"Gammertingen, Stadt",Erststimmen,Die PARTEI,0,0.0
08437031,"Gammertingen, Stadt",Zweitstimmen,Die PARTEI,12,0.38022813688212925
08437044,Herbertingen,Erststimmen,Die PARTEI,0,0.0
08437044,Herbertingen,Zweitstimmen,Die PARTEI,7,0.26236881559220393
08437047,"Hettingen, Stadt",Erststimmen,Die PARTEI,0,0.0
08437047,"Hettingen, Stadt",Zweitstimmen,Die PARTEI,2,0.16863406408094433
08437053,Hohentengen,Erststimmen,Die PARTEI,0,0.0
08437053,Hohentengen,Zweitstimmen,Die PARTEI,8,0.3246753246753247
08437056,Illmensee,Erststimmen,Die PARTEI,0,0.0
08437056,Illmensee,Zweitstimmen,Die PARTEI,0,0.0
08437059,Inzigkofen,Erststimmen,Die PARTEI,0,0.0
08437059,Inzigkofen,Zweitstimmen,Die PARTEI,5,0.28768699654775604
08437065,Krauchenwies,Erststimmen,Die PARTEI,0,0.0
08437065,Krauchenwies,Zweitstimmen,Die PARTEI,9,0.33333333333333337
08437072,Leibertingen,Erststimmen,Die PARTEI,0,0.0
08437072,Leibertingen,Zweitstimmen,Die PARTEI,3,0.20905923344947736
08437076,"Mengen, Stadt",Erststimmen,Die PARTEI,0,0.0
08437076,"Mengen, Stadt",Zweitstimmen,Die PARTEI,19,0.3861788617886179
08437078,"Meßkirch, Stadt",Erststimmen,Die PARTEI,0,0.0
08437078,"Meßkirch, Stadt",Zweitstimmen,Die PARTEI,16,0.3872216844143272
08437082,Neufra,Erststimmen,Die PARTEI,0,0.0
08437082,Neufra,Zweitstimmen,Die PARTEI,2,0.19305019305019305
08437086,Ostrach,Erststimmen,Die PARTEI,0,0.0
08437086,Ostrach,Zweitstimmen,Die PARTEI,15,0.3872966692486445
08437088,"Pfullendorf, Stadt",Erststimmen,Die PARTEI,0,0.0
08437088,"Pfullendorf, Stadt",Zweitstimmen,Die PARTEI,24,0.42134831460674155
08437100,"Bad Saulgau, Stadt",Erststimmen,Die PARTEI,0,0.0
08437100,"Bad Saulgau, Stadt",Zweitstimmen,Die PARTEI,33,0.3747870528109029
08437101,"Scheer, Stadt",Erststimmen,Die PARTEI,0,0.0
08437101,"Scheer, Stadt",Zweitstimmen,Die PARTEI,3,0.23455824863174357
08437102,Schwenningen,Erststimmen,Die PARTEI,0,0.0
08437102,Schwenningen,Zweitstimmen,Die PARTEI,4,0.3972194637537239
08437104,"Sigmaringen, Stadt",Erststimmen,Die PARTEI,0,0.0
08437104,"Sigmaringen, Stadt",Zweitstimmen,Die PARTEI,25,0.32539372640895486
08437105,Sigmaringendorf,Erststimmen,Die PARTEI,0,0.0
08437105,Sigmaringendorf,Zweitstimmen,Die PARTEI,12,0.6119326874043856
08437107,Stetten am kalten Markt,Erststimmen,Die PARTEI,0,0.0
08437107,Stetten am kalten Markt,Zweitstimmen,Die PARTEI,11,0.40219378427787933
08437114,"Veringenstadt, Stadt",Erststimmen,Die PARTEI,0,0.0
08437114,"Veringenstadt, Stadt",Zweitstimmen,Die PARTEI,7,0.5988023952095809
08437118,Wald,Erststimmen,Die PARTEI,0,0.0
08437118,Wald,Zweitstimmen,Die PARTEI,3,0.18879798615481436
08437123,Sauldorf,Erststimmen,Die PARTEI,0,0.0
08437123,Sauldorf,Zweitstimmen,Die PARTEI,8,0.5012531328320802
08437124,Herdwangen-Schönach,Erststimmen,Die PARTEI,0,0.0
08437124,Herdwangen-Schönach,Zweitstimmen,Die PARTEI,9,0.4685059864653826
08121000,"Heilbronn, Universitätsstadt",Erststimmen,FDP,3613,7.998848767960327
08121000,"Heilbronn, Universitätsstadt",Zweitstimmen,FDP,2430,5.370047070782967
08125030,Flein,Erststimmen,FDP,410,10.0
08125030,Flein,Zweitstimmen,FDP,305,7.417315175097277
08125058,"Leingarten, Stadt",Erststimmen,FDP,484,8.343389070849854
08125058,"Leingarten, Stadt",Zweitstimmen,FDP,344,5.927968292262623
08125074,Nordheim,Erststimmen,FDP,324,7.146007940008822
08125074,Nordheim,Zweitstimmen,FDP,252,5.545774647887324
08125094,Talheim,Erststimmen,FDP,199,6.96047569080098
08125094,Talheim,Zweitstimmen,FDP,164,5.72026508545518
08126011,Bretzfeld,Erststimmen,FDP,232,3.4067547723935387
08126011,Bretzfeld,Zweitstimmen,FDP,244,3.5771880955871573
08126020,Dörzbach,Erststimmen,FDP,48,3.404255319148936
08126020,Dörzbach,Zweitstimmen,FDP,68,4.815864022662889
08126028,"Forchtenberg, Stadt",Erststimmen,FDP,106,3.8102084831056793
08126028,"Forchtenberg, Stadt",Zweitstimmen,FDP,131,4.703770197486535
08126039,"Ingelfingen, Stadt",Erststimmen,FDP,115,3.8384512683578107
08126039,"Ingelfingen, Stadt",Zweitstimmen,FDP,140,4.668222740913638
08126045,"Krautheim, Stadt",Erststimmen,FDP,48,1.9720624486442069
08126045,"Krautheim, Stadt",Zweitstimmen,FDP,58,2.381930184804928
08126046,"Künzelsau, Stadt",Erststimmen,FDP,246,3.469675599435825
08126046,"Künzelsau, Stadt",Zweitstimmen,FDP,336,4.739069111424541
08126047,Kupferzell,Erststimmen,FDP,154,4.631578947368421
08126047,Kupferzell,Zweitstimmen,FDP,211,6.330633063306331
08126056,Mulfingen,Erststimmen,FDP,57,2.4707412223667102
08126056,Mulfingen,Zweitstimmen,FDP,102,4.425162689804772
08126058,"Neuenstein, Stadt",Erststimmen,FDP,133,3.8539553752535496
08126058,"Neuenstein, Stadt",Zweitstimmen,FDP,152,4.400694846554718
08126060,"Niedernhall, Stadt",Erststimmen,FDP,75,3.7955465587044532
08126060,"Niedernhall, Stadt",Zweitstimmen,FDP,94,4.747474747474747
08126066,"Öhringen, Stadt",Erststimmen,FDP,413,3.594742797458438
08126066,"Öhringen, Stadt",Zweitstimmen,FDP,487,4.234414398747935
08126069,Pfedelbach,Erststimmen,FDP,159,3.187650360866079
08126069,Pfedelbach,Zweitstimmen,FDP,224,4.484484484484484
08126072,Schöntal,Erststimmen,FDP,123,3.542626728110599
08126072,Schöntal,Zweitstimmen,FDP,151,4.335343095033018
08126085,"Waldenburg, Stadt",Erststimmen,FDP,54,3.347799132052077
08126085,"Waldenburg, Stadt",Zweitstimmen,FDP,60,3.722084367245657
08126086,Weißbach,Erststimmen,FDP,30,3.56718192627824
08126086,Weißbach,Zweitstimmen,FDP,41,4.886769964243146
08126094,Zweiflingen,Erststimmen,FDP,34,3.213610586011342
08126094,Zweiflingen,Zweitstimmen,FDP,52,4.914933837429111
08127008,Blaufelden,Erststimmen,FDP,82,2.9829028737722805
08127008,Blaufelden,Zweitstimmen,FDP,122,4.4363636363636365
08127009,Braunsbach,Erststimmen,FDP,58,3.8538205980066444
08127009,Braunsbach,Zweitstimmen,FDP,83,5.485789821546596
08127012,Bühlertann,Erststimmen,FDP,85,5.098980203959208
08127012,Bühlertann,Zweitstimmen,FDP,99,5.949519230769231
08127013,Bühlerzell,Erststimmen,FDP,64,4.904214559386974
08127013,Bühlerzell,Zweitstimmen,FDP,77,5.88235294117647
08127014,"Crailsheim, Stadt",Erststimmen,FDP,359,2.7866180237522316
08127014,"Crailsheim, Stadt",Zweitstimmen,FDP,475,3.6781787207681584
08127023,Fichtenberg,Erststimmen,FDP,88,5.432098765432099
08127023,Fichtenberg,Zweitstimmen,FDP,77,4.747225647348952
08127025,"Gaildorf, Stadt",Erststimmen,FDP,474,9.168278529980658
08127025,"Gaildorf, Stadt",Zweitstimmen,FDP,304,5.866460825935932
08127032,"Gerabronn, Stadt",Erststimmen,FDP,63,3.055286129970902
08127032,"Gerabronn, Stadt",Zweitstimmen,FDP,82,3.9805825242718447
08127043,"Ilshofen, Stadt",Erststimmen,FDP,147,4.369797859690845
08127043,"Ilshofen, Stadt",Zweitstimmen,FDP,158,4.687036487689113
08127046,"Kirchberg an der Jagst, Stadt",Erststimmen,FDP,72,3.350395532805956
08127046,"Kirchberg an der Jagst, Stadt",Zweitstimmen,FDP,82,3.8015762633286974
08127047,"Langenburg, Stadt",Erststimmen,FDP,36,3.557312252964427
08127047,"Langenburg, Stadt",Zweitstimmen,FDP,48,4.757185332011893
08127052,Mainhardt,Erststimmen,FDP,125,3.874767513949163
08127052,Mainhardt,Zweitstimmen,FDP,144,4.462348930895569
08127056,Michelbach an der Bilz,Erststimmen,FDP,90,4.48654037886341
08127056,Michelbach an der Bilz,Zweitstimmen,FDP,90,4.473161033797217
08127059,Michelfeld,Erststimmen,FDP,74,3.4354688950789227
08127059,Michelfeld,Zweitstimmen,FDP,79,3.6641929499072354
08127062,Oberrot,Erststimmen,FDP,67,3.753501400560224
08127062,Oberrot,Zweitstimmen,FDP,74,4.129464285714286
08127063,Obersontheim,Erststimmen,FDP,120,4.377964246625319
08127063,Obersontheim,Zweitstimmen,FDP,127,4.626593806921676
08127071,Rot am See,Erststimmen,FDP,76,2.5658338960162053
08127071,Rot am See,Zweitstimmen,FDP,125,4.2201215395003375
08127073,Satteldorf,Erststimmen,FDP,91,3.190743338008415
08127073,Satteldorf,Zweitstimmen,FDP,135,4.713687150837989
08127075,"Schrozberg, Stadt",Erststimmen,FDP,92,3.2078103207810322
08127075,"Schrozberg, Stadt",Zweitstimmen,FDP,127,4.42662948762635
08127076,"Schwäbisch Hall, Stadt",Erststimmen,FDP,638,3.1587285869888104
08127076,"Schwäbisch Hall, Stadt",Zweitstimmen,FDP,751,3.71120774856691
08127079,Sulzbach-Laufen,Erststimmen,FDP,120,8.589835361488905
08127079,Sulzbach-Laufen,Zweitstimmen,FDP,108,7.736389684813753
08127086,Untermünkheim,Erststimmen,FDP,54,2.973568281938326
08127086,Untermünkheim,Zweitstimmen,FDP,74,4.061470911086718
08127089,"Vellberg, Stadt",Erststimmen,FDP,104,4.053000779423227
08127089,"Vellberg, Stadt",Zweitstimmen,FDP,95,3.702260327357755
08127091,Wallhausen,Erststimmen,FDP,62,3.3155080213903747
08127091,Wallhausen,Zweitstimmen,FDP,90,4.8
08127099,Wolpertshausen,Erststimmen,FDP,53,4.351395730706075
08127099,Wolpertshausen,Zweitstimmen,FDP,63,5.159705159705159
08127100,Rosengarten,Erststimmen,FDP,115,3.973738769868694
08127100,Rosengarten,Zweitstimmen,FDP,133,4.576737783895389
08127101,Kreßberg,Erststimmen,FDP,52,2.480916030534351
08127101,Kreßberg,Zweitstimmen,FDP,65,3.098188751191611
08127102,Fichtenau,Erststimmen,FDP,44,1.9520851818988465
08127102,Fichtenau,Zweitstimmen,FDP,90,3.996447602131439
08127103,Frankenhardt,Erststimmen,FDP,63,2.2451888809693514
08127103,Frankenhardt,Zweitstimmen,FDP,109,3.87624466571835
08127104,Stimpfach,Erststimmen,FDP,18,1.0759115361625822
08127104,Stimpfach,Zweitstimmen,FDP,52,3.1119090365050868
08128006,Assamstadt,Erststimmen,FDP,56,4.117647058823529
08128006,Assamstadt,Zweitstimmen,FDP,39,2.8676470588235294
08128007,"Bad Mergentheim, Stadt",Erststimmen,FDP,575,5.1298064055669546
08128007,"Bad Mergentheim, Stadt",Zweitstimmen,FDP,469,4.167036872501111
08128014,"Boxberg, Stadt",Erststimmen,FDP,181,4.769433465085639
08128014,"Boxberg, Stadt",Zweitstimmen,FDP,147,3.844142259414226
08128020,"Creglingen, Stadt",Erststimmen,FDP,112,4.197901049475263
08128020,"Creglingen, Stadt",Zweitstimmen,FDP,102,3.805970149253731
08128039,"Freudenberg, Stadt",Erststimmen,FDP,45,2.3872679045092835
08128039,"Freudenberg, Stadt",Zweitstimmen,FDP,47,2.486772486772487
08128045,Großrinderfeld,Erststimmen,FDP,70,2.9736618521665252
08128045,Großrinderfeld,Zweitstimmen,FDP,62,2.617138032925285
08128047,"Grünsfeld, Stadt",Erststimmen,FDP,82,3.8157282456956723
08128047,"Grünsfeld, Stadt",Zweitstimmen,FDP,66,3.0569708198239924
08128058,Igersheim,Erststimmen,FDP,108,3.5294117647058822
08128058,Igersheim,Zweitstimmen,FDP,96,3.123983078424992
08128061,Königheim,Erststimmen,FDP,63,3.3333333333333335
08128061,Königheim,Zweitstimmen,FDP,64,3.373748023194518
08128064,"Külsheim, Stadt",Erststimmen,FDP,136,4.484009231783713
08128064,"Külsheim, Stadt",Zweitstimmen,FDP,102,3.3355134074558537
08128082,"Niederstetten, Stadt",Erststimmen,FDP,133,4.436290860573716
08128082,"Niederstetten, Stadt",Zweitstimmen,FDP,133,4.408352668213457
08128115,"Tauberbischofsheim, Stadt",Erststimmen,FDP,290,4.3231961836613
08128115,"Tauberbischofsheim, Stadt",Zweitstimmen,FDP,243,3.590425531914894
08128126,"Weikersheim, Stadt",Erststimmen,FDP,179,4.0233760395594516
08128126,"Weikersheim, Stadt",Zweitstimmen,FDP,165,3.688799463447351
08128128,Werbach,Erststimmen,FDP,71,3.6883116883116887
08128128,Werbach,Zweitstimmen,FDP,55,2.8379772961816303
08128131,"Wertheim, Stadt",Erststimmen,FDP,318,2.9920963492660895
08128131,"Wertheim, Stadt",Zweitstimmen,FDP,316,2.9637966610392046
08128137,Wittighausen,Erststimmen,FDP,41,4.07149950347567
08128137,Wittighausen,Zweitstimmen,FDP,42,4.162537165510407
08128138,Ahorn,Erststimmen,FDP,60,4.225352112676056
08128138,Ahorn,Zweitstimmen,FDP,51,3.5864978902953584
08128139,"Lauda-Königshofen, Stadt",Erststimmen,FDP,312,4.246631278072683
08128139,"Lauda-Königshofen, Stadt",Zweitstimmen,FDP,285,3.8565629228687412
08135010,Dischingen,Erststimmen,FDP,80,3.225806451612903
08135010,Dischingen,Zweitstimmen,FDP,68,2.743041549011698
08135015,Gerstetten,Erststimmen,FDP,314,4.9888782967905945
08135015,Gerstetten,Zweitstimmen,FDP,266,4.212860310421286
08135016,"Giengen an der Brenz, Stadt",Erststimmen,FDP,274,3.550602565763898
08135016,"Giengen an der Brenz, Stadt",Zweitstimmen,FDP,242,3.1298499741334718
08135019,"Heidenheim an der Brenz, Stadt",Erststimmen,FDP,950,5.083476027397261
08135019,"Heidenheim an der Brenz, Stadt",Zweitstimmen,FDP,770,4.111929936986009
08135020,"Herbrechtingen, Stadt",Erststimmen,FDP,290,4.475999382620775
08135020,"Herbrechtingen, Stadt",Zweitstimmen,FDP,269,4.140372479605972
08135021,Hermaringen,Erststimmen,FDP,52,4.043545878693624
08135021,Hermaringen,Zweitstimmen,FDP,44,3.402938901778809
08135025,Königsbronn,Erststimmen,FDP,159,4.185311924190577
08135025,Königsbronn,Zweitstimmen,FDP,144,3.783499737256963
08135026,Nattheim,Erststimmen,FDP,220,5.9459459459459465
08135026,Nattheim,Zweitstimmen,FDP,170,4.57235072619688
08135027,"Niederstotzingen, Stadt",Erststimmen,FDP,120,4.73559589581689
08135027,"Niederstotzingen, Stadt",Zweitstimmen,FDP,95,3.7357451828548958
08135031,Sontheim an der Brenz,Erststimmen,FDP,135,4.3172369683402625
08135031,Sontheim an der Brenz,Zweitstimmen,FDP,106,3.376871615164065
08135032,Steinheim am Albuch,Erststimmen,FDP,197,4.265915980944132
08135032,Steinheim am Albuch,Zweitstimmen,FDP,147,3.173575129533679
08216002,Au am Rhein,Erststimmen,FDP,104,5.3886010362694305
08216002,Au am Rhein,Zweitstimmen,FDP,73,3.7590113285272917
08216005,Bietigheim,Erststimmen,FDP,153,4.497354497354497
08216005,Bietigheim,Zweitstimmen,FDP,139,4.072663346029886
08216006,Bischweier,Erststimmen,FDP,85,4.9275362318840585
08216006,Bischweier,Zweitstimmen,FDP,68,3.9238315060588573
08216009,Durmersheim,Erststimmen,FDP,261,4.456206248932901
08216009,Durmersheim,Zweitstimmen,FDP,232,3.9335367921329265
08216012,Elchesheim-Illingen,Erststimmen,FDP,69,3.8895152198421648
08216012,Elchesheim-Illingen,Zweitstimmen,FDP,67,3.755605381165919
08216013,Forbach,Erststimmen,FDP,81,3.379224030037547
08216013,Forbach,Zweitstimmen,FDP,74,3.082049146189088
08216015,"Gaggenau, Stadt",Erststimmen,FDP,961,6.8928417730598195
08216015,"Gaggenau, Stadt",Zweitstimmen,FDP,596,4.265063689709461
08216017,"Gernsbach, Stadt",Erststimmen,FDP,317,4.552635358322562
08216017,"Gernsbach, Stadt",Zweitstimmen,FDP,308,4.404404404404405
08216023,Iffezheim,Erststimmen,FDP,107,4.048429814604615
08216023,Iffezheim,Zweitstimmen,FDP,108,4.069329314242653
08216024,"Kuppenheim, Stadt",Erststimmen,FDP,168,3.9575971731448765
08216024,"Kuppenheim, Stadt",Zweitstimmen,FDP,141,3.2959326788218792
08216029,Loffenau,Erststimmen,FDP,53,3.990963855421686
08216029,Loffenau,Zweitstimmen,FDP,52,3.9068369646882046
08216033,Muggensturm,Erststimmen,FDP,129,3.987635239567233
08216033,Muggensturm,Zweitstimmen,FDP,129,3.979025293028995
08216039,Ötigheim,Erststimmen,FDP,67,2.406609195402299
08216039,Ötigheim,Zweitstimmen,FDP,101,3.6213696665471495
08216043,"Rastatt, Stadt",Erststimmen,FDP,574,3.1587057010785826
08216043,"Rastatt, Stadt",Zweitstimmen,FDP,562,3.0789459266969814
08216052,Steinmauern,Erststimmen,FDP,46,2.798053527980535
08216052,Steinmauern,Zweitstimmen,FDP,56,3.389830508474576
08216059,Weisenbach,Erststimmen,FDP,44,3.4865293185419968
08216059,Weisenbach,Zweitstimmen,FDP,50,3.9339103068450036
08231000,"Pforzheim, Stadt",Erststimmen,FDP,4059,10.048273301151132
08231000,"Pforzheim, Stadt",Zweitstimmen,FDP,2855,7.036352433764634
08235006,"Altensteig, Stadt",Erststimmen,FDP,210,4.3147729607561125
08235006,"Altensteig, Stadt",Zweitstimmen,FDP,195,3.995901639344263
08235007,Althengstett,Erststimmen,FDP,260,5.701754385964912
08235007,Althengstett,Zweitstimmen,FDP,208,4.538511891773947
08235008,"Bad Liebenzell, Stadt",Erststimmen,FDP,346,7.200832466181062
08235008,"Bad Liebenzell, Stadt",Zweitstimmen,FDP,230,4.753048150444307
08235018,Dobel,Erststimmen,FDP,62,5.188284518828452
08235018,Dobel,Zweitstimmen,FDP,60,5.008347245409015
08235020,Ebhausen,Erststimmen,FDP,124,5.173133083020442
08235020,Ebhausen,Zweitstimmen,FDP,98,4.061334438458351
08235022,Egenhausen,Erststimmen,FDP,57,4.838709677419355
08235022,Egenhausen,Zweitstimmen,FDP,38,3.228547153780799
08235025,Enzklösterle,Erststimmen,FDP,30,4.231311706629055
08235025,Enzklösterle,Zweitstimmen,FDP,35,4.895104895104895
08235029,Gechingen,Erststimmen,FDP,99,4.698623635500712
08235029,Gechingen,Zweitstimmen,FDP,86,4.056603773584905
08235032,"Haiterbach, Stadt",Erststimmen,FDP,133,4.836363636363637
08235032,"Haiterbach, Stadt",Zweitstimmen,FDP,129,4.672220210068816
08235033,"Bad Herrenalb, Stadt",Erststimmen,FDP,185,4.958456177968373
08235033,"Bad Herrenalb, Stadt",Zweitstimmen,FDP,156,4.154460719041278
08235035,Höfen an der Enz,Erststimmen,FDP,48,6.030150753768844
08235035,Höfen an der Enz,Zweitstimmen,FDP,50,6.273525721455458
08235046,"Nagold, Stadt",Erststimmen,FDP,448,4.232404345772319
08235046,"Nagold, Stadt",Zweitstimmen,FDP,468,4.409686233864129
08235047,"Neubulach, Stadt",Erststimmen,FDP,136,4.137511408579251
08235047,"Neubulach, Stadt",Zweitstimmen,FDP,129,3.901996370235935
08235050,Neuweiler,Erststimmen,FDP,77,4.0547656661400735
08235050,Neuweiler,Zweitstimmen,FDP,65,3.4138655462184873
08235055,Oberreichenbach,Erststimmen,FDP,76,4.108108108108108
08235055,Oberreichenbach,Zweitstimmen,FDP,71,3.800856531049251
08235057,Ostelsheim,Erststimmen,FDP,61,4.265734265734266
08235057,Ostelsheim,Zweitstimmen,FDP,63,4.387186629526462
08235060,Rohrdorf,Erststimmen,FDP,37,4.223744292237443
08235060,Rohrdorf,Zweitstimmen,FDP,33,3.745743473325766
08235065,Schömberg,Erststimmen,FDP,210,5.743982494529541
08235065,Schömberg,Zweitstimmen,FDP,194,5.256028176645895
08235066,Simmersfeld,Erststimmen,FDP,51,4.006284367635507
08235066,Simmersfeld,Zweitstimmen,FDP,45,3.5349567949725063
08235067,Simmozheim,Erststimmen,FDP,107,6.6875
08235067,Simmozheim,Zweitstimmen,FDP,97,6.0136391816491015
08235073,Unterreichenbach,Erststimmen,FDP,54,4.757709251101322
08235073,Unterreichenbach,Zweitstimmen,FDP,55,4.8287971905179985
08235079,"Bad Wildbad, Stadt",Erststimmen,FDP,218,5.110173464603844
08235079,"Bad Wildbad, Stadt",Zweitstimmen,FDP,236,5.489648755524541
08235080,"Wildberg, Stadt",Erststimmen,FDP,295,5.303847536857246
08235080,"Wildberg, Stadt",Zweitstimmen,FDP,243,4.353278394840559
08235084,"Bad Teinach-Zavelstein, Stadt",Erststimmen,FDP,104,5.905735377626349
08235084,"Bad Teinach-Zavelstein, Stadt",Zweitstimmen,FDP,87,4.923599320882852
08235085,"Calw, Stadt",Erststimmen,FDP,538,5.103880087278247
08235085,"Calw, Stadt",Zweitstimmen,FDP,453,4.26915465083404
08236004,Birkenfeld,Erststimmen,FDP,500,9.885330170027679
08236004,Birkenfeld,Zweitstimmen,FDP,366,7.221783741120758
08236011,Eisingen,Erststimmen,FDP,354,15.128205128205128
08236011,Eisingen,Zweitstimmen,FDP,201,8.527789563003818
08236013,Engelsbrand,Erststimmen,FDP,246,10.131795716639209
08236013,Engelsbrand,Zweitstimmen,FDP,177,7.242225859247135
08236019,Friolzheim,Erststimmen,FDP,259,12.380497131931167
08236019,Friolzheim,Zweitstimmen,FDP,166,7.889733840304182
08236025,"Heimsheim, Stadt",Erststimmen,FDP,225,8.468197214904027
08236025,"Heimsheim, Stadt",Zweitstimmen,FDP,198,7.443609022556391
08236028,Illingen,Erststimmen,FDP,395,9.894789579158317
08236028,Illingen,Zweitstimmen,FDP,253,6.328164082041019
08236030,Ispringen,Erststimmen,FDP,262,9.363831308077197
08236030,Ispringen,Zweitstimmen,FDP,196,6.98005698005698
08236031,Kieselbronn,Erststimmen,FDP,177,11.041796631316283
08236031,Kieselbronn,Zweitstimmen,FDP,117,7.276119402985075
08236033,"Knittlingen, Stadt",Erststimmen,FDP,328,8.308004052684904
08236033,"Knittlingen, Stadt",Zweitstimmen,FDP,225,5.660377358490567
08236038,"Maulbronn, Stadt",Erststimmen,FDP,368,11.27796506282562
08236038,"Maulbronn, Stadt",Zweitstimmen,FDP,221,6.752215093186679
08236039,Mönsheim,Erststimmen,FDP,158,10.025380710659897
08236039,Mönsheim,Zweitstimmen,FDP,102,6.455696202531645
08236040,"Mühlacker, Stadt",Erststimmen,FDP,1432,13.347003448597262
08236040,"Mühlacker, Stadt",Zweitstimmen,FDP,826,7.673014398513701
08236043,"Neuenbürg, Stadt",Erststimmen,FDP,462,12.564590698939353
08236043,"Neuenbürg, Stadt",Zweitstimmen,FDP,231,6.260162601626017
08236044,Neuhausen,Erststimmen,FDP,376,12.323828253031794
08236044,Neuhausen,Zweitstimmen,FDP,232,7.606557377049181
08236046,Niefern-Öschelbronn,Erststimmen,FDP,1990,35.66947481627532
08236046,Niefern-Öschelbronn,Zweitstimmen,FDP,742,13.276078010377526
08236050,Ötisheim,Erststimmen,FDP,304,11.987381703470032
08236050,Ötisheim,Zweitstimmen,FDP,165,6.488399528116398
08236061,Sternenfels,Erststimmen,FDP,165,10.665804783451842
08236061,Sternenfels,Zweitstimmen,FDP,92,5.912596401028278
08236062,Tiefenbronn,Erststimmen,FDP,353,11.020917889478614
08236062,Tiefenbronn,Zweitstimmen,FDP,226,7.025178737954615
08236065,Wiernsheim,Erststimmen,FDP,574,14.994775339602926
08236065,Wiernsheim,Zweitstimmen,FDP,334,8.693388859968767
08236067,Wimsheim,Erststimmen,FDP,254,15.61155500921942
08236067,Wimsheim,Zweitstimmen,FDP,144,8.845208845208845
08236068,Wurmberg,Erststimmen,FDP,178,10.913549969343961
08236068,Wurmberg,Zweitstimmen,FDP,89,5.460122699386503
08236070,Keltern,Erststimmen,FDP,565,10.796866042423083
08236070,Keltern,Zweitstimmen,FDP,361,6.870955462504759
08236071,Remchingen,Erststimmen,FDP,563,8.721920991479474
08236071,Remchingen,Zweitstimmen,FDP,345,5.3232525844777046
08236072,Straubenhardt,Erststimmen,FDP,635,10.36734693877551
08236072,Straubenhardt,Zweitstimmen,FDP,373,6.073929327471096
08236073,Neulingen,Erststimmen,FDP,389,10.5620418137388
08236073,Neulingen,Zweitstimmen,FDP,229,6.195887445887446
08236074,Kämpfelbach,Erststimmen,FDP,384,10.711297071129707
08236074,Kämpfelbach,Zweitstimmen,FDP,225,6.2691557536918365
08236075,Ölbronn-Dürrn,Erststimmen,FDP,274,14.116434827408552
08236075,Ölbronn-Dürrn,Zweitstimmen,FDP,146,7.448979591836736
08236076,Königsbach-Stein,Erststimmen,FDP,674,12.133213321332132
08236076,Königsbach-Stein,Zweitstimmen,FDP,368,6.5985296754527525
08237002,"Alpirsbach, Stadt",Erststimmen,FDP,125,4.04138376980278
08237002,"Alpirsbach, Stadt",Zweitstimmen,FDP,117,3.7705446342249433
08237004,Baiersbronn,Erststimmen,FDP,323,4.371362836649073
08237004,Baiersbronn,Zweitstimmen,FDP,368,4.965591688031305
08237019,"Dornstetten, Stadt",Erststimmen,FDP,190,4.706465196928413
08237019,"Dornstetten, Stadt",Zweitstimmen,FDP,188,4.640829424833375
08237024,Empfingen,Erststimmen,FDP,88,3.9819004524886874
08237024,Empfingen,Zweitstimmen,FDP,104,4.678362573099415
08237027,Eutingen im Gäu,Erststimmen,FDP,172,5.11600237953599
08237027,Eutingen im Gäu,Zweitstimmen,FDP,165,4.90487514863258
08237028,"Freudenstadt, Stadt",Erststimmen,FDP,442,4.1036115495311485
08237028,"Freudenstadt, Stadt",Zweitstimmen,FDP,454,4.204871723626933
08237030,Glatten,Erststimmen,FDP,69,4.879773691654879
08237030,Glatten,Zweitstimmen,FDP,80,5.6417489421720735
08237032,Grömbach,Erststimmen,FDP,11,4.119850187265917
08237032,Grömbach,Zweitstimmen,FDP,11,4.150943396226415
08237040,"Horb am Neckar, Stadt",Erststimmen,FDP,593,4.756557311301837
08237040,"Horb am Neckar, Stadt",Zweitstimmen,FDP,547,4.371803069053708
08237045,Loßburg,Erststimmen,FDP,172,3.8435754189944134
08237045,Loßburg,Zweitstimmen,FDP,199,4.443948191156767
08237054,Pfalzgrafenweiler,Erststimmen,FDP,196,5.3683922213092305
08237054,Pfalzgrafenweiler,Zweitstimmen,FDP,161,4.398907103825136
08237061,Schopfloch,Erststimmen,FDP,70,4.492939666238768
08237061,Schopfloch,Zweitstimmen,FDP,79,5.060858424087124
08237072,Wörnersberg,Erststimmen,FDP,5,5.555555555555555
08237072,Wörnersberg,Zweitstimmen,FDP,5,5.555555555555555
08237073,Seewald,Erststimmen,FDP,55,4.672897196261682
08237073,Seewald,Zweitstimmen,FDP,61,5.1607445008460235
08237074,Waldachtal,Erststimmen,FDP,117,3.6551077788191186
08237074,Waldachtal,Zweitstimmen,FDP,117,3.6357986326911127
08237075,Bad Rippoldsau-Schapbach,Erststimmen,FDP,32,2.5785656728444803
08237075,Bad Rippoldsau-Schapbach,Zweitstimmen,FDP,38,3.042433947157726
08316002,Bahlingen am Kaiserstuhl,Erststimmen,FDP,101,3.9056457849961332
08316002,Bahlingen am Kaiserstuhl,Zweitstimmen,FDP,112,4.319321249517933
08316003,Biederbach,Erststimmen,FDP,21,2.046783625730994
08316003,Biederbach,Zweitstimmen,FDP,38,3.6964980544747084
08316009,Denzlingen,Erststimmen,FDP,232,3.159041394335512
08316009,Denzlingen,Zweitstimmen,FDP,243,3.301181904632523
08316010,"Elzach, Stadt",Erststimmen,FDP,116,2.7058549101936085
08316010,"Elzach, Stadt",Zweitstimmen,FDP,151,3.51653469958081
08316011,"Emmendingen, Stadt",Erststimmen,FDP,456,3.243935405847621
08316011,"Emmendingen, Stadt",Zweitstimmen,FDP,477,3.387784090909091
08316012,"Endingen am Kaiserstuhl, Stadt",Erststimmen,FDP,209,3.6316246741963507
08316012,"Endingen am Kaiserstuhl, Stadt",Zweitstimmen,FDP,213,3.6979166666666665
08316013,Forchheim,Erststimmen,FDP,41,4.951690821256038
08316013,Forchheim,Zweitstimmen,FDP,44,5.320435308343409
08316014,Gutach im Breisgau,Erststimmen,FDP,70,2.6565464895635675
08316014,Gutach im Breisgau,Zweitstimmen,FDP,83,3.149905123339659
08316017,"Herbolzheim, Stadt",Erststimmen,FDP,172,3.269961977186312
08316017,"Herbolzheim, Stadt",Zweitstimmen,FDP,162,3.0710900473933647
08316020,"Kenzingen, Stadt",Erststimmen,FDP,273,4.908306364617044
08316020,"Kenzingen, Stadt",Zweitstimmen,FDP,219,3.9268423883808503
08316024,Malterdingen,Erststimmen,FDP,75,3.945291951604419
08316024,Malterdingen,Zweitstimmen,FDP,80,4.203888596952181
08316036,Reute,Erststimmen,FDP,45,2.5936599423631126
08316036,Reute,Zweitstimmen,FDP,41,2.3563218390804597
08316037,Riegel am Kaiserstuhl,Erststimmen,FDP,51,2.5197628458498023
08316037,Riegel am Kaiserstuhl,Zweitstimmen,FDP,59,2.920792079207921
08316038,Sasbach am Kaiserstuhl,Erststimmen,FDP,84,4.097560975609756
08316038,Sasbach am Kaiserstuhl,Zweitstimmen,FDP,92,4.47906523855891
08316039,Sexau,Erststimmen,FDP,83,3.9429928741092635
08316039,Sexau,Zweitstimmen,FDP,74,3.5071090047393367
08316042,Simonswald,Erststimmen,FDP,45,2.5323579065841306
08316042,Simonswald,Zweitstimmen,FDP,60,3.3860045146726865
08316043,Teningen,Erststimmen,FDP,241,3.765625
08316043,Teningen,Zweitstimmen,FDP,198,3.0821917808219177
08316045,Vörstetten,Erststimmen,FDP,68,3.5902851108764517
08316045,Vörstetten,Zweitstimmen,FDP,75,3.9598732840549102
08316049,Weisweil,Erststimmen,FDP,129,10.328262610088071
08316049,Weisweil,Zweitstimmen,FDP,85,6.800000000000001
08316051,Wyhl am Kaiserstuhl,Erststimmen,FDP,147,7.101449275362319
08316051,Wyhl am Kaiserstuhl,Zweitstimmen,FDP,91,4.396135265700483
08316053,Rheinhausen im Breisgau,Erststimmen,FDP,119,5.270150575730735
08316053,Rheinhausen im Breisgau,Zweitstimmen,FDP,101,4.445422535211268
08316054,Freiamt,Erststimmen,FDP,73,2.9095257074531684
08316054,Freiamt,Zweitstimmen,FDP,95,3.7833532457188372
08316055,Winden im Elztal,Erststimmen,FDP,48,2.942979767014102
08316055,Winden im Elztal,Zweitstimmen,FDP,50,3.0599755201958385
08316056,"Waldkirch, Stadt",Erststimmen,FDP,335,2.9738126941855305
08316056,"Waldkirch, Stadt",Zweitstimmen,FDP,372,3.29611908559277
08325001,Aichhalden,Erststimmen,FDP,215,8.434680266771283
08325001,Aichhalden,Zweitstimmen,FDP,136,5.335425657120439
08325009,Bösingen,Erststimmen,FDP,214,10.368217054263566
08325009,Bösingen,Zweitstimmen,FDP,143,6.918238993710692
08325011,Dietingen,Erststimmen,FDP,229,9.60973562736047
08325011,Dietingen,Zweitstimmen,FDP,145,6.087321578505458
08325012,"Dornhan, Stadt",Erststimmen,FDP,225,6.2761506276150625
08325012,"Dornhan, Stadt",Zweitstimmen,FDP,175,4.878728742681907
08325014,Dunningen,Erststimmen,FDP,337,9.068891280947255
08325014,Dunningen,Zweitstimmen,FDP,203,5.459924690693922
08325015,Epfendorf,Erststimmen,FDP,221,12.23021582733813
08325015,Epfendorf,Zweitstimmen,FDP,127,7.028223574986164
08325024,Hardt,Erststimmen,FDP,153,9.167165967645296
08325024,Hardt,Zweitstimmen,FDP,84,5.042016806722689
08325036,Lauterbach,Erststimmen,FDP,142,9.55585464333782
08325036,Lauterbach,Zweitstimmen,FDP,80,5.369127516778524
08325045,"Oberndorf am Neckar, Stadt",Erststimmen,FDP,662,10.33406181704652
08325045,"Oberndorf am Neckar, Stadt",Zweitstimmen,FDP,366,5.713393693412426
08325049,"Rottweil, Stadt",Erststimmen,FDP,1120,9.307737056428156
08325049,"Rottweil, Stadt",Zweitstimmen,FDP,638,5.295924296505354
08325050,Schenkenzell,Erststimmen,FDP,58,5.614714424007745
08325050,Schenkenzell,Zweitstimmen,FDP,43,4.142581888246628
08325051,"Schiltach, Stadt",Erststimmen,FDP,104,5.153617443012884
08325051,"Schiltach, Stadt",Zweitstimmen,FDP,79,3.903162055335968
08325053,"Schramberg, Stadt",Erststimmen,FDP,674,7.180142750612549
08325053,"Schramberg, Stadt",Zweitstimmen,FDP,402,4.271597067261715
08325057,"Sulz am Neckar, Stadt",Erststimmen,FDP,472,7.651159020911007
08325057,"Sulz am Neckar, Stadt",Zweitstimmen,FDP,329,5.322763306908267
08325060,Villingendorf,Erststimmen,FDP,187,9.842105263157896
08325060,Villingendorf,Zweitstimmen,FDP,103,5.412506568575933
08325061,Vöhringen,Erststimmen,FDP,177,7.544757033248081
08325061,Vöhringen,Zweitstimmen,FDP,122,5.180467091295117
08325064,Wellendingen,Erststimmen,FDP,111,6.702898550724639
08325064,Wellendingen,Zweitstimmen,FDP,93,5.602409638554217
08325069,Zimmern ob Rottweil,Erststimmen,FDP,316,9.444112372982666
08325069,Zimmern ob Rottweil,Zweitstimmen,FDP,192,5.739910313901345
08325070,Fluorn-Winzeln,Erststimmen,FDP,138,7.722439843312815
08325070,Fluorn-Winzeln,Zweitstimmen,FDP,96,5.357142857142857
08325071,Eschbronn,Erststimmen,FDP,100,7.818608287724785
08325071,Eschbronn,Zweitstimmen,FDP,66,5.168363351605325
08325072,Deißlingen,Erststimmen,FDP,295,9.167184586699815
08325072,Deißlingen,Zweitstimmen,FDP,150,4.645401052957572
08326003,"Bad Dürrheim, Stadt",Erststimmen,FDP,390,5.759007678676905
08326003,"Bad Dürrheim, Stadt",Zweitstimmen,FDP,359,5.273207990599295
08326005,"Blumberg, Stadt",Erststimmen,FDP,374,8.544665295864748
08326005,"Blumberg, Stadt",Zweitstimmen,FDP,257,5.850216253129979
08326006,"Bräunlingen, Stadt",Erststimmen,FDP,233,7.4180197389366445
08326006,"Bräunlingen, Stadt",Zweitstimmen,FDP,218,6.914050111005392
08326010,Dauchingen,Erststimmen,FDP,120,5.738880918220947
08326010,Dauchingen,Zweitstimmen,FDP,96,4.575786463298379
08326012,"Donaueschingen, Stadt",Erststimmen,FDP,1732,16.5172611100515
08326012,"Donaueschingen, Stadt",Zweitstimmen,FDP,733,6.956439214197589
08326017,"Furtwangen im Schwarzwald, Stadt",Erststimmen,FDP,149,3.750314623710043
08326017,"Furtwangen im Schwarzwald, Stadt",Zweitstimmen,FDP,150,3.7575150300601203
08326020,Gütenbach,Erststimmen,FDP,14,2.491103202846975
08326020,Gütenbach,Zweitstimmen,FDP,16,2.8469750889679712
08326027,"Hüfingen, Stadt",Erststimmen,FDP,527,13.41308220921354
08326027,"Hüfingen, Stadt",Zweitstimmen,FDP,251,6.352822070361934
08326031,Königsfeld im Schwarzwald,Erststimmen,FDP,172,4.89470688673876
08326031,Königsfeld im Schwarzwald,Zweitstimmen,FDP,148,4.192634560906516
08326037,Mönchweiler,Erststimmen,FDP,87,5.2727272727272725
08326037,Mönchweiler,Zweitstimmen,FDP,73,4.402895054282268
08326041,Niedereschach,Erststimmen,FDP,275,8.283132530120483
08326041,Niedereschach,Zweitstimmen,FDP,159,4.776209071793331
08326052,"St. Georgen im Schwarzwald, Stadt",Erststimmen,FDP,324,5.286343612334802
08326052,"St. Georgen im Schwarzwald, Stadt",Zweitstimmen,FDP,244,3.9552601718268763
08326054,Schönwald im Schwarzwald,Erststimmen,FDP,59,4.473085670962851
08326054,Schönwald im Schwarzwald,Zweitstimmen,FDP,60,4.52147701582517
08326055,Schonach im Schwarzwald,Erststimmen,FDP,83,3.956148713060057
08326055,Schonach im Schwarzwald,Zweitstimmen,FDP,51,2.420503084954912
08326060,"Triberg im Schwarzwald, Stadt",Erststimmen,FDP,79,4.430734716769489
08326060,"Triberg im Schwarzwald, Stadt",Zweitstimmen,FDP,65,3.6312849162011176
08326061,Tuningen,Erststimmen,FDP,104,6.280193236714976
08326061,Tuningen,Zweitstimmen,FDP,80,4.8019207683073235
08326065,Unterkirnach,Erststimmen,FDP,74,5.9105431309904155
08326065,Unterkirnach,Zweitstimmen,FDP,57,4.541832669322709
08326068,"Vöhrenbach, Stadt",Erststimmen,FDP,87,5.178571428571429
08326068,"Vöhrenbach, Stadt",Zweitstimmen,FDP,70,4.151838671411625
08326074,"Villingen-Schwenningen, Stadt",Erststimmen,FDP,1772,5.073003149155453
08326074,"Villingen-Schwenningen, Stadt",Zweitstimmen,FDP,1453,4.1419612314709235
08326075,Brigachtal,Erststimmen,FDP,119,4.10203378145467
08326075,Brigachtal,Zweitstimmen,FDP,108,3.68474923234391
08327002,Aldingen,Erststimmen,FDP,185,5.739993794601303
08327002,Aldingen,Zweitstimmen,FDP,143,4.420401854714065
08327004,Bärenthal,Erststimmen,FDP,7,2.5179856115107913
08327004,Bärenthal,Zweitstimmen,FDP,5,1.7921146953405016
08327005,Balgheim,Erststimmen,FDP,59,8.44062947067239
08327005,Balgheim,Zweitstimmen,FDP,34,4.829545454545454
08327006,Böttingen,Erststimmen,FDP,43,5.341614906832298
08327006,Böttingen,Zweitstimmen,FDP,47,5.7953144266337855
08327007,Bubsheim,Erststimmen,FDP,17,3.090909090909091
08327007,Bubsheim,Zweitstimmen,FDP,18,3.2432432432432434
08327008,Buchheim,Erststimmen,FDP,27,6.013363028953229
08327008,Buchheim,Zweitstimmen,FDP,23,5.0884955752212395
08327009,Deilingen,Erststimmen,FDP,46,4.837013669821241
08327009,Deilingen,Zweitstimmen,FDP,48,5.036726128016789
08327010,Denkingen,Erststimmen,FDP,91,6.182065217391304
08327010,Denkingen,Zweitstimmen,FDP,80,5.405405405405405
08327011,Dürbheim,Erststimmen,FDP,55,5.687693898655636
08327011,Dürbheim,Zweitstimmen,FDP,42,4.325437693099897
08327012,Durchhausen,Erststimmen,FDP,45,8.571428571428571
08327012,Durchhausen,Zweitstimmen,FDP,33,6.238185255198488
08327013,Egesheim,Erststimmen,FDP,14,5.0
08327013,Egesheim,Zweitstimmen,FDP,15,5.28169014084507
08327016,"Fridingen an der Donau, Stadt",Erststimmen,FDP,78,4.679064187162568
08327016,"Fridingen an der Donau, Stadt",Zweitstimmen,FDP,79,4.7164179104477615
08327017,Frittlingen,Erststimmen,FDP,55,5.078485687903971
08327017,Frittlingen,Zweitstimmen,FDP,49,4.499540863177227
08327018,"Geisingen, Stadt",Erststimmen,FDP,304,10.133333333333333
08327018,"Geisingen, Stadt",Zweitstimmen,FDP,212,7.0455300764373545
08327019,Gosheim,Erststimmen,FDP,98,5.681159420289855
08327019,Gosheim,Zweitstimmen,FDP,85,4.904789382573572
08327020,Gunningen,Erststimmen,FDP,23,5.59610705596107
08327020,Gunningen,Zweitstimmen,FDP,12,2.93398533007335
08327023,Hausen ob Verena,Erststimmen,FDP,26,5.338809034907597
08327023,Hausen ob Verena,Zweitstimmen,FDP,19,3.8934426229508197
08327025,Immendingen,Erststimmen,FDP,197,6.510244547257105
08327025,Immendingen,Zweitstimmen,FDP,155,5.107084019769357
08327027,Irndorf,Erststimmen,FDP,24,5.369127516778524
08327027,Irndorf,Zweitstimmen,FDP,29,6.415929203539823
08327029,Königsheim,Erststimmen,FDP,23,6.534090909090909
08327029,Königsheim,Zweitstimmen,FDP,13,3.672316384180791
08327030,Kolbingen,Erststimmen,FDP,59,7.702349869451696
08327030,Kolbingen,Zweitstimmen,FDP,52,6.7973856209150325
08327033,Mahlstetten,Erststimmen,FDP,23,4.801670146137787
08327033,Mahlstetten,Zweitstimmen,FDP,14,2.9106029106029108
08327036,"Mühlheim an der Donau, Stadt",Erststimmen,FDP,110,5.469915464942814
08327036,"Mühlheim an der Donau, Stadt",Zweitstimmen,FDP,112,5.536332179930796
08327038,Neuhausen ob Eck,Erststimmen,FDP,159,8.307210031347962
08327038,Neuhausen ob Eck,Zweitstimmen,FDP,123,6.392931392931393
08327040,Reichenbach am Heuberg,Erststimmen,FDP,5,2.262443438914027
08327040,Reichenbach am Heuberg,Zweitstimmen,FDP,3,1.3636363636363635
08327041,Renquishausen,Erststimmen,FDP,37,7.414829659318638
08327041,Renquishausen,Zweitstimmen,FDP,40,7.984031936127744
08327046,"Spaichingen, Stadt",Erststimmen,FDP,338,5.8578856152513
08327046,"Spaichingen, Stadt",Zweitstimmen,FDP,251,4.341809375540564
08327048,Talheim,Erststimmen,FDP,46,6.38002773925104
08327048,Talheim,Zweitstimmen,FDP,25,3.477051460361613
08327049,"Trossingen, Stadt",Erststimmen,FDP,455,7.022688686525698
08327049,"Trossingen, Stadt",Zweitstimmen,FDP,373,5.748189243334875
08327050,"Tuttlingen, Stadt",Erststimmen,FDP,741,5.7096625057790105
08327050,"Tuttlingen, Stadt",Zweitstimmen,FDP,655,5.0369117194709325
08327051,Wehingen,Erststimmen,FDP,70,4.533678756476684
08327051,Wehingen,Zweitstimmen,FDP,55,3.5506778566817303
08327054,Wurmlingen,Erststimmen,FDP,116,5.395348837209302
08327054,Wurmlingen,Zweitstimmen,FDP,93,4.3175487465181055
08327055,Seitingen-Oberflacht,Erststimmen,FDP,80,6.116207951070336
08327055,Seitingen-Oberflacht,Zweitstimmen,FDP,77,5.877862595419847
08327056,Rietheim-Weilheim,Erststimmen,FDP,104,7.212205270457697
08327056,Rietheim-Weilheim,Zweitstimmen,FDP,72,4.98960498960499
08327057,Emmingen-Liptingen,Erststimmen,FDP,170,6.488549618320611
08327057,Emmingen-Liptingen,Zweitstimmen,FDP,159,6.066386875238459
08336004,Aitern,Erststimmen,FDP,7,2.272727272727273
08336004,Aitern,Zweitstimmen,FDP,4,1.3029315960912053
08336006,Bad Bellingen,Erststimmen,FDP,86,4.001861330851559
08336006,Bad Bellingen,Zweitstimmen,FDP,88,4.075961093098657
08336008,Binzen,Erststimmen,FDP,73,4.443091905051735
08336008,Binzen,Zweitstimmen,FDP,72,4.37956204379562
08336010,Böllen,Erststimmen,FDP,3,4.838709677419355
08336010,Böllen,Zweitstimmen,FDP,6,9.836065573770492
08336014,Efringen-Kirchen,Erststimmen,FDP,262,5.482318476668759
08336014,Efringen-Kirchen,Zweitstimmen,FDP,220,4.592901878914405
08336019,Eimeldingen,Erststimmen,FDP,51,3.9657853810264383
08336019,Eimeldingen,Zweitstimmen,FDP,42,3.2507739938080498
08336024,Fischingen,Erststimmen,FDP,17,4.0669856459330145
08336024,Fischingen,Zweitstimmen,FDP,19,4.545454545454546
08336025,Fröhnd,Erststimmen,FDP,16,4.984423676012461
08336025,Fröhnd,Zweitstimmen,FDP,12,3.79746835443038
08336034,Hasel,Erststimmen,FDP,14,2.2950819672131146
08336034,Hasel,Zweitstimmen,FDP,14,2.2950819672131146
08336036,Hausen im Wiesental,Erststimmen,FDP,27,2.20949263502455
08336036,Hausen im Wiesental,Zweitstimmen,FDP,32,2.6101141924959217
08336043,Inzlingen,Erststimmen,FDP,117,8.816880180859082
08336043,Inzlingen,Zweitstimmen,FDP,57,4.2824943651389935
08336050,"Lörrach, Stadt",Erststimmen,FDP,899,4.382373013551721
08336050,"Lörrach, Stadt",Zweitstimmen,FDP,774,3.7644083458975732
08336057,Maulburg,Erststimmen,FDP,98,4.887780548628429
08336057,Maulburg,Zweitstimmen,FDP,91,4.538653366583541
08336069,"Rheinfelden (Baden), Stadt",Erststimmen,FDP,499,3.6672301021533036
08336069,"Rheinfelden (Baden), Stadt",Zweitstimmen,FDP,483,3.5410557184750733
08336073,Rümmingen,Erststimmen,FDP,39,4.17558886509636
08336073,Rümmingen,Zweitstimmen,FDP,33,3.5294117647058822
08336075,Schallbach,Erststimmen,FDP,19,3.9014373716632447
08336075,Schallbach,Zweitstimmen,FDP,21,4.3478260869565215
08336079,"Schönau im Schwarzwald, Stadt",Erststimmen,FDP,27,4.141104294478527
08336079,"Schönau im Schwarzwald, Stadt",Zweitstimmen,FDP,27,4.153846153846154
08336080,Schönenberg,Erststimmen,FDP,1,0.628930817610063
08336080,Schönenberg,Zweitstimmen,FDP,3,1.8518518518518516
08336081,"Schopfheim, Stadt",Erststimmen,FDP,276,2.9487179487179485
08336081,"Schopfheim, Stadt",Zweitstimmen,FDP,294,3.131323889658111
08336082,Schwörstadt,Erststimmen,FDP,46,3.9016115351993217
08336082,Schwörstadt,Zweitstimmen,FDP,38,3.225806451612903
08336084,Steinen,Erststimmen,FDP,198,3.7218045112781954
08336084,Steinen,Zweitstimmen,FDP,184,3.4482758620689653
08336087,"Todtnau, Stadt",Erststimmen,FDP,97,3.8707102952913006
08336087,"Todtnau, Stadt",Zweitstimmen,FDP,93,3.7125748502994016
08336089,Tunau,Erststimmen,FDP,4,4.597701149425287
08336089,Tunau,Zweitstimmen,FDP,8,9.195402298850574
08336090,Utzenfeld,Erststimmen,FDP,19,5.555555555555555
08336090,Utzenfeld,Zweitstimmen,FDP,15,4.373177842565598
08336091,"Weil am Rhein, Stadt",Erststimmen,FDP,455,3.889221300965894
08336091,"Weil am Rhein, Stadt",Zweitstimmen,FDP,412,3.509967626512182
08336094,Wembach,Erststimmen,FDP,2,1.4285714285714286
08336094,Wembach,Zweitstimmen,FDP,8,5.714285714285714
08336096,Wieden,Erststimmen,FDP,7,2.0588235294117645
08336096,Wieden,Zweitstimmen,FDP,6,1.7595307917888565
08336100,Wittlingen,Erststimmen,FDP,31,5.794392523364486
08336100,Wittlingen,Zweitstimmen,FDP,26,4.850746268656716
08336103,"Zell im Wiesental, Stadt",Erststimmen,FDP,90,3.5629453681710213
08336103,"Zell im Wiesental, Stadt",Zweitstimmen,FDP,86,3.4045922406967537
08336105,Grenzach-Wyhlen,Erststimmen,FDP,710,11.514758352254297
08336105,Grenzach-Wyhlen,Zweitstimmen,FDP,366,5.937702790395847
08336106,Häg-Ehrsberg,Erststimmen,FDP,28,5.679513184584178
08336106,Häg-Ehrsberg,Zweitstimmen,FDP,29,5.894308943089431
08336107,Kleines Wiesental,Erststimmen,FDP,95,5.754088431253786
08336107,Kleines Wiesental,Zweitstimmen,FDP,81,4.900181488203267
08337002,Albbruck,Erststimmen,FDP,150,4.037685060565275
08337002,Albbruck,Zweitstimmen,FDP,131,3.5196131112305213
08337030,Dettighofen,Erststimmen,FDP,32,5.614035087719298
08337030,Dettighofen,Zweitstimmen,FDP,27,4.745166959578207
08337032,Dogern,Erststimmen,FDP,43,3.518821603927987
08337032,Dogern,Zweitstimmen,FDP,56,4.590163934426229
08337038,Görwihl,Erststimmen,FDP,125,5.214851898206091
08337038,Görwihl,Zweitstimmen,FDP,139,5.7892544773011245
08337049,Herrischried,Erststimmen,FDP,50,3.7202380952380953
08337049,Herrischried,Zweitstimmen,FDP,49,3.621581670362158
08337053,Hohentengen am Hochrhein,Erststimmen,FDP,80,4.248539564524695
08337053,Hohentengen am Hochrhein,Zweitstimmen,FDP,78,4.140127388535031
08337060,Jestetten,Erststimmen,FDP,73,3.4995206136145733
08337060,Jestetten,Zweitstimmen,FDP,66,3.166986564299424
08337062,Klettgau,Erststimmen,FDP,112,3.0752333882482152
08337062,Klettgau,Zweitstimmen,FDP,151,4.142661179698217
08337065,Lauchringen,Erststimmen,FDP,121,3.2535627856950793
08337065,Lauchringen,Zweitstimmen,FDP,133,3.574307981725343
08337066,"Laufenburg (Baden), Stadt",Erststimmen,FDP,169,4.541789841440473
08337066,"Laufenburg (Baden), Stadt",Zweitstimmen,FDP,135,3.614457831325301
08337070,Lottstetten,Erststimmen,FDP,32,3.5674470457079153
08337070,Lottstetten,Zweitstimmen,FDP,46,5.116796440489433
08337076,Murg,Erststimmen,FDP,98,3.0711375744280787
08337076,Murg,Zweitstimmen,FDP,88,2.7560288130285
08337090,Rickenbach,Erststimmen,FDP,98,4.627006610009444
08337090,Rickenbach,Zweitstimmen,FDP,83,3.9150943396226414
08337096,"Bad Säckingen, Stadt",Erststimmen,FDP,284,3.9670345020254225
08337096,"Bad Säckingen, Stadt",Zweitstimmen,FDP,290,4.04519458780862
08337106,"Stühlingen, Stadt",Erststimmen,FDP,107,3.764954257565095
08337106,"Stühlingen, Stadt",Zweitstimmen,FDP,138,4.840406874780779
08337116,"Wehr, Stadt",Erststimmen,FDP,196,3.6135693215339235
08337116,"Wehr, Stadt",Zweitstimmen,FDP,173,3.1830726770929165
08337118,Weilheim,Erststimmen,FDP,73,3.7941787941787943
08337118,Weilheim,Zweitstimmen,FDP,86,4.458268532918611
08337123,Wutöschingen,Erststimmen,FDP,116,3.6616161616161618
08337123,Wutöschingen,Zweitstimmen,FDP,109,3.4363177805800755
08337124,Eggingen,Erststimmen,FDP,41,4.403866809881848
08337124,Eggingen,Zweitstimmen,FDP,45,4.823151125401929
08337125,Küssaberg,Erststimmen,FDP,108,3.821656050955414
08337125,Küssaberg,Zweitstimmen,FDP,112,3.952011291460833
08337126,"Waldshut-Tiengen, Stadt",Erststimmen,FDP,386,4.067010852386471
08337126,"Waldshut-Tiengen, Stadt",Zweitstimmen,FDP,382,4.019783226349573
08416006,Bodelshausen,Erststimmen,FDP,108,4.08781226343679
08416006,Bodelshausen,Zweitstimmen,FDP,119,4.516129032258064
08416009,Dettenhausen,Erststimmen,FDP,136,4.2673360527141515
08416009,Dettenhausen,Zweitstimmen,FDP,154,4.827586206896552
08416018,Hirrlingen,Erststimmen,FDP,83,4.756446991404011
08416018,Hirrlingen,Zweitstimmen,FDP,88,5.0113895216400905
08416025,"Mössingen, Stadt",Erststimmen,FDP,350,3.3454406423246033
08416025,"Mössingen, Stadt",Zweitstimmen,FDP,395,3.7680053419822572
08416031,Ofterdingen,Erststimmen,FDP,100,3.5984166966534725
08416031,Ofterdingen,Zweitstimmen,FDP,109,3.9180445722501798
08416036,"Rottenburg am Neckar, Stadt",Erststimmen,FDP,741,3.228898862695542
08416036,"Rottenburg am Neckar, Stadt",Zweitstimmen,FDP,885,3.84565245730674
08416041,"Tübingen, Universitätsstadt",Erststimmen,FDP,1356,2.636029626173675
08416041,"Tübingen, Universitätsstadt",Zweitstimmen,FDP,1613,3.1291830756397077
08416048,Ammerbuch,Erststimmen,FDP,193,2.881457151388474
08416048,Ammerbuch,Zweitstimmen,FDP,213,3.1729480113213167
08416049,Neustetten,Erststimmen,FDP,75,3.531073446327684
08416049,Neustetten,Zweitstimmen,FDP,86,4.033771106941838
08416050,Starzach,Erststimmen,FDP,103,4.009342156481121
08416050,Starzach,Zweitstimmen,FDP,99,3.83423702556158
08417002,"Balingen, Stadt",Erststimmen,FDP,668,3.817360992056689
08417002,"Balingen, Stadt",Zweitstimmen,FDP,754,4.294583357065558
08417008,Bisingen,Erststimmen,FDP,204,4.153940134392181
08417008,Bisingen,Zweitstimmen,FDP,181,3.6654515998379913
08417010,Bitz,Erststimmen,FDP,93,4.610808130887457
08417010,Bitz,Zweitstimmen,FDP,108,5.328071040947212
08417014,Dautmergen,Erststimmen,FDP,12,4.669260700389105
08417014,Dautmergen,Zweitstimmen,FDP,14,5.426356589147287
08417015,Dormettingen,Erststimmen,FDP,16,2.735042735042735
08417015,Dormettingen,Zweitstimmen,FDP,20,3.4129692832764507
08417016,Dotternhausen,Erststimmen,FDP,56,5.238540692235735
08417016,Dotternhausen,Zweitstimmen,FDP,76,7.08955223880597
08417022,"Geislingen, Stadt",Erststimmen,FDP,146,4.343945254388575
08417022,"Geislingen, Stadt",Zweitstimmen,FDP,143,4.235781990521327
08417023,Grosselfingen,Erststimmen,FDP,29,2.5573192239858904
08417023,Grosselfingen,Zweitstimmen,FDP,40,3.518029903254178
08417025,"Haigerloch, Stadt",Erststimmen,FDP,264,4.665959703075292
08417025,"Haigerloch, Stadt",Zweitstimmen,FDP,272,4.776119402985075
08417029,Hausen am Tann,Erststimmen,FDP,5,1.9305019305019304
08417029,Hausen am Tann,Zweitstimmen,FDP,11,4.21455938697318
08417044,"Meßstetten, Stadt",Erststimmen,FDP,229,4.147799311718892
08417044,"Meßstetten, Stadt",Zweitstimmen,FDP,240,4.329785314811474
08417045,Nusplingen,Erststimmen,FDP,36,3.6217303822937628
08417045,Nusplingen,Zweitstimmen,FDP,39,3.9078156312625247
08417047,Obernheim,Erststimmen,FDP,25,2.9308323563892147
08417047,Obernheim,Zweitstimmen,FDP,33,3.8596491228070176
08417051,Rangendingen,Erststimmen,FDP,114,4.0
08417051,Rangendingen,Zweitstimmen,FDP,125,4.366049598323437
08417052,Ratshausen,Erststimmen,FDP,30,6.6815144766147
08417052,Ratshausen,Zweitstimmen,FDP,26,5.752212389380531
08417054,"Rosenfeld, Stadt",Erststimmen,FDP,168,4.8582995951417
08417054,"Rosenfeld, Stadt",Zweitstimmen,FDP,185,5.306942053930006
08417057,"Schömberg, Stadt",Erststimmen,FDP,71,3.230209281164695
08417057,"Schömberg, Stadt",Zweitstimmen,FDP,80,3.6281179138321997
08417063,Straßberg,Erststimmen,FDP,53,3.7062937062937062
08417063,Straßberg,Zweitstimmen,FDP,56,3.907885554780181
08417071,Weilen unter den Rinnen,Erststimmen,FDP,13,3.4666666666666663
08417071,Weilen unter den Rinnen,Zweitstimmen,FDP,12,3.2171581769436997
08417075,Winterlingen,Erststimmen,FDP,130,3.918022905364678
08417075,Winterlingen,Zweitstimmen,FDP,138,4.141656662665065
08417078,Zimmern unter der Burg,Erststimmen,FDP,18,6.338028169014084
08417078,Zimmern unter der Burg,Zweitstimmen,FDP,14,4.895104895104895
08417079,"Albstadt, Stadt",Erststimmen,FDP,788,4.209851479858959
08417079,"Albstadt, Stadt",Zweitstimmen,FDP,816,4.337887406304822
08425002,Allmendingen,Erststimmen,FDP,53,1.970260223048327
08425002,Allmendingen,Zweitstimmen,FDP,90,3.3619723571161746
08425004,Altheim,Erststimmen,FDP,9,3.308823529411765
08425004,Altheim,Zweitstimmen,FDP,11,4.0
08425005,Altheim (Alb),Erststimmen,FDP,25,2.422480620155039
08425005,Altheim (Alb),Zweitstimmen,FDP,36,3.4682080924855487
08425008,Amstetten,Erststimmen,FDP,61,2.7539503386004514
08425008,Amstetten,Zweitstimmen,FDP,87,3.943789664551224
08425011,Asselfingen,Erststimmen,FDP,18,3.4090909090909087
08425011,Asselfingen,Zweitstimmen,FDP,17,3.207547169811321
08425013,Ballendorf,Erststimmen,FDP,3,0.9803921568627451
08425013,Ballendorf,Zweitstimmen,FDP,7,2.302631578947368
08425014,Beimerstetten,Erststimmen,FDP,43,3.0496453900709217
08425014,Beimerstetten,Zweitstimmen,FDP,55,3.8869257950530036
08425017,Berghülen,Erststimmen,FDP,70,5.6772100567721
08425017,Berghülen,Zweitstimmen,FDP,49,3.986981285598047
08425019,Bernstadt,Erststimmen,FDP,42,3.0456852791878175
08425019,Bernstadt,Zweitstimmen,FDP,49,3.5507246376811596
08425020,"Blaubeuren, Stadt",Erststimmen,FDP,161,2.669983416252073
08425020,"Blaubeuren, Stadt",Zweitstimmen,FDP,206,3.417385534173855
08425022,Börslingen,Erststimmen,FDP,4,3.7735849056603774
08425022,Börslingen,Zweitstimmen,FDP,4,3.8095238095238098
08425024,Breitingen,Erststimmen,FDP,7,4.929577464788732
08425024,Breitingen,Zweitstimmen,FDP,7,4.929577464788732
08425031,Dornstadt,Erststimmen,FDP,134,2.750410509031199
08425031,Dornstadt,Zweitstimmen,FDP,148,3.027823240589198
08425033,"Ehingen (Donau), Stadt",Erststimmen,FDP,291,2.250231982678627
08425033,"Ehingen (Donau), Stadt",Zweitstimmen,FDP,434,3.358873152232799
08425035,Emeringen,Erststimmen,FDP,1,0.9345794392523363
08425035,Emeringen,Zweitstimmen,FDP,2,1.8867924528301887
08425036,Emerkingen,Erststimmen,FDP,7,1.8276762402088773
08425036,Emerkingen,Zweitstimmen,FDP,12,3.149606299212598
08425050,Griesingen,Erststimmen,FDP,8,1.6877637130801686
08425050,Griesingen,Zweitstimmen,FDP,9,1.9027484143763214
08425052,Grundsheim,Erststimmen,FDP,1,0.7633587786259541
08425052,Grundsheim,Zweitstimmen,FDP,2,1.5267175572519083
08425055,Hausen am Bussen,Erststimmen,FDP,4,2.797202797202797
08425055,Hausen am Bussen,Zweitstimmen,FDP,5,3.5211267605633805
08425062,Holzkirch,Erststimmen,FDP,1,0.7518796992481203
08425062,Holzkirch,Zweitstimmen,FDP,2,1.5384615384615385
08425071,"Laichingen, Stadt",Erststimmen,FDP,199,3.3683141503046716
08425071,"Laichingen, Stadt",Zweitstimmen,FDP,279,4.721611101709257
08425072,"Langenau, Stadt",Erststimmen,FDP,252,3.11919792053472
08425072,"Langenau, Stadt",Zweitstimmen,FDP,283,3.5007422068283027
08425073,Lauterach,Erststimmen,FDP,4,1.4925373134328357
08425073,Lauterach,Zweitstimmen,FDP,6,2.2304832713754648
08425075,Lonsee,Erststimmen,FDP,83,2.9985549132947975
08425075,Lonsee,Zweitstimmen,FDP,105,3.7796976241900646
08425079,Merklingen,Erststimmen,FDP,34,2.828618968386023
08425079,Merklingen,Zweitstimmen,FDP,52,4.322527015793849
08425081,"Munderkingen, Stadt",Erststimmen,FDP,62,2.7252747252747254
08425081,"Munderkingen, Stadt",Zweitstimmen,FDP,77,3.3920704845814975
08425083,Neenstetten,Erststimmen,FDP,9,2.142857142857143
08425083,Neenstetten,Zweitstimmen,FDP,13,3.125
08425084,Nellingen,Erststimmen,FDP,45,3.4588777863182165
08425084,Nellingen,Zweitstimmen,FDP,53,4.070660522273426
08425085,Nerenstetten,Erststimmen,FDP,4,2.094240837696335
08425085,Nerenstetten,Zweitstimmen,FDP,4,2.083333333333333
08425088,Oberdischingen,Erststimmen,FDP,40,3.1104199066874028
08425088,Oberdischingen,Zweitstimmen,FDP,45,3.5046728971962615
08425090,Obermarchtal,Erststimmen,FDP,11,1.3496932515337423
08425090,Obermarchtal,Zweitstimmen,FDP,22,2.719406674907293
08425091,Oberstadion,Erststimmen,FDP,28,2.7613412228796843
08425091,Oberstadion,Zweitstimmen,FDP,33,3.257650542941757
08425092,Öllingen,Erststimmen,FDP,6,2.4193548387096775
08425092,Öllingen,Zweitstimmen,FDP,7,2.8455284552845526
08425093,Öpfingen,Erststimmen,FDP,23,1.8282988871224166
08425093,Öpfingen,Zweitstimmen,FDP,30,2.380952380952381
08425097,Rammingen,Erststimmen,FDP,25,3.2722513089005236
08425097,Rammingen,Zweitstimmen,FDP,24,3.1413612565445024
08425098,Rechtenstein,Erststimmen,FDP,3,2.054794520547945
08425098,Rechtenstein,Zweitstimmen,FDP,6,4.081632653061225
08425104,Rottenacker,Erststimmen,FDP,29,2.3712183156173343
08425104,Rottenacker,Zweitstimmen,FDP,41,3.360655737704918
08425108,"Schelklingen, Stadt",Erststimmen,FDP,91,2.6654950205038075
08425108,"Schelklingen, Stadt",Zweitstimmen,FDP,109,3.1955438287892117
08425112,Setzingen,Erststimmen,FDP,8,2.3255813953488373
08425112,Setzingen,Zweitstimmen,FDP,11,3.225806451612903
08425123,Untermarchtal,Erststimmen,FDP,10,3.0959752321981426
08425123,Untermarchtal,Zweitstimmen,FDP,16,4.938271604938271
08425124,Unterstadion,Erststimmen,FDP,9,2.0179372197309418
08425124,Unterstadion,Zweitstimmen,FDP,14,3.146067415730337
08425125,Unterwachingen,Erststimmen,FDP,3,2.3622047244094486
08425125,Unterwachingen,Zweitstimmen,FDP,3,2.34375
08425130,Weidenstetten,Erststimmen,FDP,24,2.8402366863905324
08425130,Weidenstetten,Zweitstimmen,FDP,24,2.843601895734597
08425134,Westerheim,Erststimmen,FDP,67,3.5982814178302904
08425134,Westerheim,Zweitstimmen,FDP,87,4.647435897435898
08425135,Westerstetten,Erststimmen,FDP,39,2.941176470588235
08425135,Westerstetten,Zweitstimmen,FDP,43,3.2379518072289155
08425139,Heroldstatt,Erststimmen,FDP,54,3.125
08425139,Heroldstatt,Zweitstimmen,FDP,76,4.393063583815029
08426001,Achstetten,Erststimmen,FDP,93,3.1429537005745183
08426001,Achstetten,Zweitstimmen,FDP,102,3.4529451591062967
08426005,Alleshausen,Erststimmen,FDP,1,0.3472222222222222
08426005,Alleshausen,Zweitstimmen,FDP,10,3.4965034965034967
08426006,Allmannsweiler,Erststimmen,FDP,1,0.5952380952380952
08426006,Allmannsweiler,Zweitstimmen,FDP,6,3.571428571428571
08426008,Altheim,Erststimmen,FDP,39,3.0421216848673946
08426008,Altheim,Zweitstimmen,FDP,66,5.152224824355972
08426011,Attenweiler,Erststimmen,FDP,34,2.7937551355792936
08426011,Attenweiler,Zweitstimmen,FDP,41,3.3634126333059884
08426013,"Bad Buchau, Stadt",Erststimmen,FDP,87,3.231797919762259
08426013,"Bad Buchau, Stadt",Zweitstimmen,FDP,99,3.6544850498338874
08426014,"Bad Schussenried, Stadt",Erststimmen,FDP,132,3.0261348005502064
08426014,"Bad Schussenried, Stadt",Zweitstimmen,FDP,140,3.2088012835205135
08426020,Betzenweiler,Erststimmen,FDP,10,3.2467532467532463
08426020,Betzenweiler,Zweitstimmen,FDP,10,3.257328990228013
08426021,"Biberach an der Riß, Stadt",Erststimmen,FDP,675,4.161272424634733
08426021,"Biberach an der Riß, Stadt",Zweitstimmen,FDP,675,4.157940125662191
08426028,Burgrieden,Erststimmen,FDP,80,3.4423407917383817
08426028,Burgrieden,Zweitstimmen,FDP,96,4.1166380789022305
08426035,Dürmentingen,Erststimmen,FDP,37,2.4932614555256065
08426035,Dürmentingen,Zweitstimmen,FDP,45,3.040540540540541
08426036,Dürnau,Erststimmen,FDP,10,5.025125628140704
08426036,Dürnau,Zweitstimmen,FDP,9,4.522613065326634
08426038,Eberhardzell,Erststimmen,FDP,74,2.749907097733185
08426038,Eberhardzell,Zweitstimmen,FDP,92,3.4264432029795158
08426043,Erlenmoos,Erststimmen,FDP,38,3.5315985130111525
08426043,Erlenmoos,Zweitstimmen,FDP,48,4.4692737430167595
08426045,Ertingen,Erststimmen,FDP,80,2.6272577996715927
08426045,Ertingen,Zweitstimmen,FDP,116,3.81453469253535
08426058,Hochdorf,Erststimmen,FDP,27,1.8607856650585803
08426058,Hochdorf,Zweitstimmen,FDP,38,2.6224982746721874
08426062,Ingoldingen,Erststimmen,FDP,49,2.5967143614202435
08426062,Ingoldingen,Zweitstimmen,FDP,67,3.550609432962374
08426064,Kanzach,Erststimmen,FDP,11,4.489795918367347
08426064,Kanzach,Zweitstimmen,FDP,11,4.489795918367347
08426067,Langenenslingen,Erststimmen,FDP,63,3.065693430656934
08426067,Langenenslingen,Zweitstimmen,FDP,93,4.514563106796117
08426070,"Laupheim, Stadt",Erststimmen,FDP,329,2.963163109069621
08426070,"Laupheim, Stadt",Zweitstimmen,FDP,380,3.418495861820799
08426071,Maselheim,Erststimmen,FDP,78,2.959028831562974
08426071,Maselheim,Zweitstimmen,FDP,84,3.1878557874762805
08426073,Mietingen,Erststimmen,FDP,65,2.2452504317789295
08426073,Mietingen,Zweitstimmen,FDP,82,2.832469775474957
08426074,Mittelbiberach,Erststimmen,FDP,80,3.097173828881146
08426074,Mittelbiberach,Zweitstimmen,FDP,88,3.3950617283950617
08426078,Moosburg,Erststimmen,FDP,1,0.7633587786259541
08426078,Moosburg,Zweitstimmen,FDP,1,0.7692307692307693
08426087,"Ochsenhausen, Stadt",Erststimmen,FDP,156,3.441429516876241
08426087,"Ochsenhausen, Stadt",Zweitstimmen,FDP,162,3.565925599823905
08426090,Oggelshausen,Erststimmen,FDP,5,1.5873015873015872
08426090,Oggelshausen,Zweitstimmen,FDP,9,2.848101265822785
08426097,"Riedlingen, Stadt",Erststimmen,FDP,152,2.8684657482543874
08426097,"Riedlingen, Stadt",Zweitstimmen,FDP,174,3.287360665029284
08426108,Schwendi,Erststimmen,FDP,100,2.676659528907923
08426108,Schwendi,Zweitstimmen,FDP,113,3.0238158951030236
08426109,Seekirch,Erststimmen,FDP,6,4.316546762589928
08426109,Seekirch,Zweitstimmen,FDP,9,6.474820143884892
08426113,Steinhausen an der Rottum,Erststimmen,FDP,34,2.543006731488407
08426113,Steinhausen an der Rottum,Zweitstimmen,FDP,48,3.5847647498132935
08426118,Tiefenbach,Erststimmen,FDP,9,4.072398190045249
08426118,Tiefenbach,Zweitstimmen,FDP,10,4.504504504504505
08426120,Ummendorf,Erststimmen,FDP,46,1.7982799061767005
08426120,Ummendorf,Zweitstimmen,FDP,76,2.9699101211410706
08426121,Unlingen,Erststimmen,FDP,40,2.710027100271003
08426121,Unlingen,Zweitstimmen,FDP,44,2.968960863697706
08426124,Uttenweiler,Erststimmen,FDP,57,2.514336127040141
08426124,Uttenweiler,Zweitstimmen,FDP,77,3.3980582524271843
08426125,Wain,Erststimmen,FDP,36,4.100227790432802
08426125,Wain,Zweitstimmen,FDP,46,5.215419501133787
08426128,Warthausen,Erststimmen,FDP,87,3.005181347150259
08426128,Warthausen,Zweitstimmen,FDP,115,3.9778623313732275
08426134,Schemmerhofen,Erststimmen,FDP,121,2.3800157356412273
08426134,Schemmerhofen,Zweitstimmen,FDP,161,3.161822466614297
08426135,Gutenzell-Hürbel,Erststimmen,FDP,38,3.2843560933448575
08426135,Gutenzell-Hürbel,Zweitstimmen,FDP,51,4.404145077720207
08435005,Bermatingen,Erststimmen,FDP,297,12.935540069686411
08435005,Bermatingen,Zweitstimmen,FDP,140,6.081668114682884
08435010,Daisendorf,Erststimmen,FDP,84,9.220636663007683
08435010,Daisendorf,Zweitstimmen,FDP,59,6.4340239912759
08435013,Eriskirch,Erststimmen,FDP,134,5.207928488146133
08435013,Eriskirch,Zweitstimmen,FDP,109,4.231366459627329
08435015,Frickingen,Erststimmen,FDP,203,10.90811391724879
08435015,Frickingen,Zweitstimmen,FDP,103,5.519828510182208
08435016,"Friedrichshafen, Stadt",Erststimmen,FDP,1289,4.958836654612603
08435016,"Friedrichshafen, Stadt",Zweitstimmen,FDP,1077,4.128967949700966
08435018,Hagnau am Bodensee,Erststimmen,FDP,92,11.124546553808948
08435018,Hagnau am Bodensee,Zweitstimmen,FDP,55,6.610576923076923
08435020,Heiligenberg,Erststimmen,FDP,125,7.4052132701421804
08435020,Heiligenberg,Zweitstimmen,FDP,78,4.588235294117647
08435024,Immenstaad am Bodensee,Erststimmen,FDP,222,6.370157819225251
08435024,Immenstaad am Bodensee,Zweitstimmen,FDP,217,6.210646823125358
08435029,Kressbronn am Bodensee,Erststimmen,FDP,235,4.944245739532926
08435029,Kressbronn am Bodensee,Zweitstimmen,FDP,212,4.448174569869911
08435030,Langenargen,Erststimmen,FDP,197,4.3729189789123195
08435030,Langenargen,Zweitstimmen,FDP,185,4.101086233651075
08435034,"Markdorf, Stadt",Erststimmen,FDP,613,8.357191547375596
08435034,"Markdorf, Stadt",Zweitstimmen,FDP,415,5.644722524483134
08435036,"Meersburg, Stadt",Erststimmen,FDP,246,8.13761164406219
08435036,"Meersburg, Stadt",Zweitstimmen,FDP,194,6.408985794516023
08435045,Oberteuringen,Erststimmen,FDP,206,7.663690476190476
08435045,Oberteuringen,Zweitstimmen,FDP,155,5.749258160237389
08435047,Owingen,Erststimmen,FDP,145,5.891913856156035
08435047,Owingen,Zweitstimmen,FDP,117,4.725363489499192
08435052,Salem,Erststimmen,FDP,875,13.046071268823617
08435052,Salem,Zweitstimmen,FDP,432,6.430485263471271
08435053,Sipplingen,Erststimmen,FDP,68,5.615194054500413
08435053,Sipplingen,Zweitstimmen,FDP,46,3.7985136251032205
08435054,Stetten,Erststimmen,FDP,46,7.9722703639514725
08435054,Stetten,Zweitstimmen,FDP,46,7.9447322970639025
08435059,"Überlingen, Stadt",Erststimmen,FDP,615,5.064646298278844
08435059,"Überlingen, Stadt",Zweitstimmen,FDP,600,4.926108374384237
08435066,Uhldingen-Mühlhofen,Erststimmen,FDP,396,9.30232558139535
08435066,Uhldingen-Mühlhofen,Zweitstimmen,FDP,242,5.666120346523062
08435067,Deggenhausertal,Erststimmen,FDP,203,7.9296875
08435067,Deggenhausertal,Zweitstimmen,FDP,106,4.135778384705423
08437005,Beuron,Erststimmen,FDP,29,7.3979591836734695
08437005,Beuron,Zweitstimmen,FDP,27,6.852791878172589
08437008,Bingen,Erststimmen,FDP,82,5.216284987277354
08437008,Bingen,Zweitstimmen,FDP,48,3.0303030303030303
08437031,"Gammertingen, Stadt",Erststimmen,FDP,155,4.914394419784401
08437031,"Gammertingen, Stadt",Zweitstimmen,FDP,140,4.435994930291509
08437044,Herbertingen,Erststimmen,FDP,104,3.9304610733182166
08437044,Herbertingen,Zweitstimmen,FDP,94,3.523238380809595
08437047,"Hettingen, Stadt",Erststimmen,FDP,40,3.36417157275021
08437047,"Hettingen, Stadt",Zweitstimmen,FDP,52,4.3844856661045535
08437053,Hohentengen,Erststimmen,FDP,121,4.940792160065333
08437053,Hohentengen,Zweitstimmen,FDP,112,4.545454545454546
08437056,Illmensee,Erststimmen,FDP,39,3.1655844155844153
08437056,Illmensee,Zweitstimmen,FDP,42,3.395311236863379
08437059,Inzigkofen,Erststimmen,FDP,108,6.235565819861432
08437059,Inzigkofen,Zweitstimmen,FDP,75,4.31530494821634
08437065,Krauchenwies,Erststimmen,FDP,116,4.307463795024137
08437065,Krauchenwies,Zweitstimmen,FDP,133,4.925925925925926
08437072,Leibertingen,Erststimmen,FDP,46,3.2100488485694347
08437072,Leibertingen,Zweitstimmen,FDP,64,4.45993031358885
08437076,"Mengen, Stadt",Erststimmen,FDP,244,4.988754855857698
08437076,"Mengen, Stadt",Zweitstimmen,FDP,232,4.715447154471545
08437078,"Meßkirch, Stadt",Erststimmen,FDP,113,2.731447909112884
08437078,"Meßkirch, Stadt",Zweitstimmen,FDP,147,3.5575992255566313
08437082,Neufra,Erststimmen,FDP,55,5.344995140913508
08437082,Neufra,Zweitstimmen,FDP,54,5.212355212355212
08437086,Ostrach,Erststimmen,FDP,149,3.8541127780651836
08437086,Ostrach,Zweitstimmen,FDP,139,3.5889491350374385
08437088,"Pfullendorf, Stadt",Erststimmen,FDP,228,4.013377926421405
08437088,"Pfullendorf, Stadt",Zweitstimmen,FDP,210,3.686797752808989
08437100,"Bad Saulgau, Stadt",Erststimmen,FDP,339,3.8535864499261114
08437100,"Bad Saulgau, Stadt",Zweitstimmen,FDP,342,3.8841567291311754
08437101,"Scheer, Stadt",Erststimmen,FDP,60,4.683840749414521
08437101,"Scheer, Stadt",Zweitstimmen,FDP,44,3.440187646598905
08437102,Schwenningen,Erststimmen,FDP,92,9.163346613545817
08437102,Schwenningen,Zweitstimmen,FDP,71,7.0506454816285995
08437104,"Sigmaringen, Stadt",Erststimmen,FDP,363,4.74261823882937
08437104,"Sigmaringen, Stadt",Zweitstimmen,FDP,292,3.800598724456593
08437105,Sigmaringendorf,Erststimmen,FDP,105,5.38737814263725
08437105,Sigmaringendorf,Zweitstimmen,FDP,85,4.3345232024477305
08437107,Stetten am kalten Markt,Erststimmen,FDP,134,4.9210429673154605
08437107,Stetten am kalten Markt,Zweitstimmen,FDP,107,3.9122486288848264
08437114,"Veringenstadt, Stadt",Erststimmen,FDP,41,3.486394557823129
08437114,"Veringenstadt, Stadt",Zweitstimmen,FDP,34,2.9084687767322497
08437118,Wald,Erststimmen,FDP,65,4.093198992443325
08437118,Wald,Zweitstimmen,FDP,59,3.7130270610446825
08437123,Sauldorf,Erststimmen,FDP,46,2.8894472361809047
08437123,Sauldorf,Zweitstimmen,FDP,46,2.882205513784461
08437124,Herdwangen-Schönach,Erststimmen,FDP,72,3.748047891723061
08437124,Herdwangen-Schönach,Zweitstimmen,FDP,67,3.487766788131182
08121000,"Heilbronn, Universitätsstadt",Erststimmen,FREIE WÄHLER,0,0.0
08121000,"Heilbronn, Universitätsstadt",Zweitstimmen,FREIE WÄHLER,543,1.1999734812490332
08125030,Flein,Erststimmen,FREIE WÄHLER,0,0.0
08125030,Flein,Zweitstimmen,FREIE WÄHLER,79,1.921206225680934
08125058,"Leingarten, Stadt",Erststimmen,FREIE WÄHLER,0,0.0
08125058,"Leingarten, Stadt",Zweitstimmen,FREIE WÄHLER,106,1.8266413923832499
08125074,Nordheim,Erststimmen,FREIE WÄHLER,0,0.0
08125074,Nordheim,Zweitstimmen,FREIE WÄHLER,111,2.442781690140845
08125094,Talheim,Erststimmen,FREIE WÄHLER,0,0.0
08125094,Talheim,Zweitstimmen,FREIE WÄHLER,41,1.430066271363795
08126011,Bretzfeld,Erststimmen,FREIE WÄHLER,285,4.185022026431718
08126011,Bretzfeld,Zweitstimmen,FREIE WÄHLER,182,2.66823046474124
08126020,Dörzbach,Erststimmen,FREIE WÄHLER,55,3.900709219858156
08126020,Dörzbach,Zweitstimmen,FREIE WÄHLER,33,2.3371104815864023
08126028,"Forchtenberg, Stadt",Erststimmen,FREIE WÄHLER,132,4.744787922358016
08126028,"Forchtenberg, Stadt",Zweitstimmen,FREIE WÄHLER,93,3.3393177737881508
08126039,"Ingelfingen, Stadt",Erststimmen,FREIE WÄHLER,131,4.372496662216288
08126039,"Ingelfingen, Stadt",Zweitstimmen,FREIE WÄHLER,82,2.7342447482494165
08126045,"Krautheim, Stadt",Erststimmen,FREIE WÄHLER,110,4.519309778142974
08126045,"Krautheim, Stadt",Zweitstimmen,FREIE WÄHLER,91,3.7371663244353184
08126046,"Künzelsau, Stadt",Erststimmen,FREIE WÄHLER,190,2.6798307475317347
08126046,"Künzelsau, Stadt",Zweitstimmen,FREIE WÄHLER,113,1.5937940761636107
08126047,Kupferzell,Erststimmen,FREIE WÄHLER,88,2.6466165413533838
08126047,Kupferzell,Zweitstimmen,FREIE WÄHLER,54,1.6201620162016201
08126056,Mulfingen,Erststimmen,FREIE WÄHLER,79,3.424360641525791
08126056,Mulfingen,Zweitstimmen,FREIE WÄHLER,56,2.4295010845986984
08126058,"Neuenstein, Stadt",Erststimmen,FREIE WÄHLER,173,5.013039698638076
08126058,"Neuenstein, Stadt",Zweitstimmen,FREIE WÄHLER,103,2.9820497973364217
08126060,"Niedernhall, Stadt",Erststimmen,FREIE WÄHLER,93,4.706477732793522
08126060,"Niedernhall, Stadt",Zweitstimmen,FREIE WÄHLER,61,3.080808080808081
08126066,"Öhringen, Stadt",Erststimmen,FREIE WÄHLER,413,3.594742797458438
08126066,"Öhringen, Stadt",Zweitstimmen,FREIE WÄHLER,255,2.2171985044778713
08126069,Pfedelbach,Erststimmen,FREIE WÄHLER,233,4.67121090617482
08126069,Pfedelbach,Zweitstimmen,FREIE WÄHLER,133,2.6626626626626626
08126072,Schöntal,Erststimmen,FREIE WÄHLER,148,4.262672811059908
08126072,Schöntal,Zweitstimmen,FREIE WÄHLER,108,3.10077519379845
08126085,"Waldenburg, Stadt",Erststimmen,FREIE WÄHLER,58,3.5957842529448234
08126085,"Waldenburg, Stadt",Zweitstimmen,FREIE WÄHLER,32,1.9851116625310175
08126086,Weißbach,Erststimmen,FREIE WÄHLER,41,4.875148632580261
08126086,Weißbach,Zweitstimmen,FREIE WÄHLER,19,2.264600715137068
08126094,Zweiflingen,Erststimmen,FREIE WÄHLER,55,5.198487712665406
08126094,Zweiflingen,Zweitstimmen,FREIE WÄHLER,33,3.119092627599244
08127008,Blaufelden,Erststimmen,FREIE WÄHLER,80,2.9101491451436883
08127008,Blaufelden,Zweitstimmen,FREIE WÄHLER,60,2.181818181818182
08127009,Braunsbach,Erststimmen,FREIE WÄHLER,60,3.9867109634551494
08127009,Braunsbach,Zweitstimmen,FREIE WÄHLER,44,2.9081295439524126
08127012,Bühlertann,Erststimmen,FREIE WÄHLER,41,2.459508098380324
08127012,Bühlertann,Zweitstimmen,FREIE WÄHLER,22,1.3221153846153846
08127013,Bühlerzell,Erststimmen,FREIE WÄHLER,34,2.6053639846743293
08127013,Bühlerzell,Zweitstimmen,FREIE WÄHLER,34,2.5974025974025974
08127014,"Crailsheim, Stadt",Erststimmen,FREIE WÄHLER,281,2.1811689823798805
08127014,"Crailsheim, Stadt",Zweitstimmen,FREIE WÄHLER,168,1.3009137370295802
08127023,Fichtenberg,Erststimmen,FREIE WÄHLER,35,2.1604938271604937
08127023,Fichtenberg,Zweitstimmen,FREIE WÄHLER,30,1.8495684340320593
08127025,"Gaildorf, Stadt",Erststimmen,FREIE WÄHLER,108,2.0889748549323017
08127025,"Gaildorf, Stadt",Zweitstimmen,FREIE WÄHLER,92,1.7753763025858742
08127032,"Gerabronn, Stadt",Erststimmen,FREIE WÄHLER,73,3.5402521823472357
08127032,"Gerabronn, Stadt",Zweitstimmen,FREIE WÄHLER,71,3.4466019417475726
08127043,"Ilshofen, Stadt",Erststimmen,FREIE WÄHLER,112,3.329369797859691
08127043,"Ilshofen, Stadt",Zweitstimmen,FREIE WÄHLER,78,2.31385345594779
08127046,"Kirchberg an der Jagst, Stadt",Erststimmen,FREIE WÄHLER,52,2.419730107026524
08127046,"Kirchberg an der Jagst, Stadt",Zweitstimmen,FREIE WÄHLER,39,1.808066759388039
08127047,"Langenburg, Stadt",Erststimmen,FREIE WÄHLER,26,2.5691699604743086
08127047,"Langenburg, Stadt",Zweitstimmen,FREIE WÄHLER,12,1.1892963330029733
08127052,Mainhardt,Erststimmen,FREIE WÄHLER,100,3.0998140111593306
08127052,Mainhardt,Zweitstimmen,FREIE WÄHLER,60,1.8593120545398203
08127056,Michelbach an der Bilz,Erststimmen,FREIE WÄHLER,63,3.140578265204387
08127056,Michelbach an der Bilz,Zweitstimmen,FREIE WÄHLER,42,2.0874751491053676
08127059,Michelfeld,Erststimmen,FREIE WÄHLER,48,2.2284122562674096
08127059,Michelfeld,Zweitstimmen,FREIE WÄHLER,30,1.391465677179963
08127062,Oberrot,Erststimmen,FREIE WÄHLER,39,2.1848739495798317
08127062,Oberrot,Zweitstimmen,FREIE WÄHLER,26,1.4508928571428572
08127063,Obersontheim,Erststimmen,FREIE WÄHLER,109,3.976650857351332
08127063,Obersontheim,Zweitstimmen,FREIE WÄHLER,63,2.2950819672131146
08127071,Rot am See,Erststimmen,FREIE WÄHLER,76,2.5658338960162053
08127071,Rot am See,Zweitstimmen,FREIE WÄHLER,56,1.8906144496961512
08127073,Satteldorf,Erststimmen,FREIE WÄHLER,79,2.769985974754558
08127073,Satteldorf,Zweitstimmen,FREIE WÄHLER,54,1.8854748603351956
08127075,"Schrozberg, Stadt",Erststimmen,FREIE WÄHLER,119,4.149232914923291
08127075,"Schrozberg, Stadt",Zweitstimmen,FREIE WÄHLER,82,2.858138724294179
08127076,"Schwäbisch Hall, Stadt",Erststimmen,FREIE WÄHLER,446,2.208139419744529
08127076,"Schwäbisch Hall, Stadt",Zweitstimmen,FREIE WÄHLER,299,1.4775647361138564
08127079,Sulzbach-Laufen,Erststimmen,FREIE WÄHLER,41,2.934860415175376
08127079,Sulzbach-Laufen,Zweitstimmen,FREIE WÄHLER,27,1.9340974212034383
08127086,Untermünkheim,Erststimmen,FREIE WÄHLER,43,2.36784140969163
08127086,Untermünkheim,Zweitstimmen,FREIE WÄHLER,35,1.920965971459934
08127089,"Vellberg, Stadt",Erststimmen,FREIE WÄHLER,69,2.6890101325019486
08127089,"Vellberg, Stadt",Zweitstimmen,FREIE WÄHLER,37,1.4419329696024943
08127091,Wallhausen,Erststimmen,FREIE WÄHLER,68,3.6363636363636362
08127091,Wallhausen,Zweitstimmen,FREIE WÄHLER,36,1.92
08127099,Wolpertshausen,Erststimmen,FREIE WÄHLER,43,3.5303776683087027
08127099,Wolpertshausen,Zweitstimmen,FREIE WÄHLER,40,3.276003276003276
08127100,Rosengarten,Erststimmen,FREIE WÄHLER,62,2.1423635107118177
08127100,Rosengarten,Zweitstimmen,FREIE WÄHLER,44,1.5141087405368203
08127101,Kreßberg,Erststimmen,FREIE WÄHLER,72,3.435114503816794
08127101,Kreßberg,Zweitstimmen,FREIE WÄHLER,41,1.9542421353670163
08127102,Fichtenau,Erststimmen,FREIE WÄHLER,102,4.525288376220053
08127102,Fichtenau,Zweitstimmen,FREIE WÄHLER,60,2.664298401420959
08127103,Frankenhardt,Erststimmen,FREIE WÄHLER,113,4.027084818246615
08127103,Frankenhardt,Zweitstimmen,FREIE WÄHLER,75,2.667140825035562
08127104,Stimpfach,Erststimmen,FREIE WÄHLER,35,2.092050209205021
08127104,Stimpfach,Zweitstimmen,FREIE WÄHLER,25,1.4961101137043686
08128006,Assamstadt,Erststimmen,FREIE WÄHLER,0,0.0
08128006,Assamstadt,Zweitstimmen,FREIE WÄHLER,47,3.4558823529411766
08128007,"Bad Mergentheim, Stadt",Erststimmen,FREIE WÄHLER,0,0.0
08128007,"Bad Mergentheim, Stadt",Zweitstimmen,FREIE WÄHLER,214,1.9013771657041316
08128014,"Boxberg, Stadt",Erststimmen,FREIE WÄHLER,0,0.0
08128014,"Boxberg, Stadt",Zweitstimmen,FREIE WÄHLER,109,2.8504184100418413
08128020,"Creglingen, Stadt",Erststimmen,FREIE WÄHLER,0,0.0
08128020,"Creglingen, Stadt",Zweitstimmen,FREIE WÄHLER,98,3.656716417910448
08128039,"Freudenberg, Stadt",Erststimmen,FREIE WÄHLER,0,0.0
08128039,"Freudenberg, Stadt",Zweitstimmen,FREIE WÄHLER,63,3.3333333333333335
08128045,Großrinderfeld,Erststimmen,FREIE WÄHLER,0,0.0
08128045,Großrinderfeld,Zweitstimmen,FREIE WÄHLER,57,2.406078514140988
08128047,"Grünsfeld, Stadt",Erststimmen,FREIE WÄHLER,0,0.0
08128047,"Grünsfeld, Stadt",Zweitstimmen,FREIE WÄHLER,42,1.9453450671607224
08128058,Igersheim,Erststimmen,FREIE WÄHLER,0,0.0
08128058,Igersheim,Zweitstimmen,FREIE WÄHLER,81,2.6358607224210866
08128061,Königheim,Erststimmen,FREIE WÄHLER,0,0.0
08128061,Königheim,Zweitstimmen,FREIE WÄHLER,43,2.2667369530838166
08128064,"Külsheim, Stadt",Erststimmen,FREIE WÄHLER,0,0.0
08128064,"Külsheim, Stadt",Zweitstimmen,FREIE WÄHLER,125,4.087638979725311
08128082,"Niederstetten, Stadt",Erststimmen,FREIE WÄHLER,0,0.0
08128082,"Niederstetten, Stadt",Zweitstimmen,FREIE WÄHLER,80,2.6516407026847864
08128115,"Tauberbischofsheim, Stadt",Erststimmen,FREIE WÄHLER,0,0.0
08128115,"Tauberbischofsheim, Stadt",Zweitstimmen,FREIE WÄHLER,174,2.5709219858156027
08128126,"Weikersheim, Stadt",Erststimmen,FREIE WÄHLER,0,0.0
08128126,"Weikersheim, Stadt",Zweitstimmen,FREIE WÄHLER,106,2.3697742007601166
08128128,Werbach,Erststimmen,FREIE WÄHLER,0,0.0
08128128,Werbach,Zweitstimmen,FREIE WÄHLER,46,2.3735810113519094
08128131,"Wertheim, Stadt",Erststimmen,FREIE WÄHLER,0,0.0
08128131,"Wertheim, Stadt",Zweitstimmen,FREIE WÄHLER,323,3.029450384543238
08128137,Wittighausen,Erststimmen,FREIE WÄHLER,0,0.0
08128137,Wittighausen,Zweitstimmen,FREIE WÄHLER,41,4.063429137760158
08128138,Ahorn,Erststimmen,FREIE WÄHLER,0,0.0
08128138,Ahorn,Zweitstimmen,FREIE WÄHLER,60,4.219409282700422
08128139,"Lauda-Königshofen, Stadt",Erststimmen,FREIE WÄHLER,0,0.0
08128139,"Lauda-Königshofen, Stadt",Zweitstimmen,FREIE WÄHLER,159,2.151556156968877
08135010,Dischingen,Erststimmen,FREIE WÄHLER,0,0.0
08135010,Dischingen,Zweitstimmen,FREIE WÄHLER,51,2.0572811617587736
08135015,Gerstetten,Erststimmen,FREIE WÄHLER,0,0.0
08135015,Gerstetten,Zweitstimmen,FREIE WÄHLER,136,2.1539436173582516
08135016,"Giengen an der Brenz, Stadt",Erststimmen,FREIE WÄHLER,0,0.0
08135016,"Giengen an der Brenz, Stadt",Zweitstimmen,FREIE WÄHLER,135,1.7459906880496638
08135019,"Heidenheim an der Brenz, Stadt",Erststimmen,FREIE WÄHLER,0,0.0
08135019,"Heidenheim an der Brenz, Stadt",Zweitstimmen,FREIE WÄHLER,336,1.7942966997757128
08135020,"Herbrechtingen, Stadt",Erststimmen,FREIE WÄHLER,0,0.0
08135020,"Herbrechtingen, Stadt",Zweitstimmen,FREIE WÄHLER,145,2.231799291980914
08135021,Hermaringen,Erststimmen,FREIE WÄHLER,0,0.0
08135021,Hermaringen,Zweitstimmen,FREIE WÄHLER,27,2.088167053364269
08135025,Königsbronn,Erststimmen,FREIE WÄHLER,0,0.0
08135025,Königsbronn,Zweitstimmen,FREIE WÄHLER,68,1.786652653704677
08135026,Nattheim,Erststimmen,FREIE WÄHLER,0,0.0
08135026,Nattheim,Zweitstimmen,FREIE WÄHLER,77,2.0710059171597637
08135027,"Niederstotzingen, Stadt",Erststimmen,FREIE WÄHLER,0,0.0
08135027,"Niederstotzingen, Stadt",Zweitstimmen,FREIE WÄHLER,72,2.8313016122689736
08135031,Sontheim an der Brenz,Erststimmen,FREIE WÄHLER,0,0.0
08135031,Sontheim an der Brenz,Zweitstimmen,FREIE WÄHLER,111,3.536158012105766
08135032,Steinheim am Albuch,Erststimmen,FREIE WÄHLER,0,0.0
08135032,Steinheim am Albuch,Zweitstimmen,FREIE WÄHLER,107,2.3100172711571676
08216002,Au am Rhein,Erststimmen,FREIE WÄHLER,0,0.0
08216002,Au am Rhein,Zweitstimmen,FREIE WÄHLER,61,3.1410916580844486
08216005,Bietigheim,Erststimmen,FREIE WÄHLER,0,0.0
08216005,Bietigheim,Zweitstimmen,FREIE WÄHLER,80,2.3439789041898624
08216006,Bischweier,Erststimmen,FREIE WÄHLER,0,0.0
08216006,Bischweier,Zweitstimmen,FREIE WÄHLER,33,1.9042123485285631
08216009,Durmersheim,Erststimmen,FREIE WÄHLER,0,0.0
08216009,Durmersheim,Zweitstimmen,FREIE WÄHLER,140,2.373685995252628
08216012,Elchesheim-Illingen,Erststimmen,FREIE WÄHLER,0,0.0
08216012,Elchesheim-Illingen,Zweitstimmen,FREIE WÄHLER,36,2.0179372197309418
08216013,Forbach,Erststimmen,FREIE WÄHLER,0,0.0
08216013,Forbach,Zweitstimmen,FREIE WÄHLER,79,3.290295710120783
08216015,"Gaggenau, Stadt",Erststimmen,FREIE WÄHLER,0,0.0
08216015,"Gaggenau, Stadt",Zweitstimmen,FREIE WÄHLER,351,2.511807642765135
08216017,"Gernsbach, Stadt",Erststimmen,FREIE WÄHLER,0,0.0
08216017,"Gernsbach, Stadt",Zweitstimmen,FREIE WÄHLER,132,1.8876018876018876
08216023,Iffezheim,Erststimmen,FREIE WÄHLER,0,0.0
08216023,Iffezheim,Zweitstimmen,FREIE WÄHLER,90,3.391107761868877
08216024,"Kuppenheim, Stadt",Erststimmen,FREIE WÄHLER,0,0.0
08216024,"Kuppenheim, Stadt",Zweitstimmen,FREIE WÄHLER,116,2.7115474520804117
08216029,Loffenau,Erststimmen,FREIE WÄHLER,0,0.0
08216029,Loffenau,Zweitstimmen,FREIE WÄHLER,38,2.8549962434259957
08216033,Muggensturm,Erststimmen,FREIE WÄHLER,0,0.0
08216033,Muggensturm,Zweitstimmen,FREIE WÄHLER,55,1.6964836520666253
08216039,Ötigheim,Erststimmen,FREIE WÄHLER,0,0.0
08216039,Ötigheim,Zweitstimmen,FREIE WÄHLER,60,2.151308712800287
08216043,"Rastatt, Stadt",Erststimmen,FREIE WÄHLER,0,0.0
08216043,"Rastatt, Stadt",Zweitstimmen,FREIE WÄHLER,381,2.0873281104475976
08216052,Steinmauern,Erststimmen,FREIE WÄHLER,0,0.0
08216052,Steinmauern,Zweitstimmen,FREIE WÄHLER,27,1.6343825665859564
08216059,Weisenbach,Erststimmen,FREIE WÄHLER,0,0.0
08216059,Weisenbach,Zweitstimmen,FREIE WÄHLER,29,2.2816679779701023
08231000,"Pforzheim, Stadt",Erststimmen,FREIE WÄHLER,0,0.0
08231000,"Pforzheim, Stadt",Zweitstimmen,FREIE WÄHLER,434,1.0696241528034505
08235006,"Altensteig, Stadt",Erststimmen,FREIE WÄHLER,0,0.0
08235006,"Altensteig, Stadt",Zweitstimmen,FREIE WÄHLER,57,1.168032786885246
08235007,Althengstett,Erststimmen,FREIE WÄHLER,0,0.0
08235007,Althengstett,Zweitstimmen,FREIE WÄHLER,90,1.96377918394065
08235008,"Bad Liebenzell, Stadt",Erststimmen,FREIE WÄHLER,0,0.0
08235008,"Bad Liebenzell, Stadt",Zweitstimmen,FREIE WÄHLER,96,1.9838809671419715
08235018,Dobel,Erststimmen,FREIE WÄHLER,0,0.0
08235018,Dobel,Zweitstimmen,FREIE WÄHLER,16,1.335559265442404
08235020,Ebhausen,Erststimmen,FREIE WÄHLER,0,0.0
08235020,Ebhausen,Zweitstimmen,FREIE WÄHLER,41,1.699129714048902
08235022,Egenhausen,Erststimmen,FREIE WÄHLER,0,0.0
08235022,Egenhausen,Zweitstimmen,FREIE WÄHLER,26,2.2090059473237043
08235025,Enzklösterle,Erststimmen,FREIE WÄHLER,0,0.0
08235025,Enzklösterle,Zweitstimmen,FREIE WÄHLER,12,1.6783216783216783
08235029,Gechingen,Erststimmen,FREIE WÄHLER,0,0.0
08235029,Gechingen,Zweitstimmen,FREIE WÄHLER,32,1.509433962264151
08235032,"Haiterbach, Stadt",Erststimmen,FREIE WÄHLER,0,0.0
08235032,"Haiterbach, Stadt",Zweitstimmen,FREIE WÄHLER,36,1.3038754074610648
08235033,"Bad Herrenalb, Stadt",Erststimmen,FREIE WÄHLER,0,0.0
08235033,"Bad Herrenalb, Stadt",Zweitstimmen,FREIE WÄHLER,61,1.6245006657789614
08235035,Höfen an der Enz,Erststimmen,FREIE WÄHLER,0,0.0
08235035,Höfen an der Enz,Zweitstimmen,FREIE WÄHLER,7,0.8782936010037641
08235046,"Nagold, Stadt",Erststimmen,FREIE WÄHLER,0,0.0
08235046,"Nagold, Stadt",Zweitstimmen,FREIE WÄHLER,164,1.5452746631489682
08235047,"Neubulach, Stadt",Erststimmen,FREIE WÄHLER,0,0.0
08235047,"Neubulach, Stadt",Zweitstimmen,FREIE WÄHLER,61,1.8451300665456745
08235050,Neuweiler,Erststimmen,FREIE WÄHLER,0,0.0
08235050,Neuweiler,Zweitstimmen,FREIE WÄHLER,45,2.3634453781512605
08235055,Oberreichenbach,Erststimmen,FREIE WÄHLER,0,0.0
08235055,Oberreichenbach,Zweitstimmen,FREIE WÄHLER,33,1.7665952890792294
08235057,Ostelsheim,Erststimmen,FREIE WÄHLER,0,0.0
08235057,Ostelsheim,Zweitstimmen,FREIE WÄHLER,19,1.3231197771587744
08235060,Rohrdorf,Erststimmen,FREIE WÄHLER,0,0.0
08235060,Rohrdorf,Zweitstimmen,FREIE WÄHLER,24,2.724177071509648
08235065,Schömberg,Erststimmen,FREIE WÄHLER,0,0.0
08235065,Schömberg,Zweitstimmen,FREIE WÄHLER,57,1.5442969384990517
08235066,Simmersfeld,Erststimmen,FREIE WÄHLER,0,0.0
08235066,Simmersfeld,Zweitstimmen,FREIE WÄHLER,13,1.021209740769835
08235067,Simmozheim,Erststimmen,FREIE WÄHLER,0,0.0
08235067,Simmozheim,Zweitstimmen,FREIE WÄHLER,37,2.2938623682579045
08235073,Unterreichenbach,Erststimmen,FREIE WÄHLER,0,0.0
08235073,Unterreichenbach,Zweitstimmen,FREIE WÄHLER,7,0.6145741878841089
08235079,"Bad Wildbad, Stadt",Erststimmen,FREIE WÄHLER,0,0.0
08235079,"Bad Wildbad, Stadt",Zweitstimmen,FREIE WÄHLER,57,1.3258897418004187
08235080,"Wildberg, Stadt",Erststimmen,FREIE WÄHLER,0,0.0
08235080,"Wildberg, Stadt",Zweitstimmen,FREIE WÄHLER,139,2.4901469007524186
08235084,"Bad Teinach-Zavelstein, Stadt",Erststimmen,FREIE WÄHLER,0,0.0
08235084,"Bad Teinach-Zavelstein, Stadt",Zweitstimmen,FREIE WÄHLER,37,2.0939445387662703
08235085,"Calw, Stadt",Erststimmen,FREIE WÄHLER,0,0.0
08235085,"Calw, Stadt",Zweitstimmen,FREIE WÄHLER,207,1.9508057675996608
08236004,Birkenfeld,Erststimmen,FREIE WÄHLER,0,0.0
08236004,Birkenfeld,Zweitstimmen,FREIE WÄHLER,71,1.4009471191791634
08236011,Eisingen,Erststimmen,FREIE WÄHLER,0,0.0
08236011,Eisingen,Zweitstimmen,FREIE WÄHLER,62,2.6304624522698346
08236013,Engelsbrand,Erststimmen,FREIE WÄHLER,0,0.0
08236013,Engelsbrand,Zweitstimmen,FREIE WÄHLER,42,1.718494271685761
08236019,Friolzheim,Erststimmen,FREIE WÄHLER,0,0.0
08236019,Friolzheim,Zweitstimmen,FREIE WÄHLER,45,2.138783269961977
08236025,"Heimsheim, Stadt",Erststimmen,FREIE WÄHLER,0,0.0
08236025,"Heimsheim, Stadt",Zweitstimmen,FREIE WÄHLER,46,1.7293233082706767
08236028,Illingen,Erststimmen,FREIE WÄHLER,0,0.0
08236028,Illingen,Zweitstimmen,FREIE WÄHLER,52,1.3006503251625814
08236030,Ispringen,Erststimmen,FREIE WÄHLER,0,0.0
08236030,Ispringen,Zweitstimmen,FREIE WÄHLER,58,2.0655270655270654
08236031,Kieselbronn,Erststimmen,FREIE WÄHLER,0,0.0
08236031,Kieselbronn,Zweitstimmen,FREIE WÄHLER,23,1.4303482587064678
08236033,"Knittlingen, Stadt",Erststimmen,FREIE WÄHLER,0,0.0
08236033,"Knittlingen, Stadt",Zweitstimmen,FREIE WÄHLER,49,1.2327044025157232
08236038,"Maulbronn, Stadt",Erststimmen,FREIE WÄHLER,0,0.0
08236038,"Maulbronn, Stadt",Zweitstimmen,FREIE WÄHLER,52,1.5887564925145128
08236039,Mönsheim,Erststimmen,FREIE WÄHLER,0,0.0
08236039,Mönsheim,Zweitstimmen,FREIE WÄHLER,31,1.9620253164556962
08236040,"Mühlacker, Stadt",Erststimmen,FREIE WÄHLER,0,0.0
08236040,"Mühlacker, Stadt",Zweitstimmen,FREIE WÄHLER,174,1.616349280074315
08236043,"Neuenbürg, Stadt",Erststimmen,FREIE WÄHLER,0,0.0
08236043,"Neuenbürg, Stadt",Zweitstimmen,FREIE WÄHLER,66,1.788617886178862
08236044,Neuhausen,Erststimmen,FREIE WÄHLER,0,0.0
08236044,Neuhausen,Zweitstimmen,FREIE WÄHLER,47,1.540983606557377
08236046,Niefern-Öschelbronn,Erststimmen,FREIE WÄHLER,0,0.0
08236046,Niefern-Öschelbronn,Zweitstimmen,FREIE WÄHLER,93,1.6639828234031133
08236050,Ötisheim,Erststimmen,FREIE WÄHLER,0,0.0
08236050,Ötisheim,Zweitstimmen,FREIE WÄHLER,51,2.005505308690523
08236061,Sternenfels,Erststimmen,FREIE WÄHLER,0,0.0
08236061,Sternenfels,Zweitstimmen,FREIE WÄHLER,39,2.506426735218509
08236062,Tiefenbronn,Erststimmen,FREIE WÄHLER,0,0.0
08236062,Tiefenbronn,Zweitstimmen,FREIE WÄHLER,59,1.834006838669568
08236065,Wiernsheim,Erststimmen,FREIE WÄHLER,0,0.0
08236065,Wiernsheim,Zweitstimmen,FREIE WÄHLER,42,1.0931806350858928
08236067,Wimsheim,Erststimmen,FREIE WÄHLER,0,0.0
08236067,Wimsheim,Zweitstimmen,FREIE WÄHLER,34,2.0884520884520885
08236068,Wurmberg,Erststimmen,FREIE WÄHLER,0,0.0
08236068,Wurmberg,Zweitstimmen,FREIE WÄHLER,22,1.3496932515337423
08236070,Keltern,Erststimmen,FREIE WÄHLER,0,0.0
08236070,Keltern,Zweitstimmen,FREIE WÄHLER,80,1.5226494099733536
08236071,Remchingen,Erststimmen,FREIE WÄHLER,0,0.0
08236071,Remchingen,Zweitstimmen,FREIE WÄHLER,125,1.9287147045209074
08236072,Straubenhardt,Erststimmen,FREIE WÄHLER,0,0.0
08236072,Straubenhardt,Zweitstimmen,FREIE WÄHLER,130,2.11691906855561
08236073,Neulingen,Erststimmen,FREIE WÄHLER,0,0.0
08236073,Neulingen,Zweitstimmen,FREIE WÄHLER,72,1.948051948051948
08236074,Kämpfelbach,Erststimmen,FREIE WÄHLER,0,0.0
08236074,Kämpfelbach,Zweitstimmen,FREIE WÄHLER,96,2.67483978824185
08236075,Ölbronn-Dürrn,Erststimmen,FREIE WÄHLER,0,0.0
08236075,Ölbronn-Dürrn,Zweitstimmen,FREIE WÄHLER,27,1.3775510204081634
08236076,Königsbach-Stein,Erststimmen,FREIE WÄHLER,0,0.0
08236076,Königsbach-Stein,Zweitstimmen,FREIE WÄHLER,124,2.223417608032993
08237002,"Alpirsbach, Stadt",Erststimmen,FREIE WÄHLER,0,0.0
08237002,"Alpirsbach, Stadt",Zweitstimmen,FREIE WÄHLER,43,1.3857557202707058
08237004,Baiersbronn,Erststimmen,FREIE WÄHLER,0,0.0
08237004,Baiersbronn,Zweitstimmen,FREIE WÄHLER,117,1.578734313857779
08237019,"Dornstetten, Stadt",Erststimmen,FREIE WÄHLER,0,0.0
08237019,"Dornstetten, Stadt",Zweitstimmen,FREIE WÄHLER,64,1.5798568254751912
08237024,Empfingen,Erststimmen,FREIE WÄHLER,0,0.0
08237024,Empfingen,Zweitstimmen,FREIE WÄHLER,32,1.4394961763382816
08237027,Eutingen im Gäu,Erststimmen,FREIE WÄHLER,0,0.0
08237027,Eutingen im Gäu,Zweitstimmen,FREIE WÄHLER,57,1.694411414982164
08237028,"Freudenstadt, Stadt",Erststimmen,FREIE WÄHLER,0,0.0
08237028,"Freudenstadt, Stadt",Zweitstimmen,FREIE WÄHLER,143,1.3244419746225804
08237030,Glatten,Erststimmen,FREIE WÄHLER,0,0.0
08237030,Glatten,Zweitstimmen,FREIE WÄHLER,38,2.6798307475317347
08237032,Grömbach,Erststimmen,FREIE WÄHLER,0,0.0
08237032,Grömbach,Zweitstimmen,FREIE WÄHLER,7,2.6415094339622645
08237040,"Horb am Neckar, Stadt",Erststimmen,FREIE WÄHLER,0,0.0
08237040,"Horb am Neckar, Stadt",Zweitstimmen,FREIE WÄHLER,149,1.190856777493606
08237045,Loßburg,Erststimmen,FREIE WÄHLER,0,0.0
08237045,Loßburg,Zweitstimmen,FREIE WÄHLER,87,1.9428316212594907
08237054,Pfalzgrafenweiler,Erststimmen,FREIE WÄHLER,0,0.0
08237054,Pfalzgrafenweiler,Zweitstimmen,FREIE WÄHLER,60,1.639344262295082
08237061,Schopfloch,Erststimmen,FREIE WÄHLER,0,0.0
08237061,Schopfloch,Zweitstimmen,FREIE WÄHLER,23,1.4734144778987828
08237072,Wörnersberg,Erststimmen,FREIE WÄHLER,0,0.0
08237072,Wörnersberg,Zweitstimmen,FREIE WÄHLER,1,1.1111111111111112
08237073,Seewald,Erststimmen,FREIE WÄHLER,0,0.0
08237073,Seewald,Zweitstimmen,FREIE WÄHLER,17,1.4382402707275803
08237074,Waldachtal,Erststimmen,FREIE WÄHLER,0,0.0
08237074,Waldachtal,Zweitstimmen,FREIE WÄHLER,61,1.8955873213175884
08237075,Bad Rippoldsau-Schapbach,Erststimmen,FREIE WÄHLER,0,0.0
08237075,Bad Rippoldsau-Schapbach,Zweitstimmen,FREIE WÄHLER,35,2.8022417934347477
08316002,Bahlingen am Kaiserstuhl,Erststimmen,FREIE WÄHLER,204,7.888631090487238
08316002,Bahlingen am Kaiserstuhl,Zweitstimmen,FREIE WÄHLER,95,3.6637099884303894
08316003,Biederbach,Erststimmen,FREIE WÄHLER,48,4.678362573099415
08316003,Biederbach,Zweitstimmen,FREIE WÄHLER,40,3.8910505836575875
08316009,Denzlingen,Erststimmen,FREIE WÄHLER,211,2.8730936819172115
08316009,Denzlingen,Zweitstimmen,FREIE WÄHLER,116,1.5758728433636733
08316010,"Elzach, Stadt",Erststimmen,FREIE WÄHLER,198,4.618614415675298
08316010,"Elzach, Stadt",Zweitstimmen,FREIE WÄHLER,156,3.6329762459245454
08316011,"Emmendingen, Stadt",Erststimmen,FREIE WÄHLER,526,3.7419079462189657
08316011,"Emmendingen, Stadt",Zweitstimmen,FREIE WÄHLER,340,2.414772727272727
08316012,"Endingen am Kaiserstuhl, Stadt",Erststimmen,FREIE WÄHLER,189,3.2841007819287573
08316012,"Endingen am Kaiserstuhl, Stadt",Zweitstimmen,FREIE WÄHLER,129,2.2395833333333335
08316013,Forchheim,Erststimmen,FREIE WÄHLER,52,6.280193236714976
08316013,Forchheim,Zweitstimmen,FREIE WÄHLER,50,6.045949214026603
08316014,Gutach im Breisgau,Erststimmen,FREIE WÄHLER,118,4.478178368121442
08316014,Gutach im Breisgau,Zweitstimmen,FREIE WÄHLER,99,3.757115749525617
08316017,"Herbolzheim, Stadt",Erststimmen,FREIE WÄHLER,217,4.1254752851711025
08316017,"Herbolzheim, Stadt",Zweitstimmen,FREIE WÄHLER,152,2.881516587677725
08316020,"Kenzingen, Stadt",Erststimmen,FREIE WÄHLER,218,3.919453434016541
08316020,"Kenzingen, Stadt",Zweitstimmen,FREIE WÄHLER,160,2.8689259458490226
08316024,Malterdingen,Erststimmen,FREIE WÄHLER,73,3.840084166228301
08316024,Malterdingen,Zweitstimmen,FREIE WÄHLER,47,2.4697845507094063
08316036,Reute,Erststimmen,FREIE WÄHLER,77,4.438040345821326
08316036,Reute,Zweitstimmen,FREIE WÄHLER,42,2.413793103448276
08316037,Riegel am Kaiserstuhl,Erststimmen,FREIE WÄHLER,81,4.0019762845849804
08316037,Riegel am Kaiserstuhl,Zweitstimmen,FREIE WÄHLER,56,2.7722772277227725
08316038,Sasbach am Kaiserstuhl,Erststimmen,FREIE WÄHLER,125,6.097560975609756
08316038,Sasbach am Kaiserstuhl,Zweitstimmen,FREIE WÄHLER,78,3.79746835443038
08316039,Sexau,Erststimmen,FREIE WÄHLER,89,4.228028503562945
08316039,Sexau,Zweitstimmen,FREIE WÄHLER,69,3.2701421800947865
08316042,Simonswald,Erststimmen,FREIE WÄHLER,64,3.601575689364097
08316042,Simonswald,Zweitstimmen,FREIE WÄHLER,49,2.765237020316027
08316043,Teningen,Erststimmen,FREIE WÄHLER,327,5.109375
08316043,Teningen,Zweitstimmen,FREIE WÄHLER,186,2.895392278953923
08316045,Vörstetten,Erststimmen,FREIE WÄHLER,85,4.487856388595565
08316045,Vörstetten,Zweitstimmen,FREIE WÄHLER,48,2.534318901795143
08316049,Weisweil,Erststimmen,FREIE WÄHLER,57,4.563650920736589
08316049,Weisweil,Zweitstimmen,FREIE WÄHLER,33,2.64
08316051,Wyhl am Kaiserstuhl,Erststimmen,FREIE WÄHLER,119,5.748792270531402
08316051,Wyhl am Kaiserstuhl,Zweitstimmen,FREIE WÄHLER,84,4.057971014492753
08316053,Rheinhausen im Breisgau,Erststimmen,FREIE WÄHLER,83,3.6758193091231175
08316053,Rheinhausen im Breisgau,Zweitstimmen,FREIE WÄHLER,46,2.024647887323944
08316054,Freiamt,Erststimmen,FREIE WÄHLER,187,7.453168593064966
08316054,Freiamt,Zweitstimmen,FREIE WÄHLER,176,7.00915969733174
08316055,Winden im Elztal,Erststimmen,FREIE WÄHLER,64,3.9239730226854688
08316055,Winden im Elztal,Zweitstimmen,FREIE WÄHLER,49,2.998776009791922
08316056,"Waldkirch, Stadt",Erststimmen,FREIE WÄHLER,410,3.6395916555703502
08316056,"Waldkirch, Stadt",Zweitstimmen,FREIE WÄHLER,268,2.374623427255006
08325001,Aichhalden,Erststimmen,FREIE WÄHLER,0,0.0
08325001,Aichhalden,Zweitstimmen,FREIE WÄHLER,51,2.000784621420165
08325009,Bösingen,Erststimmen,FREIE WÄHLER,0,0.0
08325009,Bösingen,Zweitstimmen,FREIE WÄHLER,39,1.8867924528301887
08325011,Dietingen,Erststimmen,FREIE WÄHLER,0,0.0
08325011,Dietingen,Zweitstimmen,FREIE WÄHLER,38,1.595298068849706
08325012,"Dornhan, Stadt",Erststimmen,FREIE WÄHLER,0,0.0
08325012,"Dornhan, Stadt",Zweitstimmen,FREIE WÄHLER,69,1.9236130471145803
08325014,Dunningen,Erststimmen,FREIE WÄHLER,0,0.0
08325014,Dunningen,Zweitstimmen,FREIE WÄHLER,80,2.151694459386767
08325015,Epfendorf,Erststimmen,FREIE WÄHLER,0,0.0
08325015,Epfendorf,Zweitstimmen,FREIE WÄHLER,28,1.549529607083564
08325024,Hardt,Erststimmen,FREIE WÄHLER,0,0.0
08325024,Hardt,Zweitstimmen,FREIE WÄHLER,28,1.680672268907563
08325036,Lauterbach,Erststimmen,FREIE WÄHLER,0,0.0
08325036,Lauterbach,Zweitstimmen,FREIE WÄHLER,25,1.6778523489932886
08325045,"Oberndorf am Neckar, Stadt",Erststimmen,FREIE WÄHLER,0,0.0
08325045,"Oberndorf am Neckar, Stadt",Zweitstimmen,FREIE WÄHLER,140,2.1854511395566654
08325049,"Rottweil, Stadt",Erststimmen,FREIE WÄHLER,0,0.0
08325049,"Rottweil, Stadt",Zweitstimmen,FREIE WÄHLER,143,1.1870175147339588
08325050,Schenkenzell,Erststimmen,FREIE WÄHLER,0,0.0
08325050,Schenkenzell,Zweitstimmen,FREIE WÄHLER,32,3.0828516377649327
08325051,"Schiltach, Stadt",Erststimmen,FREIE WÄHLER,0,0.0
08325051,"Schiltach, Stadt",Zweitstimmen,FREIE WÄHLER,50,2.4703557312252964
08325053,"Schramberg, Stadt",Erststimmen,FREIE WÄHLER,0,0.0
08325053,"Schramberg, Stadt",Zweitstimmen,FREIE WÄHLER,193,2.050791626819679
08325057,"Sulz am Neckar, Stadt",Erststimmen,FREIE WÄHLER,0,0.0
08325057,"Sulz am Neckar, Stadt",Zweitstimmen,FREIE WÄHLER,152,2.45914900501537
08325060,Villingendorf,Erststimmen,FREIE WÄHLER,0,0.0
08325060,Villingendorf,Zweitstimmen,FREIE WÄHLER,40,2.1019442984760905
08325061,Vöhringen,Erststimmen,FREIE WÄHLER,0,0.0
08325061,Vöhringen,Zweitstimmen,FREIE WÄHLER,65,2.7600849256900215
08325064,Wellendingen,Erststimmen,FREIE WÄHLER,0,0.0
08325064,Wellendingen,Zweitstimmen,FREIE WÄHLER,21,1.2650602409638554
08325069,Zimmern ob Rottweil,Erststimmen,FREIE WÄHLER,0,0.0
08325069,Zimmern ob Rottweil,Zweitstimmen,FREIE WÄHLER,68,2.0328849028400597
08325070,Fluorn-Winzeln,Erststimmen,FREIE WÄHLER,0,0.0
08325070,Fluorn-Winzeln,Zweitstimmen,FREIE WÄHLER,29,1.6183035714285716
08325071,Eschbronn,Erststimmen,FREIE WÄHLER,0,0.0
08325071,Eschbronn,Zweitstimmen,FREIE WÄHLER,39,3.0540328895849647
08325072,Deißlingen,Erststimmen,FREIE WÄHLER,0,0.0
08325072,Deißlingen,Zweitstimmen,FREIE WÄHLER,49,1.5174976772994735
08326003,"Bad Dürrheim, Stadt",Erststimmen,FREIE WÄHLER,0,0.0
08326003,"Bad Dürrheim, Stadt",Zweitstimmen,FREIE WÄHLER,143,2.100470035252644
08326005,"Blumberg, Stadt",Erststimmen,FREIE WÄHLER,0,0.0
08326005,"Blumberg, Stadt",Zweitstimmen,FREIE WÄHLER,67,1.5251536535397223
08326006,"Bräunlingen, Stadt",Erststimmen,FREIE WÄHLER,0,0.0
08326006,"Bräunlingen, Stadt",Zweitstimmen,FREIE WÄHLER,49,1.5540754836663495
08326010,Dauchingen,Erststimmen,FREIE WÄHLER,0,0.0
08326010,Dauchingen,Zweitstimmen,FREIE WÄHLER,54,2.5738798856053386
08326012,"Donaueschingen, Stadt",Erststimmen,FREIE WÄHLER,0,0.0
08326012,"Donaueschingen, Stadt",Zweitstimmen,FREIE WÄHLER,178,1.6892853753440258
08326017,"Furtwangen im Schwarzwald, Stadt",Erststimmen,FREIE WÄHLER,0,0.0
08326017,"Furtwangen im Schwarzwald, Stadt",Zweitstimmen,FREIE WÄHLER,80,2.004008016032064
08326020,Gütenbach,Erststimmen,FREIE WÄHLER,0,0.0
08326020,Gütenbach,Zweitstimmen,FREIE WÄHLER,17,3.0249110320284696
08326027,"Hüfingen, Stadt",Erststimmen,FREIE WÄHLER,0,0.0
08326027,"Hüfingen, Stadt",Zweitstimmen,FREIE WÄHLER,68,1.7210832700582133
08326031,Königsfeld im Schwarzwald,Erststimmen,FREIE WÄHLER,0,0.0
08326031,Königsfeld im Schwarzwald,Zweitstimmen,FREIE WÄHLER,69,1.9546742209631727
08326037,Mönchweiler,Erststimmen,FREIE WÄHLER,0,0.0
08326037,Mönchweiler,Zweitstimmen,FREIE WÄHLER,26,1.5681544028950543
08326041,Niedereschach,Erststimmen,FREIE WÄHLER,0,0.0
08326041,Niedereschach,Zweitstimmen,FREIE WÄHLER,63,1.8924601982577351
08326052,"St. Georgen im Schwarzwald, Stadt",Erststimmen,FREIE WÄHLER,0,0.0
08326052,"St. Georgen im Schwarzwald, Stadt",Zweitstimmen,FREIE WÄHLER,175,2.836764467498784
08326054,Schönwald im Schwarzwald,Erststimmen,FREIE WÄHLER,0,0.0
08326054,Schönwald im Schwarzwald,Zweitstimmen,FREIE WÄHLER,39,2.93896006028636
08326055,Schonach im Schwarzwald,Erststimmen,FREIE WÄHLER,0,0.0
08326055,Schonach im Schwarzwald,Zweitstimmen,FREIE WÄHLER,76,3.6070242050308496
08326060,"Triberg im Schwarzwald, Stadt",Erststimmen,FREIE WÄHLER,0,0.0
08326060,"Triberg im Schwarzwald, Stadt",Zweitstimmen,FREIE WÄHLER,51,2.8491620111731844
08326061,Tuningen,Erststimmen,FREIE WÄHLER,0,0.0
08326061,Tuningen,Zweitstimmen,FREIE WÄHLER,32,1.9207683073229291
08326065,Unterkirnach,Erststimmen,FREIE WÄHLER,0,0.0
08326065,Unterkirnach,Zweitstimmen,FREIE WÄHLER,15,1.1952191235059761
08326068,"Vöhrenbach, Stadt",Erststimmen,FREIE WÄHLER,0,0.0
08326068,"Vöhrenbach, Stadt",Zweitstimmen,FREIE WÄHLER,45,2.6690391459074734
08326074,"Villingen-Schwenningen, Stadt",Erststimmen,FREIE WÄHLER,0,0.0
08326074,"Villingen-Schwenningen, Stadt",Zweitstimmen,FREIE WÄHLER,684,1.949828962371722
08326075,Brigachtal,Erststimmen,FREIE WÄHLER,0,0.0
08326075,Brigachtal,Zweitstimmen,FREIE WÄHLER,64,2.183555100648243
08327002,Aldingen,Erststimmen,FREIE WÄHLER,0,0.0
08327002,Aldingen,Zweitstimmen,FREIE WÄHLER,63,1.9474497681607421
08327004,Bärenthal,Erststimmen,FREIE WÄHLER,0,0.0
08327004,Bärenthal,Zweitstimmen,FREIE WÄHLER,4,1.4336917562724014
08327005,Balgheim,Erststimmen,FREIE WÄHLER,0,0.0
08327005,Balgheim,Zweitstimmen,FREIE WÄHLER,18,2.556818181818182
08327006,Böttingen,Erststimmen,FREIE WÄHLER,0,0.0
08327006,Böttingen,Zweitstimmen,FREIE WÄHLER,16,1.972872996300863
08327007,Bubsheim,Erststimmen,FREIE WÄHLER,0,0.0
08327007,Bubsheim,Zweitstimmen,FREIE WÄHLER,9,1.6216216216216217
08327008,Buchheim,Erststimmen,FREIE WÄHLER,0,0.0
08327008,Buchheim,Zweitstimmen,FREIE WÄHLER,2,0.4424778761061947
08327009,Deilingen,Erststimmen,FREIE WÄHLER,0,0.0
08327009,Deilingen,Zweitstimmen,FREIE WÄHLER,7,0.7345225603357817
08327010,Denkingen,Erststimmen,FREIE WÄHLER,0,0.0
08327010,Denkingen,Zweitstimmen,FREIE WÄHLER,12,0.8108108108108109
08327011,Dürbheim,Erststimmen,FREIE WÄHLER,0,0.0
08327011,Dürbheim,Zweitstimmen,FREIE WÄHLER,17,1.7507723995880538
08327012,Durchhausen,Erststimmen,FREIE WÄHLER,0,0.0
08327012,Durchhausen,Zweitstimmen,FREIE WÄHLER,17,3.213610586011342
08327013,Egesheim,Erststimmen,FREIE WÄHLER,0,0.0
08327013,Egesheim,Zweitstimmen,FREIE WÄHLER,2,0.7042253521126761
08327016,"Fridingen an der Donau, Stadt",Erststimmen,FREIE WÄHLER,0,0.0
08327016,"Fridingen an der Donau, Stadt",Zweitstimmen,FREIE WÄHLER,39,2.328358208955224
08327017,Frittlingen,Erststimmen,FREIE WÄHLER,0,0.0
08327017,Frittlingen,Zweitstimmen,FREIE WÄHLER,15,1.3774104683195594
08327018,"Geisingen, Stadt",Erststimmen,FREIE WÄHLER,0,0.0
08327018,"Geisingen, Stadt",Zweitstimmen,FREIE WÄHLER,63,2.0937188434695915
08327019,Gosheim,Erststimmen,FREIE WÄHLER,0,0.0
08327019,Gosheim,Zweitstimmen,FREIE WÄHLER,33,1.9042123485285631
08327020,Gunningen,Erststimmen,FREIE WÄHLER,0,0.0
08327020,Gunningen,Zweitstimmen,FREIE WÄHLER,10,2.444987775061125
08327023,Hausen ob Verena,Erststimmen,FREIE WÄHLER,0,0.0
08327023,Hausen ob Verena,Zweitstimmen,FREIE WÄHLER,9,1.8442622950819672
08327025,Immendingen,Erststimmen,FREIE WÄHLER,0,0.0
08327025,Immendingen,Zweitstimmen,FREIE WÄHLER,70,2.3064250411861615
08327027,Irndorf,Erststimmen,FREIE WÄHLER,0,0.0
08327027,Irndorf,Zweitstimmen,FREIE WÄHLER,8,1.7699115044247788
08327029,Königsheim,Erststimmen,FREIE WÄHLER,0,0.0
08327029,Königsheim,Zweitstimmen,FREIE WÄHLER,7,1.977401129943503
08327030,Kolbingen,Erststimmen,FREIE WÄHLER,0,0.0
08327030,Kolbingen,Zweitstimmen,FREIE WÄHLER,29,3.7908496732026142
08327033,Mahlstetten,Erststimmen,FREIE WÄHLER,0,0.0
08327033,Mahlstetten,Zweitstimmen,FREIE WÄHLER,10,2.079002079002079
08327036,"Mühlheim an der Donau, Stadt",Erststimmen,FREIE WÄHLER,0,0.0
08327036,"Mühlheim an der Donau, Stadt",Zweitstimmen,FREIE WÄHLER,39,1.9278299555116163
08327038,Neuhausen ob Eck,Erststimmen,FREIE WÄHLER,0,0.0
08327038,Neuhausen ob Eck,Zweitstimmen,FREIE WÄHLER,55,2.858627858627859
08327040,Reichenbach am Heuberg,Erststimmen,FREIE WÄHLER,0,0.0
08327040,Reichenbach am Heuberg,Zweitstimmen,FREIE WÄHLER,1,0.45454545454545453
08327041,Renquishausen,Erststimmen,FREIE WÄHLER,0,0.0
08327041,Renquishausen,Zweitstimmen,FREIE WÄHLER,14,2.7944111776447107
08327046,"Spaichingen, Stadt",Erststimmen,FREIE WÄHLER,0,0.0
08327046,"Spaichingen, Stadt",Zweitstimmen,FREIE WÄHLER,103,1.7816986680505105
08327048,Talheim,Erststimmen,FREIE WÄHLER,0,0.0
08327048,Talheim,Zweitstimmen,FREIE WÄHLER,10,1.3908205841446455
08327049,"Trossingen, Stadt",Erststimmen,FREIE WÄHLER,0,0.0
08327049,"Trossingen, Stadt",Zweitstimmen,FREIE WÄHLER,116,1.787640622592079
08327050,"Tuttlingen, Stadt",Erststimmen,FREIE WÄHLER,0,0.0
08327050,"Tuttlingen, Stadt",Zweitstimmen,FREIE WÄHLER,168,1.2919101814826206
08327051,Wehingen,Erststimmen,FREIE WÄHLER,0,0.0
08327051,Wehingen,Zweitstimmen,FREIE WÄHLER,35,2.259522272433828
08327054,Wurmlingen,Erststimmen,FREIE WÄHLER,0,0.0
08327054,Wurmlingen,Zweitstimmen,FREIE WÄHLER,18,0.8356545961002786
08327055,Seitingen-Oberflacht,Erststimmen,FREIE WÄHLER,0,0.0
08327055,Seitingen-Oberflacht,Zweitstimmen,FREIE WÄHLER,15,1.1450381679389312
08327056,Rietheim-Weilheim,Erststimmen,FREIE WÄHLER,0,0.0
08327056,Rietheim-Weilheim,Zweitstimmen,FREIE WÄHLER,23,1.593901593901594
08327057,Emmingen-Liptingen,Erststimmen,FREIE WÄHLER,0,0.0
08327057,Emmingen-Liptingen,Zweitstimmen,FREIE WÄHLER,22,0.8393742846241892
08336004,Aitern,Erststimmen,FREIE WÄHLER,11,3.571428571428571
08336004,Aitern,Zweitstimmen,FREIE WÄHLER,13,4.234527687296417
08336006,Bad Bellingen,Erststimmen,FREIE WÄHLER,94,4.374127501163332
08336006,Bad Bellingen,Zweitstimmen,FREIE WÄHLER,68,3.149606299212598
08336008,Binzen,Erststimmen,FREIE WÄHLER,96,5.842970176506391
08336008,Binzen,Zweitstimmen,FREIE WÄHLER,59,3.588807785888078
08336010,Böllen,Erststimmen,FREIE WÄHLER,0,0.0
08336010,Böllen,Zweitstimmen,FREIE WÄHLER,0,0.0
08336014,Efringen-Kirchen,Erststimmen,FREIE WÄHLER,216,4.519774011299435
08336014,Efringen-Kirchen,Zweitstimmen,FREIE WÄHLER,151,3.1524008350730686
08336019,Eimeldingen,Erststimmen,FREIE WÄHLER,54,4.199066874027993
08336019,Eimeldingen,Zweitstimmen,FREIE WÄHLER,44,3.4055727554179565
08336024,Fischingen,Erststimmen,FREIE WÄHLER,13,3.110047846889952
08336024,Fischingen,Zweitstimmen,FREIE WÄHLER,8,1.9138755980861244
08336025,Fröhnd,Erststimmen,FREIE WÄHLER,8,2.4922118380062304
08336025,Fröhnd,Zweitstimmen,FREIE WÄHLER,8,2.5316455696202533
08336034,Hasel,Erststimmen,FREIE WÄHLER,20,3.278688524590164
08336034,Hasel,Zweitstimmen,FREIE WÄHLER,15,2.459016393442623
08336036,Hausen im Wiesental,Erststimmen,FREIE WÄHLER,52,4.25531914893617
08336036,Hausen im Wiesental,Zweitstimmen,FREIE WÄHLER,36,2.936378466557912
08336043,Inzlingen,Erststimmen,FREIE WÄHLER,26,1.9593067068575734
08336043,Inzlingen,Zweitstimmen,FREIE WÄHLER,20,1.5026296018031555
08336050,"Lörrach, Stadt",Erststimmen,FREIE WÄHLER,630,3.0710734132787363
08336050,"Lörrach, Stadt",Zweitstimmen,FREIE WÄHLER,449,2.1837459267545354
08336057,Maulburg,Erststimmen,FREIE WÄHLER,84,4.1895261845386536
08336057,Maulburg,Zweitstimmen,FREIE WÄHLER,52,2.593516209476309
08336069,"Rheinfelden (Baden), Stadt",Erststimmen,FREIE WÄHLER,657,4.828397148526493
08336069,"Rheinfelden (Baden), Stadt",Zweitstimmen,FREIE WÄHLER,418,3.064516129032258
08336073,Rümmingen,Erststimmen,FREIE WÄHLER,52,5.567451820128479
08336073,Rümmingen,Zweitstimmen,FREIE WÄHLER,39,4.171122994652406
08336075,Schallbach,Erststimmen,FREIE WÄHLER,21,4.312114989733059
08336075,Schallbach,Zweitstimmen,FREIE WÄHLER,17,3.5196687370600417
08336079,"Schönau im Schwarzwald, Stadt",Erststimmen,FREIE WÄHLER,31,4.754601226993866
08336079,"Schönau im Schwarzwald, Stadt",Zweitstimmen,FREIE WÄHLER,22,3.3846153846153846
08336080,Schönenberg,Erststimmen,FREIE WÄHLER,6,3.7735849056603774
08336080,Schönenberg,Zweitstimmen,FREIE WÄHLER,3,1.8518518518518516
08336081,"Schopfheim, Stadt",Erststimmen,FREIE WÄHLER,370,3.9529914529914527
08336081,"Schopfheim, Stadt",Zweitstimmen,FREIE WÄHLER,276,2.939610182128022
08336082,Schwörstadt,Erststimmen,FREIE WÄHLER,57,4.8346055979643765
08336082,Schwörstadt,Zweitstimmen,FREIE WÄHLER,39,3.3106960950764006
08336084,Steinen,Erststimmen,FREIE WÄHLER,178,3.3458646616541357
08336084,Steinen,Zweitstimmen,FREIE WÄHLER,133,2.492503748125937
08336087,"Todtnau, Stadt",Erststimmen,FREIE WÄHLER,72,2.8731045490822025
08336087,"Todtnau, Stadt",Zweitstimmen,FREIE WÄHLER,58,2.315369261477046
08336089,Tunau,Erststimmen,FREIE WÄHLER,1,1.1494252873563218
08336089,Tunau,Zweitstimmen,FREIE WÄHLER,3,3.4482758620689653
08336090,Utzenfeld,Erststimmen,FREIE WÄHLER,12,3.508771929824561
08336090,Utzenfeld,Zweitstimmen,FREIE WÄHLER,10,2.9154518950437316
08336091,"Weil am Rhein, Stadt",Erststimmen,FREIE WÄHLER,438,3.743909735874861
08336091,"Weil am Rhein, Stadt",Zweitstimmen,FREIE WÄHLER,293,2.4961662974953147
08336094,Wembach,Erststimmen,FREIE WÄHLER,4,2.857142857142857
08336094,Wembach,Zweitstimmen,FREIE WÄHLER,0,0.0
08336096,Wieden,Erststimmen,FREIE WÄHLER,20,5.88235294117647
08336096,Wieden,Zweitstimmen,FREIE WÄHLER,14,4.105571847507331
08336100,Wittlingen,Erststimmen,FREIE WÄHLER,18,3.364485981308411
08336100,Wittlingen,Zweitstimmen,FREIE WÄHLER,11,2.0522388059701493
08336103,"Zell im Wiesental, Stadt",Erststimmen,FREIE WÄHLER,77,3.0482977038796517
08336103,"Zell im Wiesental, Stadt",Zweitstimmen,FREIE WÄHLER,64,2.5336500395882817
08336105,Grenzach-Wyhlen,Erststimmen,FREIE WÄHLER,268,4.346415828738242
08336105,Grenzach-Wyhlen,Zweitstimmen,FREIE WÄHLER,150,2.4334847501622323
08336106,Häg-Ehrsberg,Erststimmen,FREIE WÄHLER,6,1.2170385395537524
08336106,Häg-Ehrsberg,Zweitstimmen,FREIE WÄHLER,1,0.20325203252032523
08336107,Kleines Wiesental,Erststimmen,FREIE WÄHLER,72,4.360993337371291
08336107,Kleines Wiesental,Zweitstimmen,FREIE WÄHLER,44,2.661826981246219
08337002,Albbruck,Erststimmen,FREIE WÄHLER,328,8.82907133243607
08337002,Albbruck,Zweitstimmen,FREIE WÄHLER,152,4.083825900053735
08337030,Dettighofen,Erststimmen,FREIE WÄHLER,69,12.105263157894736
08337030,Dettighofen,Zweitstimmen,FREIE WÄHLER,22,3.8664323374340945
08337032,Dogern,Erststimmen,FREIE WÄHLER,85,6.955810147299508
08337032,Dogern,Zweitstimmen,FREIE WÄHLER,27,2.2131147540983607
08337038,Görwihl,Erststimmen,FREIE WÄHLER,162,6.758448060075094
08337038,Görwihl,Zweitstimmen,FREIE WÄHLER,84,3.498542274052478
08337049,Herrischried,Erststimmen,FREIE WÄHLER,69,5.133928571428571
08337049,Herrischried,Zweitstimmen,FREIE WÄHLER,44,3.2520325203252036
08337053,Hohentengen am Hochrhein,Erststimmen,FREIE WÄHLER,204,10.833775889537971
08337053,Hohentengen am Hochrhein,Zweitstimmen,FREIE WÄHLER,67,3.5562632696390657
08337060,Jestetten,Erststimmen,FREIE WÄHLER,167,8.00575263662512
08337060,Jestetten,Zweitstimmen,FREIE WÄHLER,63,3.023032629558541
08337062,Klettgau,Erststimmen,FREIE WÄHLER,348,9.555189456342669
08337062,Klettgau,Zweitstimmen,FREIE WÄHLER,126,3.45679012345679
08337065,Lauchringen,Erststimmen,FREIE WÄHLER,342,9.196020435600968
08337065,Lauchringen,Zweitstimmen,FREIE WÄHLER,146,3.9236764310669177
08337066,"Laufenburg (Baden), Stadt",Erststimmen,FREIE WÄHLER,221,5.939263638806772
08337066,"Laufenburg (Baden), Stadt",Zweitstimmen,FREIE WÄHLER,107,2.8647925033467203
08337070,Lottstetten,Erststimmen,FREIE WÄHLER,71,7.915273132664437
08337070,Lottstetten,Zweitstimmen,FREIE WÄHLER,27,3.0033370411568407
08337076,Murg,Erststimmen,FREIE WÄHLER,218,6.831714196176747
08337076,Murg,Zweitstimmen,FREIE WÄHLER,116,3.632947071719386
08337090,Rickenbach,Erststimmen,FREIE WÄHLER,135,6.373937677053824
08337090,Rickenbach,Zweitstimmen,FREIE WÄHLER,85,4.009433962264151
08337096,"Bad Säckingen, Stadt",Erststimmen,FREIE WÄHLER,297,4.148624109512502
08337096,"Bad Säckingen, Stadt",Zweitstimmen,FREIE WÄHLER,172,2.3992188589761474
08337106,"Stühlingen, Stadt",Erststimmen,FREIE WÄHLER,234,8.233638282899367
08337106,"Stühlingen, Stadt",Zweitstimmen,FREIE WÄHLER,81,2.8411083830235007
08337116,"Wehr, Stadt",Erststimmen,FREIE WÄHLER,255,4.701327433628318
08337116,"Wehr, Stadt",Zweitstimmen,FREIE WÄHLER,146,2.6862925482980677
08337118,Weilheim,Erststimmen,FREIE WÄHLER,151,7.848232848232849
08337118,Weilheim,Zweitstimmen,FREIE WÄHLER,60,3.1104199066874028
08337123,Wutöschingen,Erststimmen,FREIE WÄHLER,455,14.362373737373737
08337123,Wutöschingen,Zweitstimmen,FREIE WÄHLER,160,5.044136191677175
08337124,Eggingen,Erststimmen,FREIE WÄHLER,109,11.707841031149302
08337124,Eggingen,Zweitstimmen,FREIE WÄHLER,42,4.501607717041801
08337125,Küssaberg,Erststimmen,FREIE WÄHLER,239,8.45718329794763
08337125,Küssaberg,Zweitstimmen,FREIE WÄHLER,74,2.611150317572336
08337126,"Waldshut-Tiengen, Stadt",Erststimmen,FREIE WÄHLER,709,7.470234959435254
08337126,"Waldshut-Tiengen, Stadt",Zweitstimmen,FREIE WÄHLER,243,2.5570872356098073
08416006,Bodelshausen,Erststimmen,FREIE WÄHLER,0,0.0
08416006,Bodelshausen,Zweitstimmen,FREIE WÄHLER,50,1.8975332068311195
08416009,Dettenhausen,Erststimmen,FREIE WÄHLER,0,0.0
08416009,Dettenhausen,Zweitstimmen,FREIE WÄHLER,49,1.536050156739812
08416018,Hirrlingen,Erststimmen,FREIE WÄHLER,0,0.0
08416018,Hirrlingen,Zweitstimmen,FREIE WÄHLER,48,2.733485193621868
08416025,"Mössingen, Stadt",Erststimmen,FREIE WÄHLER,0,0.0
08416025,"Mössingen, Stadt",Zweitstimmen,FREIE WÄHLER,183,1.7456834875512737
08416031,Ofterdingen,Erststimmen,FREIE WÄHLER,0,0.0
08416031,Ofterdingen,Zweitstimmen,FREIE WÄHLER,43,1.5456506110711719
08416036,"Rottenburg am Neckar, Stadt",Erststimmen,FREIE WÄHLER,0,0.0
08416036,"Rottenburg am Neckar, Stadt",Zweitstimmen,FREIE WÄHLER,260,1.1297962021466128
08416041,"Tübingen, Universitätsstadt",Erststimmen,FREIE WÄHLER,0,0.0
08416041,"Tübingen, Universitätsstadt",Zweitstimmen,FREIE WÄHLER,263,0.5102139794750422
08416048,Ammerbuch,Erststimmen,FREIE WÄHLER,0,0.0
08416048,Ammerbuch,Zweitstimmen,FREIE WÄHLER,74,1.1023387457172649
08416049,Neustetten,Erststimmen,FREIE WÄHLER,0,0.0
08416049,Neustetten,Zweitstimmen,FREIE WÄHLER,36,1.6885553470919326
08416050,Starzach,Erststimmen,FREIE WÄHLER,0,0.0
08416050,Starzach,Zweitstimmen,FREIE WÄHLER,38,1.471727343144849
08417002,"Balingen, Stadt",Erststimmen,FREIE WÄHLER,0,0.0
08417002,"Balingen, Stadt",Zweitstimmen,FREIE WÄHLER,232,1.3214102637124794
08417008,Bisingen,Erststimmen,FREIE WÄHLER,0,0.0
08417008,Bisingen,Zweitstimmen,FREIE WÄHLER,82,1.6605913325232888
08417010,Bitz,Erststimmen,FREIE WÄHLER,0,0.0
08417010,Bitz,Zweitstimmen,FREIE WÄHLER,33,1.6280217069560927
08417014,Dautmergen,Erststimmen,FREIE WÄHLER,0,0.0
08417014,Dautmergen,Zweitstimmen,FREIE WÄHLER,5,1.937984496124031
08417015,Dormettingen,Erststimmen,FREIE WÄHLER,0,0.0
08417015,Dormettingen,Zweitstimmen,FREIE WÄHLER,5,0.8532423208191127
08417016,Dotternhausen,Erststimmen,FREIE WÄHLER,0,0.0
08417016,Dotternhausen,Zweitstimmen,FREIE WÄHLER,15,1.3992537313432836
08417022,"Geislingen, Stadt",Erststimmen,FREIE WÄHLER,0,0.0
08417022,"Geislingen, Stadt",Zweitstimmen,FREIE WÄHLER,75,2.221563981042654
08417023,Grosselfingen,Erststimmen,FREIE WÄHLER,0,0.0
08417023,Grosselfingen,Zweitstimmen,FREIE WÄHLER,27,2.3746701846965697
08417025,"Haigerloch, Stadt",Erststimmen,FREIE WÄHLER,0,0.0
08417025,"Haigerloch, Stadt",Zweitstimmen,FREIE WÄHLER,95,1.6681299385425814
08417029,Hausen am Tann,Erststimmen,FREIE WÄHLER,0,0.0
08417029,Hausen am Tann,Zweitstimmen,FREIE WÄHLER,3,1.1494252873563218
08417044,"Meßstetten, Stadt",Erststimmen,FREIE WÄHLER,0,0.0
08417044,"Meßstetten, Stadt",Zweitstimmen,FREIE WÄHLER,108,1.9484033916651635
08417045,Nusplingen,Erststimmen,FREIE WÄHLER,0,0.0
08417045,Nusplingen,Zweitstimmen,FREIE WÄHLER,12,1.2024048096192386
08417047,Obernheim,Erststimmen,FREIE WÄHLER,0,0.0
08417047,Obernheim,Zweitstimmen,FREIE WÄHLER,10,1.1695906432748537
08417051,Rangendingen,Erststimmen,FREIE WÄHLER,0,0.0
08417051,Rangendingen,Zweitstimmen,FREIE WÄHLER,62,2.1655606007684245
08417052,Ratshausen,Erststimmen,FREIE WÄHLER,0,0.0
08417052,Ratshausen,Zweitstimmen,FREIE WÄHLER,8,1.7699115044247788
08417054,"Rosenfeld, Stadt",Erststimmen,FREIE WÄHLER,0,0.0
08417054,"Rosenfeld, Stadt",Zweitstimmen,FREIE WÄHLER,70,2.0080321285140563
08417057,"Schömberg, Stadt",Erststimmen,FREIE WÄHLER,0,0.0
08417057,"Schömberg, Stadt",Zweitstimmen,FREIE WÄHLER,21,0.9523809523809524
08417063,Straßberg,Erststimmen,FREIE WÄHLER,0,0.0
08417063,Straßberg,Zweitstimmen,FREIE WÄHLER,30,2.09351011863224
08417071,Weilen unter den Rinnen,Erststimmen,FREIE WÄHLER,0,0.0
08417071,Weilen unter den Rinnen,Zweitstimmen,FREIE WÄHLER,8,2.1447721179624666
08417075,Winterlingen,Erststimmen,FREIE WÄHLER,0,0.0
08417075,Winterlingen,Zweitstimmen,FREIE WÄHLER,43,1.290516206482593
08417078,Zimmern unter der Burg,Erststimmen,FREIE WÄHLER,0,0.0
08417078,Zimmern unter der Burg,Zweitstimmen,FREIE WÄHLER,3,1.048951048951049
08417079,"Albstadt, Stadt",Erststimmen,FREIE WÄHLER,0,0.0
08417079,"Albstadt, Stadt",Zweitstimmen,FREIE WÄHLER,301,1.6001275849237149
08425002,Allmendingen,Erststimmen,FREIE WÄHLER,62,2.3048327137546467
08425002,Allmendingen,Zweitstimmen,FREIE WÄHLER,52,1.942472917444901
08425004,Altheim,Erststimmen,FREIE WÄHLER,10,3.6764705882352944
08425004,Altheim,Zweitstimmen,FREIE WÄHLER,8,2.909090909090909
08425005,Altheim (Alb),Erststimmen,FREIE WÄHLER,23,2.2286821705426356
08425005,Altheim (Alb),Zweitstimmen,FREIE WÄHLER,15,1.4450867052023122
08425008,Amstetten,Erststimmen,FREIE WÄHLER,64,2.8893905191873586
08425008,Amstetten,Zweitstimmen,FREIE WÄHLER,43,1.9492293744333637
08425011,Asselfingen,Erststimmen,FREIE WÄHLER,14,2.6515151515151514
08425011,Asselfingen,Zweitstimmen,FREIE WÄHLER,15,2.8301886792452833
08425013,Ballendorf,Erststimmen,FREIE WÄHLER,2,0.6535947712418301
08425013,Ballendorf,Zweitstimmen,FREIE WÄHLER,3,0.9868421052631579
08425014,Beimerstetten,Erststimmen,FREIE WÄHLER,31,2.198581560283688
08425014,Beimerstetten,Zweitstimmen,FREIE WÄHLER,24,1.6961130742049468
08425017,Berghülen,Erststimmen,FREIE WÄHLER,27,2.18978102189781
08425017,Berghülen,Zweitstimmen,FREIE WÄHLER,30,2.4410089503661516
08425019,Bernstadt,Erststimmen,FREIE WÄHLER,42,3.0456852791878175
08425019,Bernstadt,Zweitstimmen,FREIE WÄHLER,34,2.4637681159420293
08425020,"Blaubeuren, Stadt",Erststimmen,FREIE WÄHLER,180,2.9850746268656714
08425020,"Blaubeuren, Stadt",Zweitstimmen,FREIE WÄHLER,139,2.3059057730590578
08425022,Börslingen,Erststimmen,FREIE WÄHLER,1,0.9433962264150944
08425022,Börslingen,Zweitstimmen,FREIE WÄHLER,2,1.9047619047619049
08425024,Breitingen,Erststimmen,FREIE WÄHLER,7,4.929577464788732
08425024,Breitingen,Zweitstimmen,FREIE WÄHLER,1,0.7042253521126761
08425031,Dornstadt,Erststimmen,FREIE WÄHLER,190,3.8998357963875208
08425031,Dornstadt,Zweitstimmen,FREIE WÄHLER,141,2.8846153846153846
08425033,"Ehingen (Donau), Stadt",Erststimmen,FREIE WÄHLER,230,1.7785338694710793
08425033,"Ehingen (Donau), Stadt",Zweitstimmen,FREIE WÄHLER,186,1.4395170652426281
08425035,Emeringen,Erststimmen,FREIE WÄHLER,1,0.9345794392523363
08425035,Emeringen,Zweitstimmen,FREIE WÄHLER,1,0.9433962264150944
08425036,Emerkingen,Erststimmen,FREIE WÄHLER,5,1.3054830287206265
08425036,Emerkingen,Zweitstimmen,FREIE WÄHLER,2,0.5249343832020997
08425050,Griesingen,Erststimmen,FREIE WÄHLER,7,1.4767932489451476
08425050,Griesingen,Zweitstimmen,FREIE WÄHLER,6,1.2684989429175475
08425052,Grundsheim,Erststimmen,FREIE WÄHLER,3,2.2900763358778624
08425052,Grundsheim,Zweitstimmen,FREIE WÄHLER,0,0.0
08425055,Hausen am Bussen,Erststimmen,FREIE WÄHLER,3,2.097902097902098
08425055,Hausen am Bussen,Zweitstimmen,FREIE WÄHLER,3,2.112676056338028
08425062,Holzkirch,Erststimmen,FREIE WÄHLER,4,3.007518796992481
08425062,Holzkirch,Zweitstimmen,FREIE WÄHLER,1,0.7692307692307693
08425071,"Laichingen, Stadt",Erststimmen,FREIE WÄHLER,140,2.3696682464454977
08425071,"Laichingen, Stadt",Zweitstimmen,FREIE WÄHLER,90,1.523100355390083
08425072,"Langenau, Stadt",Erststimmen,FREIE WÄHLER,313,3.874241861616537
08425072,"Langenau, Stadt",Zweitstimmen,FREIE WÄHLER,225,2.7832756061355766
08425073,Lauterach,Erststimmen,FREIE WÄHLER,1,0.3731343283582089
08425073,Lauterach,Zweitstimmen,FREIE WÄHLER,2,0.7434944237918215
08425075,Lonsee,Erststimmen,FREIE WÄHLER,75,2.709537572254335
08425075,Lonsee,Zweitstimmen,FREIE WÄHLER,59,2.1238300935925127
08425079,Merklingen,Erststimmen,FREIE WÄHLER,39,3.24459234608985
08425079,Merklingen,Zweitstimmen,FREIE WÄHLER,29,2.4106400665004157
08425081,"Munderkingen, Stadt",Erststimmen,FREIE WÄHLER,52,2.2857142857142856
08425081,"Munderkingen, Stadt",Zweitstimmen,FREIE WÄHLER,42,1.8502202643171806
08425083,Neenstetten,Erststimmen,FREIE WÄHLER,14,3.3333333333333335
08425083,Neenstetten,Zweitstimmen,FREIE WÄHLER,6,1.4423076923076923
08425084,Nellingen,Erststimmen,FREIE WÄHLER,34,2.6133743274404306
08425084,Nellingen,Zweitstimmen,FREIE WÄHLER,29,2.227342549923195
08425085,Nerenstetten,Erststimmen,FREIE WÄHLER,8,4.18848167539267
08425085,Nerenstetten,Zweitstimmen,FREIE WÄHLER,6,3.125
08425088,Oberdischingen,Erststimmen,FREIE WÄHLER,36,2.7993779160186625
08425088,Oberdischingen,Zweitstimmen,FREIE WÄHLER,19,1.4797507788161994
08425090,Obermarchtal,Erststimmen,FREIE WÄHLER,11,1.3496932515337423
08425090,Obermarchtal,Zweitstimmen,FREIE WÄHLER,14,1.73053152039555
08425091,Oberstadion,Erststimmen,FREIE WÄHLER,26,2.564102564102564
08425091,Oberstadion,Zweitstimmen,FREIE WÄHLER,19,1.8756169792694966
08425092,Öllingen,Erststimmen,FREIE WÄHLER,8,3.225806451612903
08425092,Öllingen,Zweitstimmen,FREIE WÄHLER,5,2.0325203252032518
08425093,Öpfingen,Erststimmen,FREIE WÄHLER,27,2.146263910969793
08425093,Öpfingen,Zweitstimmen,FREIE WÄHLER,17,1.3492063492063493
08425097,Rammingen,Erststimmen,FREIE WÄHLER,21,2.74869109947644
08425097,Rammingen,Zweitstimmen,FREIE WÄHLER,18,2.356020942408377
08425098,Rechtenstein,Erststimmen,FREIE WÄHLER,4,2.73972602739726
08425098,Rechtenstein,Zweitstimmen,FREIE WÄHLER,1,0.6802721088435374
08425104,Rottenacker,Erststimmen,FREIE WÄHLER,23,1.8806214227309894
08425104,Rottenacker,Zweitstimmen,FREIE WÄHLER,18,1.4754098360655739
08425108,"Schelklingen, Stadt",Erststimmen,FREIE WÄHLER,158,4.628002343292326
08425108,"Schelklingen, Stadt",Zweitstimmen,FREIE WÄHLER,100,2.931691586045148
08425112,Setzingen,Erststimmen,FREIE WÄHLER,9,2.616279069767442
08425112,Setzingen,Zweitstimmen,FREIE WÄHLER,10,2.932551319648094
08425123,Untermarchtal,Erststimmen,FREIE WÄHLER,3,0.9287925696594427
08425123,Untermarchtal,Zweitstimmen,FREIE WÄHLER,3,0.9259259259259258
08425124,Unterstadion,Erststimmen,FREIE WÄHLER,5,1.1210762331838564
08425124,Unterstadion,Zweitstimmen,FREIE WÄHLER,4,0.8988764044943821
08425125,Unterwachingen,Erststimmen,FREIE WÄHLER,3,2.3622047244094486
08425125,Unterwachingen,Zweitstimmen,FREIE WÄHLER,4,3.125
08425130,Weidenstetten,Erststimmen,FREIE WÄHLER,25,2.9585798816568047
08425130,Weidenstetten,Zweitstimmen,FREIE WÄHLER,20,2.3696682464454977
08425134,Westerheim,Erststimmen,FREIE WÄHLER,60,3.22234156820623
08425134,Westerheim,Zweitstimmen,FREIE WÄHLER,42,2.2435897435897436
08425135,Westerstetten,Erststimmen,FREIE WÄHLER,36,2.7149321266968327
08425135,Westerstetten,Zweitstimmen,FREIE WÄHLER,26,1.957831325301205
08425139,Heroldstatt,Erststimmen,FREIE WÄHLER,53,3.0671296296296298
08425139,Heroldstatt,Zweitstimmen,FREIE WÄHLER,36,2.0809248554913293
08426001,Achstetten,Erststimmen,FREIE WÄHLER,113,3.8188577222034468
08426001,Achstetten,Zweitstimmen,FREIE WÄHLER,64,2.1665538253215977
08426005,Alleshausen,Erststimmen,FREIE WÄHLER,7,2.430555555555556
08426005,Alleshausen,Zweitstimmen,FREIE WÄHLER,4,1.3986013986013985
08426006,Allmannsweiler,Erststimmen,FREIE WÄHLER,10,5.952380952380952
08426006,Allmannsweiler,Zweitstimmen,FREIE WÄHLER,5,2.976190476190476
08426008,Altheim,Erststimmen,FREIE WÄHLER,28,2.1840873634945397
08426008,Altheim,Zweitstimmen,FREIE WÄHLER,17,1.3270882123341141
08426011,Attenweiler,Erststimmen,FREIE WÄHLER,138,11.33935907970419
08426011,Attenweiler,Zweitstimmen,FREIE WÄHLER,54,4.4298605414273995
08426013,"Bad Buchau, Stadt",Erststimmen,FREIE WÄHLER,111,4.123328380386329
08426013,"Bad Buchau, Stadt",Zweitstimmen,FREIE WÄHLER,72,2.6578073089700998
08426014,"Bad Schussenried, Stadt",Erststimmen,FREIE WÄHLER,136,3.1178358551123337
08426014,"Bad Schussenried, Stadt",Zweitstimmen,FREIE WÄHLER,95,2.1774008709603483
08426020,Betzenweiler,Erststimmen,FREIE WÄHLER,8,2.5974025974025974
08426020,Betzenweiler,Zweitstimmen,FREIE WÄHLER,9,2.9315960912052117
08426021,"Biberach an der Riß, Stadt",Erststimmen,FREIE WÄHLER,428,2.638554959620245
08426021,"Biberach an der Riß, Stadt",Zweitstimmen,FREIE WÄHLER,273,1.6816557841567084
08426028,Burgrieden,Erststimmen,FREIE WÄHLER,88,3.7865748709122204
08426028,Burgrieden,Zweitstimmen,FREIE WÄHLER,57,2.444253859348199
08426035,Dürmentingen,Erststimmen,FREIE WÄHLER,64,4.31266846361186
08426035,Dürmentingen,Zweitstimmen,FREIE WÄHLER,44,2.9729729729729732
08426036,Dürnau,Erststimmen,FREIE WÄHLER,5,2.512562814070352
08426036,Dürnau,Zweitstimmen,FREIE WÄHLER,3,1.507537688442211
08426038,Eberhardzell,Erststimmen,FREIE WÄHLER,89,3.3073206986250465
08426038,Eberhardzell,Zweitstimmen,FREIE WÄHLER,67,2.495344506517691
08426043,Erlenmoos,Erststimmen,FREIE WÄHLER,40,3.717472118959108
08426043,Erlenmoos,Zweitstimmen,FREIE WÄHLER,32,2.97951582867784
08426045,Ertingen,Erststimmen,FREIE WÄHLER,117,3.842364532019704
08426045,Ertingen,Zweitstimmen,FREIE WÄHLER,67,2.203222624136797
08426058,Hochdorf,Erststimmen,FREIE WÄHLER,44,3.0323914541695385
08426058,Hochdorf,Zweitstimmen,FREIE WÄHLER,33,2.2774327122153206
08426062,Ingoldingen,Erststimmen,FREIE WÄHLER,51,2.7027027027027026
08426062,Ingoldingen,Zweitstimmen,FREIE WÄHLER,46,2.437731849496555
08426064,Kanzach,Erststimmen,FREIE WÄHLER,14,5.714285714285714
08426064,Kanzach,Zweitstimmen,FREIE WÄHLER,8,3.2653061224489797
08426067,Langenenslingen,Erststimmen,FREIE WÄHLER,59,2.8710462287104623
08426067,Langenenslingen,Zweitstimmen,FREIE WÄHLER,41,1.9902912621359223
08426070,"Laupheim, Stadt",Erststimmen,FREIE WÄHLER,376,3.3864721246509952
08426070,"Laupheim, Stadt",Zweitstimmen,FREIE WÄHLER,274,2.4649154372076287
08426071,Maselheim,Erststimmen,FREIE WÄHLER,92,3.490136570561457
08426071,Maselheim,Zweitstimmen,FREIE WÄHLER,70,2.6565464895635675
08426073,Mietingen,Erststimmen,FREIE WÄHLER,104,3.592400690846287
08426073,Mietingen,Zweitstimmen,FREIE WÄHLER,80,2.763385146804836
08426074,Mittelbiberach,Erststimmen,FREIE WÄHLER,80,3.097173828881146
08426074,Mittelbiberach,Zweitstimmen,FREIE WÄHLER,48,1.8518518518518516
08426078,Moosburg,Erststimmen,FREIE WÄHLER,3,2.2900763358778624
08426078,Moosburg,Zweitstimmen,FREIE WÄHLER,5,3.8461538461538463
08426087,"Ochsenhausen, Stadt",Erststimmen,FREIE WÄHLER,144,3.176704169424222
08426087,"Ochsenhausen, Stadt",Zweitstimmen,FREIE WÄHLER,111,2.4433193924719347
08426090,Oggelshausen,Erststimmen,FREIE WÄHLER,11,3.492063492063492
08426090,Oggelshausen,Zweitstimmen,FREIE WÄHLER,11,3.481012658227848
08426097,"Riedlingen, Stadt",Erststimmen,FREIE WÄHLER,136,2.5665219852802417
08426097,"Riedlingen, Stadt",Zweitstimmen,FREIE WÄHLER,81,1.5303230682032873
08426108,Schwendi,Erststimmen,FREIE WÄHLER,147,3.9346895074946464
08426108,Schwendi,Zweitstimmen,FREIE WÄHLER,100,2.675943270002676
08426109,Seekirch,Erststimmen,FREIE WÄHLER,6,4.316546762589928
08426109,Seekirch,Zweitstimmen,FREIE WÄHLER,4,2.877697841726619
08426113,Steinhausen an der Rottum,Erststimmen,FREIE WÄHLER,56,4.18848167539267
08426113,Steinhausen an der Rottum,Zweitstimmen,FREIE WÄHLER,40,2.9873039581777445
08426118,Tiefenbach,Erststimmen,FREIE WÄHLER,10,4.524886877828054
08426118,Tiefenbach,Zweitstimmen,FREIE WÄHLER,4,1.8018018018018018
08426120,Ummendorf,Erststimmen,FREIE WÄHLER,66,2.580140734949179
08426120,Ummendorf,Zweitstimmen,FREIE WÄHLER,42,1.6412661195779603
08426121,Unlingen,Erststimmen,FREIE WÄHLER,44,2.9810298102981028
08426121,Unlingen,Zweitstimmen,FREIE WÄHLER,31,2.0917678812415654
08426124,Uttenweiler,Erststimmen,FREIE WÄHLER,72,3.1760035288928097
08426124,Uttenweiler,Zweitstimmen,FREIE WÄHLER,56,2.471315092674316
08426125,Wain,Erststimmen,FREIE WÄHLER,31,3.530751708428246
08426125,Wain,Zweitstimmen,FREIE WÄHLER,23,2.6077097505668934
08426128,Warthausen,Erststimmen,FREIE WÄHLER,96,3.316062176165803
08426128,Warthausen,Zweitstimmen,FREIE WÄHLER,63,2.1791767554479415
08426134,Schemmerhofen,Erststimmen,FREIE WÄHLER,228,4.484657749803304
08426134,Schemmerhofen,Zweitstimmen,FREIE WÄHLER,146,2.8672427336999213
08426135,Gutenzell-Hürbel,Erststimmen,FREIE WÄHLER,36,3.1114952463267067
08426135,Gutenzell-Hürbel,Zweitstimmen,FREIE WÄHLER,23,1.9861830742659756
08435005,Bermatingen,Erststimmen,FREIE WÄHLER,75,3.266550522648084
08435005,Bermatingen,Zweitstimmen,FREIE WÄHLER,69,2.997393570807993
08435010,Daisendorf,Erststimmen,FREIE WÄHLER,15,1.646542261251372
08435010,Daisendorf,Zweitstimmen,FREIE WÄHLER,12,1.3086150490730644
08435013,Eriskirch,Erststimmen,FREIE WÄHLER,99,3.84764865915274
08435013,Eriskirch,Zweitstimmen,FREIE WÄHLER,66,2.562111801242236
08435015,Frickingen,Erststimmen,FREIE WÄHLER,60,3.2240730789897905
08435015,Frickingen,Zweitstimmen,FREIE WÄHLER,47,2.5187566988210075
08435016,"Friedrichshafen, Stadt",Erststimmen,FREIE WÄHLER,866,3.3315380472416707
08435016,"Friedrichshafen, Stadt",Zweitstimmen,FREIE WÄHLER,519,1.9897255022235854
08435018,Hagnau am Bodensee,Erststimmen,FREIE WÄHLER,24,2.902055622732769
08435018,Hagnau am Bodensee,Zweitstimmen,FREIE WÄHLER,12,1.4423076923076923
08435020,Heiligenberg,Erststimmen,FREIE WÄHLER,43,2.5473933649289098
08435020,Heiligenberg,Zweitstimmen,FREIE WÄHLER,21,1.2352941176470587
08435024,Immenstaad am Bodensee,Erststimmen,FREIE WÄHLER,83,2.3816355810616927
08435024,Immenstaad am Bodensee,Zweitstimmen,FREIE WÄHLER,50,1.4310246136233544
08435029,Kressbronn am Bodensee,Erststimmen,FREIE WÄHLER,165,3.471491689459289
08435029,Kressbronn am Bodensee,Zweitstimmen,FREIE WÄHLER,111,2.3289970625262275
08435030,Langenargen,Erststimmen,FREIE WÄHLER,193,4.2841287458379576
08435030,Langenargen,Zweitstimmen,FREIE WÄHLER,126,2.7931722456218133
08435034,"Markdorf, Stadt",Erststimmen,FREIE WÄHLER,239,3.2583503749147926
08435034,"Markdorf, Stadt",Zweitstimmen,FREIE WÄHLER,156,2.121871599564744
08435036,"Meersburg, Stadt",Erststimmen,FREIE WÄHLER,78,2.5802183261660603
08435036,"Meersburg, Stadt",Zweitstimmen,FREIE WÄHLER,46,1.5196564255037992
08435045,Oberteuringen,Erststimmen,FREIE WÄHLER,106,3.943452380952381
08435045,Oberteuringen,Zweitstimmen,FREIE WÄHLER,74,2.744807121661721
08435047,Owingen,Erststimmen,FREIE WÄHLER,82,3.3319788703778954
08435047,Owingen,Zweitstimmen,FREIE WÄHLER,55,2.221324717285945
08435052,Salem,Erststimmen,FREIE WÄHLER,177,2.63903384523632
08435052,Salem,Zweitstimmen,FREIE WÄHLER,122,1.816016671628461
08435053,Sipplingen,Erststimmen,FREIE WÄHLER,39,3.2204789430222958
08435053,Sipplingen,Zweitstimmen,FREIE WÄHLER,28,2.312138728323699
08435054,Stetten,Erststimmen,FREIE WÄHLER,17,2.946273830155979
08435054,Stetten,Zweitstimmen,FREIE WÄHLER,13,2.2452504317789295
08435059,"Überlingen, Stadt",Erststimmen,FREIE WÄHLER,213,1.7540970106234046
08435059,"Überlingen, Stadt",Zweitstimmen,FREIE WÄHLER,123,1.0098522167487685
08435066,Uhldingen-Mühlhofen,Erststimmen,FREIE WÄHLER,144,3.382663847780127
08435066,Uhldingen-Mühlhofen,Zweitstimmen,FREIE WÄHLER,87,2.036993678295481
08435067,Deggenhausertal,Erststimmen,FREIE WÄHLER,124,4.84375
08435067,Deggenhausertal,Zweitstimmen,FREIE WÄHLER,69,2.6921576277799453
08437005,Beuron,Erststimmen,FREIE WÄHLER,0,0.0
08437005,Beuron,Zweitstimmen,FREIE WÄHLER,3,0.7614213197969544
08437008,Bingen,Erststimmen,FREIE WÄHLER,0,0.0
08437008,Bingen,Zweitstimmen,FREIE WÄHLER,31,1.9570707070707072
08437031,"Gammertingen, Stadt",Erststimmen,FREIE WÄHLER,0,0.0
08437031,"Gammertingen, Stadt",Zweitstimmen,FREIE WÄHLER,48,1.520912547528517
08437044,Herbertingen,Erststimmen,FREIE WÄHLER,0,0.0
08437044,Herbertingen,Zweitstimmen,FREIE WÄHLER,49,1.8365817091454275
08437047,"Hettingen, Stadt",Erststimmen,FREIE WÄHLER,0,0.0
08437047,"Hettingen, Stadt",Zweitstimmen,FREIE WÄHLER,13,1.0961214165261384
08437053,Hohentengen,Erststimmen,FREIE WÄHLER,0,0.0
08437053,Hohentengen,Zweitstimmen,FREIE WÄHLER,48,1.948051948051948
08437056,Illmensee,Erststimmen,FREIE WÄHLER,0,0.0
08437056,Illmensee,Zweitstimmen,FREIE WÄHLER,29,2.3443815683104283
08437059,Inzigkofen,Erststimmen,FREIE WÄHLER,0,0.0
08437059,Inzigkofen,Zweitstimmen,FREIE WÄHLER,23,1.3233601841196778
08437065,Krauchenwies,Erststimmen,FREIE WÄHLER,0,0.0
08437065,Krauchenwies,Zweitstimmen,FREIE WÄHLER,46,1.7037037037037037
08437072,Leibertingen,Erststimmen,FREIE WÄHLER,0,0.0
08437072,Leibertingen,Zweitstimmen,FREIE WÄHLER,22,1.5331010452961673
08437076,"Mengen, Stadt",Erststimmen,FREIE WÄHLER,0,0.0
08437076,"Mengen, Stadt",Zweitstimmen,FREIE WÄHLER,99,2.0121951219512195
08437078,"Meßkirch, Stadt",Erststimmen,FREIE WÄHLER,0,0.0
08437078,"Meßkirch, Stadt",Zweitstimmen,FREIE WÄHLER,75,1.8151016456921587
08437082,Neufra,Erststimmen,FREIE WÄHLER,0,0.0
08437082,Neufra,Zweitstimmen,FREIE WÄHLER,12,1.1583011583011582
08437086,Ostrach,Erststimmen,FREIE WÄHLER,0,0.0
08437086,Ostrach,Zweitstimmen,FREIE WÄHLER,64,1.6524657887942162
08437088,"Pfullendorf, Stadt",Erststimmen,FREIE WÄHLER,0,0.0
08437088,"Pfullendorf, Stadt",Zweitstimmen,FREIE WÄHLER,117,2.054073033707865
08437100,"Bad Saulgau, Stadt",Erststimmen,FREIE WÄHLER,0,0.0
08437100,"Bad Saulgau, Stadt",Zweitstimmen,FREIE WÄHLER,212,2.4077228847245884
08437101,"Scheer, Stadt",Erststimmen,FREIE WÄHLER,0,0.0
08437101,"Scheer, Stadt",Zweitstimmen,FREIE WÄHLER,25,1.9546520719311962
08437102,Schwenningen,Erststimmen,FREIE WÄHLER,0,0.0
08437102,Schwenningen,Zweitstimmen,FREIE WÄHLER,16,1.5888778550148956
08437104,"Sigmaringen, Stadt",Erststimmen,FREIE WÄHLER,0,0.0
08437104,"Sigmaringen, Stadt",Zweitstimmen,FREIE WÄHLER,115,1.4968111414811922
08437105,Sigmaringendorf,Erststimmen,FREIE WÄHLER,0,0.0
08437105,Sigmaringendorf,Zweitstimmen,FREIE WÄHLER,35,1.7848036715961242
08437107,Stetten am kalten Markt,Erststimmen,FREIE WÄHLER,0,0.0
08437107,Stetten am kalten Markt,Zweitstimmen,FREIE WÄHLER,39,1.4259597806215722
08437114,"Veringenstadt, Stadt",Erststimmen,FREIE WÄHLER,0,0.0
08437114,"Veringenstadt, Stadt",Zweitstimmen,FREIE WÄHLER,14,1.1976047904191618
08437118,Wald,Erststimmen,FREIE WÄHLER,0,0.0
08437118,Wald,Zweitstimmen,FREIE WÄHLER,24,1.5103838892385149
08437123,Sauldorf,Erststimmen,FREIE WÄHLER,0,0.0
08437123,Sauldorf,Zweitstimmen,FREIE WÄHLER,47,2.944862155388471
08437124,Herdwangen-Schönach,Erststimmen,FREIE WÄHLER,0,0.0
08437124,Herdwangen-Schönach,Zweitstimmen,FREIE WÄHLER,40,2.082248828735034
08121000,"Heilbronn, Universitätsstadt",Erststimmen,GRÜNE,9358,20.717748898580883
08121000,"Heilbronn, Universitätsstadt",Zweitstimmen,GRÜNE,12177,26.909902543590196
08125030,Flein,Erststimmen,GRÜNE,957,23.34146341463415
08125030,Flein,Zweitstimmen,GRÜNE,1250,30.3988326848249
08125058,"Leingarten, Stadt",Erststimmen,GRÜNE,1485,25.599034649198416
08125058,"Leingarten, Stadt",Zweitstimmen,GRÜNE,1584,27.296226089953475
08125074,Nordheim,Erststimmen,GRÜNE,971,21.415968239964712
08125074,Nordheim,Zweitstimmen,GRÜNE,1174,25.8362676056338
08125094,Talheim,Erststimmen,GRÜNE,670,23.434767401189227
08125094,Talheim,Zweitstimmen,GRÜNE,840,29.298918730380187
08126011,Bretzfeld,Erststimmen,GRÜNE,1388,20.38179148311307
08126011,Bretzfeld,Zweitstimmen,GRÜNE,1591,23.325025656062163
08126020,Dörzbach,Erststimmen,GRÜNE,210,14.893617021276595
08126020,Dörzbach,Zweitstimmen,GRÜNE,270,19.121813031161473
08126028,"Forchtenberg, Stadt",Erststimmen,GRÜNE,496,17.828900071890725
08126028,"Forchtenberg, Stadt",Zweitstimmen,GRÜNE,600,21.543985637342907
08126039,"Ingelfingen, Stadt",Erststimmen,GRÜNE,539,17.990654205607477
08126039,"Ingelfingen, Stadt",Zweitstimmen,GRÜNE,673,22.440813604534846
08126045,"Krautheim, Stadt",Erststimmen,GRÜNE,288,11.832374691865242
08126045,"Krautheim, Stadt",Zweitstimmen,GRÜNE,409,16.79671457905544
08126046,"Künzelsau, Stadt",Erststimmen,GRÜNE,1422,20.056417489421722
08126046,"Künzelsau, Stadt",Zweitstimmen,GRÜNE,1697,23.935119887165023
08126047,Kupferzell,Erststimmen,GRÜNE,629,18.917293233082706
08126047,Kupferzell,Zweitstimmen,GRÜNE,829,24.872487248724873
08126056,Mulfingen,Erststimmen,GRÜNE,347,15.041179020372777
08126056,Mulfingen,Zweitstimmen,GRÜNE,499,21.648590021691973
08126058,"Neuenstein, Stadt",Erststimmen,GRÜNE,751,21.76180817154448
08126058,"Neuenstein, Stadt",Zweitstimmen,GRÜNE,894,25.883034163288944
08126060,"Niedernhall, Stadt",Erststimmen,GRÜNE,445,22.520242914979757
08126060,"Niedernhall, Stadt",Zweitstimmen,GRÜNE,519,26.212121212121215
08126066,"Öhringen, Stadt",Erststimmen,GRÜNE,2616,22.769605709809383
08126066,"Öhringen, Stadt",Zweitstimmen,GRÜNE,3080,26.78027997565429
08126069,Pfedelbach,Erststimmen,GRÜNE,1077,21.591820368885326
08126069,Pfedelbach,Zweitstimmen,GRÜNE,1258,25.185185185185183
08126072,Schöntal,Erststimmen,GRÜNE,486,13.99769585253456
08126072,Schöntal,Zweitstimmen,GRÜNE,706,20.269882285386164
08126085,"Waldenburg, Stadt",Erststimmen,GRÜNE,384,23.80657160570366
08126085,"Waldenburg, Stadt",Zweitstimmen,GRÜNE,471,29.218362282878413
08126086,Weißbach,Erststimmen,GRÜNE,157,18.668252080856124
08126086,Weißbach,Zweitstimmen,GRÜNE,180,21.454112038140643
08126094,Zweiflingen,Erststimmen,GRÜNE,194,18.336483931947072
08126094,Zweiflingen,Zweitstimmen,GRÜNE,232,21.928166351606805
08127008,Blaufelden,Erststimmen,GRÜNE,341,12.404510731174973
08127008,Blaufelden,Zweitstimmen,GRÜNE,468,17.01818181818182
08127009,Braunsbach,Erststimmen,GRÜNE,292,19.40199335548173
08127009,Braunsbach,Zweitstimmen,GRÜNE,372,24.586913417052216
08127012,Bühlertann,Erststimmen,GRÜNE,215,12.89742051589682
08127012,Bühlertann,Zweitstimmen,GRÜNE,309,18.56971153846154
08127013,Bühlerzell,Erststimmen,GRÜNE,186,14.25287356321839
08127013,Bühlerzell,Zweitstimmen,GRÜNE,255,19.480519480519483
08127014,"Crailsheim, Stadt",Erststimmen,GRÜNE,2139,16.603275634557168
08127014,"Crailsheim, Stadt",Zweitstimmen,GRÜNE,2962,22.936348149295338
08127023,Fichtenberg,Erststimmen,GRÜNE,275,16.97530864197531
08127023,Fichtenberg,Zweitstimmen,GRÜNE,358,22.071516646115906
08127025,"Gaildorf, Stadt",Erststimmen,GRÜNE,935,18.085106382978726
08127025,"Gaildorf, Stadt",Zweitstimmen,GRÜNE,1280,24.700887688151294
08127032,"Gerabronn, Stadt",Erststimmen,GRÜNE,430,20.85354025218235
08127032,"Gerabronn, Stadt",Zweitstimmen,GRÜNE,510,24.75728155339806
08127043,"Ilshofen, Stadt",Erststimmen,GRÜNE,650,19.322235434007133
08127043,"Ilshofen, Stadt",Zweitstimmen,GRÜNE,813,24.117472560071196
08127046,"Kirchberg an der Jagst, Stadt",Erststimmen,GRÜNE,532,24.7557003257329
08127046,"Kirchberg an der Jagst, Stadt",Zweitstimmen,GRÜNE,600,27.816411682892905
08127047,"Langenburg, Stadt",Erststimmen,GRÜNE,248,24.50592885375494
08127047,"Langenburg, Stadt",Zweitstimmen,GRÜNE,279,27.651139742319124
08127052,Mainhardt,Erststimmen,GRÜNE,631,19.559826410415376
08127052,Mainhardt,Zweitstimmen,GRÜNE,790,24.48094205144097
08127056,Michelbach an der Bilz,Erststimmen,GRÜNE,513,25.573280159521435
08127056,Michelbach an der Bilz,Zweitstimmen,GRÜNE,668,33.20079522862823
08127059,Michelfeld,Erststimmen,GRÜNE,469,21.773444753946148
08127059,Michelfeld,Zweitstimmen,GRÜNE,656,30.426716141001855
08127062,Oberrot,Erststimmen,GRÜNE,331,18.54341736694678
08127062,Oberrot,Zweitstimmen,GRÜNE,427,23.828125
08127063,Obersontheim,Erststimmen,GRÜNE,497,18.13206858810653
08127063,Obersontheim,Zweitstimmen,GRÜNE,672,24.48087431693989
08127071,Rot am See,Erststimmen,GRÜNE,689,23.26130992572586
08127071,Rot am See,Zweitstimmen,GRÜNE,667,22.5185685347738
08127073,Satteldorf,Erststimmen,GRÜNE,571,20.02103786816269
08127073,Satteldorf,Zweitstimmen,GRÜNE,668,23.324022346368714
08127075,"Schrozberg, Stadt",Erststimmen,GRÜNE,419,14.609483960948397
08127075,"Schrozberg, Stadt",Zweitstimmen,GRÜNE,533,18.577901707912165
08127076,"Schwäbisch Hall, Stadt",Erststimmen,GRÜNE,5945,29.433607287850283
08127076,"Schwäbisch Hall, Stadt",Zweitstimmen,GRÜNE,7515,37.13678592607235
08127079,Sulzbach-Laufen,Erststimmen,GRÜNE,207,14.81746599856836
08127079,Sulzbach-Laufen,Zweitstimmen,GRÜNE,289,20.702005730659025
08127086,Untermünkheim,Erststimmen,GRÜNE,368,20.26431718061674
08127086,Untermünkheim,Zweitstimmen,GRÜNE,519,28.48518111964874
08127089,"Vellberg, Stadt",Erststimmen,GRÜNE,541,21.0833982852689
08127089,"Vellberg, Stadt",Zweitstimmen,GRÜNE,735,28.643803585346845
08127091,Wallhausen,Erststimmen,GRÜNE,395,21.12299465240642
08127091,Wallhausen,Zweitstimmen,GRÜNE,367,19.573333333333334
08127099,Wolpertshausen,Erststimmen,GRÜNE,273,22.413793103448278
08127099,Wolpertshausen,Zweitstimmen,GRÜNE,360,29.484029484029485
08127100,Rosengarten,Erststimmen,GRÜNE,647,22.356599861783
08127100,Rosengarten,Zweitstimmen,GRÜNE,864,29.73158981417756
08127101,Kreßberg,Erststimmen,GRÜNE,359,17.127862595419845
08127101,Kreßberg,Zweitstimmen,GRÜNE,450,21.448999046711155
08127102,Fichtenau,Erststimmen,GRÜNE,228,10.115350488021296
08127102,Fichtenau,Zweitstimmen,GRÜNE,334,14.83126110124334
08127103,Frankenhardt,Erststimmen,GRÜNE,469,16.714183891660728
08127103,Frankenhardt,Zweitstimmen,GRÜNE,637,22.652916073968708
08127104,Stimpfach,Erststimmen,GRÜNE,152,9.085475194261805
08127104,Stimpfach,Zweitstimmen,GRÜNE,311,18.611609814482346
08128006,Assamstadt,Erststimmen,GRÜNE,234,17.205882352941178
08128006,Assamstadt,Zweitstimmen,GRÜNE,263,19.33823529411765
08128007,"Bad Mergentheim, Stadt",Erststimmen,GRÜNE,2687,23.971808368275493
08128007,"Bad Mergentheim, Stadt",Zweitstimmen,GRÜNE,2753,24.46023989338072
08128014,"Boxberg, Stadt",Erststimmen,GRÜNE,753,19.841897233201582
08128014,"Boxberg, Stadt",Zweitstimmen,GRÜNE,848,22.17573221757322
08128020,"Creglingen, Stadt",Erststimmen,GRÜNE,577,21.626686656671666
08128020,"Creglingen, Stadt",Zweitstimmen,GRÜNE,545,20.33582089552239
08128039,"Freudenberg, Stadt",Erststimmen,GRÜNE,309,16.392572944297083
08128039,"Freudenberg, Stadt",Zweitstimmen,GRÜNE,408,21.58730158730159
08128045,Großrinderfeld,Erststimmen,GRÜNE,383,16.27017841971113
08128045,Großrinderfeld,Zweitstimmen,GRÜNE,488,20.599409033347406
08128047,"Grünsfeld, Stadt",Erststimmen,GRÜNE,444,20.660772452303398
08128047,"Grünsfeld, Stadt",Zweitstimmen,GRÜNE,541,25.057897174617878
08128058,Igersheim,Erststimmen,GRÜNE,769,25.130718954248366
08128058,Igersheim,Zweitstimmen,GRÜNE,806,26.228441262609824
08128061,Königheim,Erststimmen,GRÜNE,372,19.682539682539684
08128061,Königheim,Zweitstimmen,GRÜNE,445,23.45809172377438
08128064,"Külsheim, Stadt",Erststimmen,GRÜNE,527,17.375535773161886
08128064,"Külsheim, Stadt",Zweitstimmen,GRÜNE,576,18.835840418574232
08128082,"Niederstetten, Stadt",Erststimmen,GRÜNE,882,29.419613075383587
08128082,"Niederstetten, Stadt",Zweitstimmen,GRÜNE,700,23.201856148491878
08128115,"Tauberbischofsheim, Stadt",Erststimmen,GRÜNE,1449,21.60107334525939
08128115,"Tauberbischofsheim, Stadt",Zweitstimmen,GRÜNE,1632,24.113475177304963
08128126,"Weikersheim, Stadt",Erststimmen,GRÜNE,1205,27.084738143403015
08128126,"Weikersheim, Stadt",Zweitstimmen,GRÜNE,1166,26.06751620836128
08128128,Werbach,Erststimmen,GRÜNE,357,18.545454545454547
08128128,Werbach,Zweitstimmen,GRÜNE,411,21.207430340557277
08128131,"Wertheim, Stadt",Erststimmen,GRÜNE,2080,19.570944674444863
08128131,"Wertheim, Stadt",Zweitstimmen,GRÜNE,2501,23.457137497655225
08128137,Wittighausen,Erststimmen,GRÜNE,187,18.570009930486595
08128137,Wittighausen,Zweitstimmen,GRÜNE,217,21.506442021803764
08128138,Ahorn,Erststimmen,GRÜNE,241,16.971830985915492
08128138,Ahorn,Zweitstimmen,GRÜNE,268,18.846694796061886
08128139,"Lauda-Königshofen, Stadt",Erststimmen,GRÜNE,1534,20.879270450524025
08128139,"Lauda-Königshofen, Stadt",Zweitstimmen,GRÜNE,1745,23.61299052774019
08135010,Dischingen,Erststimmen,GRÜNE,322,12.983870967741936
08135010,Dischingen,Zweitstimmen,GRÜNE,392,15.81282775312626
08135015,Gerstetten,Erststimmen,GRÜNE,1277,20.28916428344455
08135015,Gerstetten,Zweitstimmen,GRÜNE,1592,25.213810579664237
08135016,"Giengen an der Brenz, Stadt",Erststimmen,GRÜNE,1378,17.856680057016973
08135016,"Giengen an der Brenz, Stadt",Zweitstimmen,GRÜNE,1782,23.047077082255562
08135019,"Heidenheim an der Brenz, Stadt",Erststimmen,GRÜNE,4174,22.335188356164384
08135019,"Heidenheim an der Brenz, Stadt",Zweitstimmen,GRÜNE,5254,28.05724660899284
08135020,"Herbrechtingen, Stadt",Erststimmen,GRÜNE,1293,19.956783454236763
08135020,"Herbrechtingen, Stadt",Zweitstimmen,GRÜNE,1551,23.872556564568264
08135021,Hermaringen,Erststimmen,GRÜNE,280,21.77293934681182
08135021,Hermaringen,Zweitstimmen,GRÜNE,353,27.300850734725447
08135025,Königsbronn,Erststimmen,GRÜNE,808,21.268754935509346
08135025,Königsbronn,Zweitstimmen,GRÜNE,1037,27.24645296899632
08135026,Nattheim,Erststimmen,GRÜNE,672,18.16216216216216
08135026,Nattheim,Zweitstimmen,GRÜNE,813,21.86659494351802
08135027,"Niederstotzingen, Stadt",Erststimmen,GRÜNE,400,15.785319652722968
08135027,"Niederstotzingen, Stadt",Zweitstimmen,GRÜNE,492,19.347227683837986
08135031,Sontheim an der Brenz,Erststimmen,GRÜNE,557,17.812599936040936
08135031,Sontheim an der Brenz,Zweitstimmen,GRÜNE,619,19.719655941382605
08135032,Steinheim am Albuch,Erststimmen,GRÜNE,1060,22.953659592897356
08135032,Steinheim am Albuch,Zweitstimmen,GRÜNE,1173,25.32383419689119
08216002,Au am Rhein,Erststimmen,GRÜNE,417,21.606217616580313
08216002,Au am Rhein,Zweitstimmen,GRÜNE,519,26.725025746652936
08216005,Bietigheim,Erststimmen,GRÜNE,693,20.37037037037037
08216005,Bietigheim,Zweitstimmen,GRÜNE,843,24.699677702900676
08216006,Bischweier,Erststimmen,GRÜNE,349,20.231884057971016
08216006,Bischweier,Zweitstimmen,GRÜNE,464,26.774379688401616
08216009,Durmersheim,Erststimmen,GRÜNE,1409,24.0566843093734
08216009,Durmersheim,Zweitstimmen,GRÜNE,1647,27.924720244150556
08216012,Elchesheim-Illingen,Erststimmen,GRÜNE,391,22.040586245772268
08216012,Elchesheim-Illingen,Zweitstimmen,GRÜNE,499,27.97085201793722
08216013,Forbach,Erststimmen,GRÜNE,417,17.39674593241552
08216013,Forbach,Zweitstimmen,GRÜNE,531,22.115785089546023
08216015,"Gaggenau, Stadt",Erststimmen,GRÜNE,2994,21.474680820542247
08216015,"Gaggenau, Stadt",Zweitstimmen,GRÜNE,3608,25.819378846429082
08216017,"Gernsbach, Stadt",Erststimmen,GRÜNE,1699,24.40040212552061
08216017,"Gernsbach, Stadt",Zweitstimmen,GRÜNE,2058,29.429429429429426
08216023,Iffezheim,Erststimmen,GRÜNE,612,23.15550510783201
08216023,Iffezheim,Zweitstimmen,GRÜNE,734,27.65636774679729
08216024,"Kuppenheim, Stadt",Erststimmen,GRÜNE,971,22.873969375736163
08216024,"Kuppenheim, Stadt",Zweitstimmen,GRÜNE,1156,27.021972884525482
08216029,Loffenau,Erststimmen,GRÜNE,267,20.10542168674699
08216029,Loffenau,Zweitstimmen,GRÜNE,327,24.567993989481593
08216033,Muggensturm,Erststimmen,GRÜNE,734,22.68933539412674
08216033,Muggensturm,Zweitstimmen,GRÜNE,928,28.624305983960518
08216039,Ötigheim,Erststimmen,GRÜNE,463,16.63074712643678
08216039,Ötigheim,Zweitstimmen,GRÜNE,699,25.06274650412334
08216043,"Rastatt, Stadt",Erststimmen,GRÜNE,3165,17.416905128769535
08216043,"Rastatt, Stadt",Zweitstimmen,GRÜNE,4123,22.58806771489618
08216052,Steinmauern,Erststimmen,GRÜNE,317,19.282238442822383
08216052,Steinmauern,Zweitstimmen,GRÜNE,391,23.668280871670703
08216059,Weisenbach,Erststimmen,GRÜNE,276,21.870047543581617
08216059,Weisenbach,Zweitstimmen,GRÜNE,333,26.19984264358773
08231000,"Pforzheim, Stadt",Erststimmen,GRÜNE,6683,16.544126748359947
08231000,"Pforzheim, Stadt",Zweitstimmen,GRÜNE,9451,23.29266789895256
08235006,"Altensteig, Stadt",Erststimmen,GRÜNE,556,11.423875077049516
08235006,"Altensteig, Stadt",Zweitstimmen,GRÜNE,869,17.807377049180328
08235007,Althengstett,Erststimmen,GRÜNE,898,19.69298245614035
08235007,Althengstett,Zweitstimmen,GRÜNE,1287,28.0820423303513
08235008,"Bad Liebenzell, Stadt",Erststimmen,GRÜNE,867,18.043704474505724
08235008,"Bad Liebenzell, Stadt",Zweitstimmen,GRÜNE,1172,24.219880140524904
08235018,Dobel,Erststimmen,GRÜNE,223,18.661087866108787
08235018,Dobel,Zweitstimmen,GRÜNE,274,22.871452420701168
08235020,Ebhausen,Erststimmen,GRÜNE,274,11.430955360867753
08235020,Ebhausen,Zweitstimmen,GRÜNE,448,18.566100290095317
08235022,Egenhausen,Erststimmen,GRÜNE,115,9.762308998302208
08235022,Egenhausen,Zweitstimmen,GRÜNE,180,15.293118096856414
08235025,Enzklösterle,Erststimmen,GRÜNE,82,11.56558533145275
08235025,Enzklösterle,Zweitstimmen,GRÜNE,134,18.74125874125874
08235029,Gechingen,Erststimmen,GRÜNE,456,21.642145230185097
08235029,Gechingen,Zweitstimmen,GRÜNE,633,29.858490566037737
08235032,"Haiterbach, Stadt",Erststimmen,GRÜNE,288,10.472727272727273
08235032,"Haiterbach, Stadt",Zweitstimmen,GRÜNE,417,15.103223469757335
08235033,"Bad Herrenalb, Stadt",Erststimmen,GRÜNE,785,21.039935674082017
08235033,"Bad Herrenalb, Stadt",Zweitstimmen,GRÜNE,942,25.086551264980027
08235035,Höfen an der Enz,Erststimmen,GRÜNE,137,17.21105527638191
08235035,Höfen an der Enz,Zweitstimmen,GRÜNE,173,21.706398996235883
08235046,"Nagold, Stadt",Erststimmen,GRÜNE,1411,13.330184222957014
08235046,"Nagold, Stadt",Zweitstimmen,GRÜNE,2418,22.783378874964665
08235047,"Neubulach, Stadt",Erststimmen,GRÜNE,426,12.960146029814421
08235047,"Neubulach, Stadt",Zweitstimmen,GRÜNE,670,20.26618269812462
08235050,Neuweiler,Erststimmen,GRÜNE,213,11.216429699842022
08235050,Neuweiler,Zweitstimmen,GRÜNE,329,17.27941176470588
08235055,Oberreichenbach,Erststimmen,GRÜNE,286,15.45945945945946
08235055,Oberreichenbach,Zweitstimmen,GRÜNE,383,20.50321199143469
08235057,Ostelsheim,Erststimmen,GRÜNE,404,28.251748251748253
08235057,Ostelsheim,Zweitstimmen,GRÜNE,520,36.211699164345404
08235060,Rohrdorf,Erststimmen,GRÜNE,101,11.529680365296803
08235060,Rohrdorf,Zweitstimmen,GRÜNE,186,21.112372304199774
08235065,Schömberg,Erststimmen,GRÜNE,627,17.149890590809626
08235065,Schömberg,Zweitstimmen,GRÜNE,869,23.54375507992414
08235066,Simmersfeld,Erststimmen,GRÜNE,144,11.311861743912019
08235066,Simmersfeld,Zweitstimmen,GRÜNE,206,16.182246661429694
08235067,Simmozheim,Erststimmen,GRÜNE,363,22.6875
08235067,Simmozheim,Zweitstimmen,GRÜNE,472,29.26224426534408
08235073,Unterreichenbach,Erststimmen,GRÜNE,253,22.290748898678416
08235073,Unterreichenbach,Zweitstimmen,GRÜNE,307,26.953467954345918
08235079,"Bad Wildbad, Stadt",Erststimmen,GRÜNE,666,15.611814345991561
08235079,"Bad Wildbad, Stadt",Zweitstimmen,GRÜNE,954,22.191207257501745
08235080,"Wildberg, Stadt",Erststimmen,GRÜNE,925,16.630708378281195
08235080,"Wildberg, Stadt",Zweitstimmen,GRÜNE,1286,23.038337513436044
08235084,"Bad Teinach-Zavelstein, Stadt",Erststimmen,GRÜNE,261,14.821124361158432
08235084,"Bad Teinach-Zavelstein, Stadt",Zweitstimmen,GRÜNE,377,21.335597057159024
08235085,"Calw, Stadt",Erststimmen,GRÜNE,2081,19.74195996584764
08235085,"Calw, Stadt",Zweitstimmen,GRÜNE,2978,28.065215342569033
08236004,Birkenfeld,Erststimmen,GRÜNE,866,17.121391854487943
08236004,Birkenfeld,Zweitstimmen,GRÜNE,1139,22.474348855564326
08236011,Eisingen,Erststimmen,GRÜNE,404,17.264957264957264
08236011,Eisingen,Zweitstimmen,GRÜNE,533,22.613491726771322
08236013,Engelsbrand,Erststimmen,GRÜNE,497,20.469522240527183
08236013,Engelsbrand,Zweitstimmen,GRÜNE,603,24.672667757774143
08236019,Friolzheim,Erststimmen,GRÜNE,455,21.749521988527725
08236019,Friolzheim,Zweitstimmen,GRÜNE,542,25.76045627376426
08236025,"Heimsheim, Stadt",Erststimmen,GRÜNE,698,26.270229582235604
08236025,"Heimsheim, Stadt",Zweitstimmen,GRÜNE,843,31.69172932330827
08236028,Illingen,Erststimmen,GRÜNE,928,23.246492985971944
08236028,Illingen,Zweitstimmen,GRÜNE,1094,27.363681840920464
08236030,Ispringen,Erststimmen,GRÜNE,603,21.551107934238743
08236030,Ispringen,Zweitstimmen,GRÜNE,738,26.282051282051285
08236031,Kieselbronn,Erststimmen,GRÜNE,331,20.648783530879598
08236031,Kieselbronn,Zweitstimmen,GRÜNE,469,29.166666666666668
08236033,"Knittlingen, Stadt",Erststimmen,GRÜNE,788,19.959473150962513
08236033,"Knittlingen, Stadt",Zweitstimmen,GRÜNE,965,24.27672955974843
08236038,"Maulbronn, Stadt",Erststimmen,GRÜNE,802,24.57860864235366
08236038,"Maulbronn, Stadt",Zweitstimmen,GRÜNE,973,29.728078215704244
08236039,Mönsheim,Erststimmen,GRÜNE,378,23.98477157360406
08236039,Mönsheim,Zweitstimmen,GRÜNE,444,28.10126582278481
08236040,"Mühlacker, Stadt",Erststimmen,GRÜNE,2373,22.117625128157332
08236040,"Mühlacker, Stadt",Zweitstimmen,GRÜNE,3071,28.5276358569438
08236043,"Neuenbürg, Stadt",Erststimmen,GRÜNE,750,20.397062822953494
08236043,"Neuenbürg, Stadt",Zweitstimmen,GRÜNE,901,24.417344173441734
08236044,Neuhausen,Erststimmen,GRÜNE,602,19.7312356604392
08236044,Neuhausen,Zweitstimmen,GRÜNE,738,24.19672131147541
08236046,Niefern-Öschelbronn,Erststimmen,GRÜNE,788,14.12439505287686
08236046,Niefern-Öschelbronn,Zweitstimmen,GRÜNE,1255,22.454821971730183
08236050,Ötisheim,Erststimmen,GRÜNE,508,20.031545741324923
08236050,Ötisheim,Zweitstimmen,GRÜNE,649,25.521038143924496
08236061,Sternenfels,Erststimmen,GRÜNE,348,22.495151906916615
08236061,Sternenfels,Zweitstimmen,GRÜNE,429,27.570694087403595
08236062,Tiefenbronn,Erststimmen,GRÜNE,755,23.571651576646893
08236062,Tiefenbronn,Zweitstimmen,GRÜNE,919,28.566987876903948
08236065,Wiernsheim,Erststimmen,GRÜNE,634,16.562173458725184
08236065,Wiernsheim,Zweitstimmen,GRÜNE,938,24.414367516918272
08236067,Wimsheim,Erststimmen,GRÜNE,362,22.249539028887522
08236067,Wimsheim,Zweitstimmen,GRÜNE,458,28.132678132678134
08236068,Wurmberg,Erststimmen,GRÜNE,282,17.290006131207846
08236068,Wurmberg,Zweitstimmen,GRÜNE,364,22.33128834355828
08236070,Keltern,Erststimmen,GRÜNE,1188,22.702082935218804
08236070,Keltern,Zweitstimmen,GRÜNE,1458,27.75028549676437
08236071,Remchingen,Erststimmen,GRÜNE,1306,20.232378001549186
08236071,Remchingen,Zweitstimmen,GRÜNE,1649,25.44360438203981
08236072,Straubenhardt,Erststimmen,GRÜNE,1349,22.024489795918367
08236072,Straubenhardt,Zweitstimmen,GRÜNE,1670,27.19426803452206
08236073,Neulingen,Erststimmen,GRÜNE,624,16.94270974748846
08236073,Neulingen,Zweitstimmen,GRÜNE,883,23.89069264069264
08236074,Kämpfelbach,Erststimmen,GRÜNE,755,21.05997210599721
08236074,Kämpfelbach,Zweitstimmen,GRÜNE,985,27.444970743939816
08236075,Ölbronn-Dürrn,Erststimmen,GRÜNE,335,17.259144770736732
08236075,Ölbronn-Dürrn,Zweitstimmen,GRÜNE,435,22.193877551020407
08236076,Königsbach-Stein,Erststimmen,GRÜNE,1155,20.792079207920793
08236076,Königsbach-Stein,Zweitstimmen,GRÜNE,1416,25.38999462076385
08237002,"Alpirsbach, Stadt",Erststimmen,GRÜNE,598,19.333979954736503
08237002,"Alpirsbach, Stadt",Zweitstimmen,GRÜNE,770,24.814695456010313
08237004,Baiersbronn,Erststimmen,GRÜNE,1096,14.83285965624577
08237004,Baiersbronn,Zweitstimmen,GRÜNE,1669,22.520577519902847
08237019,"Dornstetten, Stadt",Erststimmen,GRÜNE,716,17.735942531582857
08237019,"Dornstetten, Stadt",Zweitstimmen,GRÜNE,940,23.20414712416687
08237024,Empfingen,Erststimmen,GRÜNE,295,13.34841628959276
08237024,Empfingen,Zweitstimmen,GRÜNE,437,19.65811965811966
08237027,Eutingen im Gäu,Erststimmen,GRÜNE,618,18.381915526472337
08237027,Eutingen im Gäu,Zweitstimmen,GRÜNE,770,22.889417360285375
08237028,"Freudenstadt, Stadt",Erststimmen,GRÜNE,2024,18.79119858880327
08237028,"Freudenstadt, Stadt",Zweitstimmen,GRÜNE,2765,25.60896545336668
08237030,Glatten,Erststimmen,GRÜNE,172,12.164073550212164
08237030,Glatten,Zweitstimmen,GRÜNE,211,14.880112834978842
08237032,Grömbach,Erststimmen,GRÜNE,24,8.98876404494382
08237032,Grömbach,Zweitstimmen,GRÜNE,30,11.320754716981133
08237040,"Horb am Neckar, Stadt",Erststimmen,GRÜNE,2120,17.004892917301675
08237040,"Horb am Neckar, Stadt",Zweitstimmen,GRÜNE,2865,22.8980179028133
08237045,Loßburg,Erststimmen,GRÜNE,721,16.11173184357542
08237045,Loßburg,Zweitstimmen,GRÜNE,913,20.388566324251897
08237054,Pfalzgrafenweiler,Erststimmen,GRÜNE,492,13.475760065735415
08237054,Pfalzgrafenweiler,Zweitstimmen,GRÜNE,676,18.469945355191257
08237061,Schopfloch,Erststimmen,GRÜNE,190,12.195121951219512
08237061,Schopfloch,Zweitstimmen,GRÜNE,260,16.655989750160156
08237072,Wörnersberg,Erststimmen,GRÜNE,4,4.444444444444445
08237072,Wörnersberg,Zweitstimmen,GRÜNE,7,7.777777777777778
08237073,Seewald,Erststimmen,GRÜNE,162,13.763806287170773
08237073,Seewald,Zweitstimmen,GRÜNE,210,17.766497461928935
08237074,Waldachtal,Erststimmen,GRÜNE,366,11.433926897844424
08237074,Waldachtal,Zweitstimmen,GRÜNE,495,15.3822249844624
08237075,Bad Rippoldsau-Schapbach,Erststimmen,GRÜNE,214,17.24415793714746
08237075,Bad Rippoldsau-Schapbach,Zweitstimmen,GRÜNE,312,24.97998398718975
08316002,Bahlingen am Kaiserstuhl,Erststimmen,GRÜNE,639,24.709976798143853
08316002,Bahlingen am Kaiserstuhl,Zweitstimmen,GRÜNE,836,32.24064789818743
08316003,Biederbach,Erststimmen,GRÜNE,114,11.11111111111111
08316003,Biederbach,Zweitstimmen,GRÜNE,195,18.96887159533074
08316009,Denzlingen,Erststimmen,GRÜNE,2627,35.77069716775599
08316009,Denzlingen,Zweitstimmen,GRÜNE,2976,40.429289498709416
08316010,"Elzach, Stadt",Erststimmen,GRÜNE,750,17.49475157452764
08316010,"Elzach, Stadt",Zweitstimmen,GRÜNE,1160,27.01443875174662
08316011,"Emmendingen, Stadt",Erststimmen,GRÜNE,4594,32.681226435228
08316011,"Emmendingen, Stadt",Zweitstimmen,GRÜNE,5465,38.81392045454545
08316012,"Endingen am Kaiserstuhl, Stadt",Erststimmen,GRÜNE,1330,23.11033883579496
08316012,"Endingen am Kaiserstuhl, Stadt",Zweitstimmen,GRÜNE,1775,30.81597222222222
08316013,Forchheim,Erststimmen,GRÜNE,128,15.458937198067632
08316013,Forchheim,Zweitstimmen,GRÜNE,190,22.97460701330109
08316014,Gutach im Breisgau,Erststimmen,GRÜNE,616,23.37760910815939
08316014,Gutach im Breisgau,Zweitstimmen,GRÜNE,773,29.335863377609105
08316017,"Herbolzheim, Stadt",Erststimmen,GRÜNE,1250,23.76425855513308
08316017,"Herbolzheim, Stadt",Zweitstimmen,GRÜNE,1610,30.52132701421801
08316020,"Kenzingen, Stadt",Erststimmen,GRÜNE,1515,27.238403451995687
08316020,"Kenzingen, Stadt",Zweitstimmen,GRÜNE,1843,33.04644073874844
08316024,Malterdingen,Erststimmen,GRÜNE,456,23.987375065754865
08316024,Malterdingen,Zweitstimmen,GRÜNE,556,29.217025748817655
08316036,Reute,Erststimmen,GRÜNE,457,26.34005763688761
08316036,Reute,Zweitstimmen,GRÜNE,533,30.632183908045977
08316037,Riegel am Kaiserstuhl,Erststimmen,GRÜNE,511,25.247035573122528
08316037,Riegel am Kaiserstuhl,Zweitstimmen,GRÜNE,633,31.336633663366335
08316038,Sasbach am Kaiserstuhl,Erststimmen,GRÜNE,446,21.75609756097561
08316038,Sasbach am Kaiserstuhl,Zweitstimmen,GRÜNE,572,27.848101265822784
08316039,Sexau,Erststimmen,GRÜNE,622,29.548693586698338
08316039,Sexau,Zweitstimmen,GRÜNE,770,36.492890995260666
08316042,Simonswald,Erststimmen,GRÜNE,317,17.839054586381543
08316042,Simonswald,Zweitstimmen,GRÜNE,427,24.09706546275395
08316043,Teningen,Erststimmen,GRÜNE,1702,26.59375
08316043,Teningen,Zweitstimmen,GRÜNE,2105,32.76774595267746
08316045,Vörstetten,Erststimmen,GRÜNE,657,34.688489968321015
08316045,Vörstetten,Zweitstimmen,GRÜNE,750,39.5987328405491
08316049,Weisweil,Erststimmen,GRÜNE,226,18.094475580464373
08316049,Weisweil,Zweitstimmen,GRÜNE,308,24.64
08316051,Wyhl am Kaiserstuhl,Erststimmen,GRÜNE,271,13.091787439613526
08316051,Wyhl am Kaiserstuhl,Zweitstimmen,GRÜNE,432,20.869565217391305
08316053,Rheinhausen im Breisgau,Erststimmen,GRÜNE,374,16.563330380868024
08316053,Rheinhausen im Breisgau,Zweitstimmen,GRÜNE,514,22.62323943661972
08316054,Freiamt,Erststimmen,GRÜNE,478,19.051414906337186
08316054,Freiamt,Zweitstimmen,GRÜNE,591,23.536439665471924
08316055,Winden im Elztal,Erststimmen,GRÜNE,276,16.922133660331085
08316055,Winden im Elztal,Zweitstimmen,GRÜNE,435,26.621787025703796
08316056,"Waldkirch, Stadt",Erststimmen,GRÜNE,3460,30.71460275188637
08316056,"Waldkirch, Stadt",Zweitstimmen,GRÜNE,4310,38.18890660995924
08325001,Aichhalden,Erststimmen,GRÜNE,335,13.142408787759907
08325001,Aichhalden,Zweitstimmen,GRÜNE,515,20.20400156924284
08325009,Bösingen,Erststimmen,GRÜNE,190,9.205426356589147
08325009,Bösingen,Zweitstimmen,GRÜNE,295,14.271891630382196
08325011,Dietingen,Erststimmen,GRÜNE,253,10.616869492236676
08325011,Dietingen,Zweitstimmen,GRÜNE,376,15.785054575986566
08325012,"Dornhan, Stadt",Erststimmen,GRÜNE,530,14.783821478382148
08325012,"Dornhan, Stadt",Zweitstimmen,GRÜNE,706,19.68218567047672
08325014,Dunningen,Erststimmen,GRÜNE,608,16.361679224973088
08325014,Dunningen,Zweitstimmen,GRÜNE,863,23.211403980634753
08325015,Epfendorf,Erststimmen,GRÜNE,211,11.676812396236857
08325015,Epfendorf,Zweitstimmen,GRÜNE,335,18.53901494189264
08325024,Hardt,Erststimmen,GRÜNE,239,14.319952067106051
08325024,Hardt,Zweitstimmen,GRÜNE,349,20.948379351740694
08325036,Lauterbach,Erststimmen,GRÜNE,217,14.602960969044416
08325036,Lauterbach,Zweitstimmen,GRÜNE,319,21.409395973154364
08325045,"Oberndorf am Neckar, Stadt",Erststimmen,GRÜNE,879,13.72151108335935
08325045,"Oberndorf am Neckar, Stadt",Zweitstimmen,GRÜNE,1281,19.99687792694349
08325049,"Rottweil, Stadt",Erststimmen,GRÜNE,2447,20.335743372392585
08325049,"Rottweil, Stadt",Zweitstimmen,GRÜNE,3522,29.235494313937078
08325050,Schenkenzell,Erststimmen,GRÜNE,220,21.297192642787994
08325050,Schenkenzell,Zweitstimmen,GRÜNE,266,25.626204238921
08325051,"Schiltach, Stadt",Erststimmen,GRÜNE,491,24.33102081268583
08325051,"Schiltach, Stadt",Zweitstimmen,GRÜNE,575,28.40909090909091
08325053,"Schramberg, Stadt",Erststimmen,GRÜNE,1399,14.903590071375305
08325053,"Schramberg, Stadt",Zweitstimmen,GRÜNE,2049,21.77239400701307
08325057,"Sulz am Neckar, Stadt",Erststimmen,GRÜNE,871,14.118982006808235
08325057,"Sulz am Neckar, Stadt",Zweitstimmen,GRÜNE,1224,19.802620935123766
08325060,Villingendorf,Erststimmen,GRÜNE,247,13.0
08325060,Villingendorf,Zweitstimmen,GRÜNE,404,21.22963741460851
08325061,Vöhringen,Erststimmen,GRÜNE,317,13.512361466325661
08325061,Vöhringen,Zweitstimmen,GRÜNE,435,18.471337579617835
08325064,Wellendingen,Erststimmen,GRÜNE,153,9.239130434782608
08325064,Wellendingen,Zweitstimmen,GRÜNE,218,13.132530120481928
08325069,Zimmern ob Rottweil,Erststimmen,GRÜNE,487,14.554692169754931
08325069,Zimmern ob Rottweil,Zweitstimmen,GRÜNE,727,21.733931240657697
08325070,Fluorn-Winzeln,Erststimmen,GRÜNE,209,11.695579182988249
08325070,Fluorn-Winzeln,Zweitstimmen,GRÜNE,313,17.466517857142858
08325071,Eschbronn,Erststimmen,GRÜNE,199,15.559030492572322
08325071,Eschbronn,Zweitstimmen,GRÜNE,254,19.890368050117463
08325072,Deißlingen,Erststimmen,GRÜNE,503,15.630826600372902
08325072,Deißlingen,Zweitstimmen,GRÜNE,710,21.988231650665842
08326003,"Bad Dürrheim, Stadt",Erststimmen,GRÜNE,1546,22.829297105729474
08326003,"Bad Dürrheim, Stadt",Zweitstimmen,GRÜNE,1614,23.707403055229143
08326005,"Blumberg, Stadt",Erststimmen,GRÜNE,566,12.931231437057345
08326005,"Blumberg, Stadt",Zweitstimmen,GRÜNE,783,17.823810607785113
08326006,"Bräunlingen, Stadt",Erststimmen,GRÜNE,808,25.72429162687042
08326006,"Bräunlingen, Stadt",Zweitstimmen,GRÜNE,782,24.801776086267047
08326010,Dauchingen,Erststimmen,GRÜNE,430,20.56432329029173
08326010,Dauchingen,Zweitstimmen,GRÜNE,489,23.30791229742612
08326012,"Donaueschingen, Stadt",Erststimmen,GRÜNE,2152,20.52260156399008
08326012,"Donaueschingen, Stadt",Zweitstimmen,GRÜNE,2719,25.804308626743854
08326017,"Furtwangen im Schwarzwald, Stadt",Erststimmen,GRÜNE,1372,34.533098414296504
08326017,"Furtwangen im Schwarzwald, Stadt",Zweitstimmen,GRÜNE,1084,27.15430861723447
08326020,Gütenbach,Erststimmen,GRÜNE,156,27.75800711743772
08326020,Gütenbach,Zweitstimmen,GRÜNE,127,22.597864768683273
08326027,"Hüfingen, Stadt",Erststimmen,GRÜNE,686,17.459913463985746
08326027,"Hüfingen, Stadt",Zweitstimmen,GRÜNE,912,23.08276385725133
08326031,Königsfeld im Schwarzwald,Erststimmen,GRÜNE,1045,29.738190096755833
08326031,Königsfeld im Schwarzwald,Zweitstimmen,GRÜNE,1087,30.79320113314448
08326037,Mönchweiler,Erststimmen,GRÜNE,417,25.272727272727273
08326037,Mönchweiler,Zweitstimmen,GRÜNE,413,24.909529553679132
08326041,Niedereschach,Erststimmen,GRÜNE,795,23.94578313253012
08326041,Niedereschach,Zweitstimmen,GRÜNE,816,24.511865425052566
08326052,"St. Georgen im Schwarzwald, Stadt",Erststimmen,GRÜNE,1713,27.949094468918258
08326052,"St. Georgen im Schwarzwald, Stadt",Zweitstimmen,GRÜNE,1657,26.860106986545627
08326054,Schönwald im Schwarzwald,Erststimmen,GRÜNE,314,23.805913570887036
08326054,Schönwald im Schwarzwald,Zweitstimmen,GRÜNE,272,20.497362471740768
08326055,Schonach im Schwarzwald,Erststimmen,GRÜNE,525,25.023832221163012
08326055,Schonach im Schwarzwald,Zweitstimmen,GRÜNE,441,20.930232558139537
08326060,"Triberg im Schwarzwald, Stadt",Erststimmen,GRÜNE,406,22.770611329220415
08326060,"Triberg im Schwarzwald, Stadt",Zweitstimmen,GRÜNE,335,18.71508379888268
08326061,Tuningen,Erststimmen,GRÜNE,361,21.79951690821256
08326061,Tuningen,Zweitstimmen,GRÜNE,400,24.009603841536613
08326065,Unterkirnach,Erststimmen,GRÜNE,372,29.712460063897762
08326065,Unterkirnach,Zweitstimmen,GRÜNE,343,27.330677290836654
08326068,"Vöhrenbach, Stadt",Erststimmen,GRÜNE,514,30.5952380952381
08326068,"Vöhrenbach, Stadt",Zweitstimmen,GRÜNE,371,22.004744958481616
08326074,"Villingen-Schwenningen, Stadt",Erststimmen,GRÜNE,8400,24.04809619238477
08326074,"Villingen-Schwenningen, Stadt",Zweitstimmen,GRÜNE,9339,26.62200684150513
08326075,Brigachtal,Erststimmen,GRÜNE,667,22.992071699413998
08326075,Brigachtal,Zweitstimmen,GRÜNE,708,24.15557830092119
08327002,Aldingen,Erststimmen,GRÜNE,481,14.92398386596339
08327002,Aldingen,Zweitstimmen,GRÜNE,570,17.619783616692427
08327004,Bärenthal,Erststimmen,GRÜNE,27,9.712230215827338
08327004,Bärenthal,Zweitstimmen,GRÜNE,34,12.186379928315413
08327005,Balgheim,Erststimmen,GRÜNE,100,14.306151645207441
08327005,Balgheim,Zweitstimmen,GRÜNE,124,17.613636363636363
08327006,Böttingen,Erststimmen,GRÜNE,96,11.925465838509316
08327006,Böttingen,Zweitstimmen,GRÜNE,116,14.303329223181258
08327007,Bubsheim,Erststimmen,GRÜNE,55,10.0
08327007,Bubsheim,Zweitstimmen,GRÜNE,64,11.531531531531531
08327008,Buchheim,Erststimmen,GRÜNE,72,16.035634743875278
08327008,Buchheim,Zweitstimmen,GRÜNE,74,16.371681415929203
08327009,Deilingen,Erststimmen,GRÜNE,92,9.674027339642482
08327009,Deilingen,Zweitstimmen,GRÜNE,119,12.48688352570829
08327010,Denkingen,Erststimmen,GRÜNE,210,14.266304347826086
08327010,Denkingen,Zweitstimmen,GRÜNE,243,16.41891891891892
08327011,Dürbheim,Erststimmen,GRÜNE,148,15.305067218200621
08327011,Dürbheim,Zweitstimmen,GRÜNE,186,19.155509783728114
08327012,Durchhausen,Erststimmen,GRÜNE,75,14.285714285714285
08327012,Durchhausen,Zweitstimmen,GRÜNE,89,16.824196597353495
08327013,Egesheim,Erststimmen,GRÜNE,19,6.785714285714286
08327013,Egesheim,Zweitstimmen,GRÜNE,23,8.098591549295776
08327016,"Fridingen an der Donau, Stadt",Erststimmen,GRÜNE,306,18.35632873425315
08327016,"Fridingen an der Donau, Stadt",Zweitstimmen,GRÜNE,393,23.46268656716418
08327017,Frittlingen,Erststimmen,GRÜNE,199,18.374884579870727
08327017,Frittlingen,Zweitstimmen,GRÜNE,232,21.30394857667585
08327018,"Geisingen, Stadt",Erststimmen,GRÜNE,493,16.433333333333334
08327018,"Geisingen, Stadt",Zweitstimmen,GRÜNE,603,20.03988035892323
08327019,Gosheim,Erststimmen,GRÜNE,182,10.55072463768116
08327019,Gosheim,Zweitstimmen,GRÜNE,229,13.214079630698212
08327020,Gunningen,Erststimmen,GRÜNE,40,9.732360097323602
08327020,Gunningen,Zweitstimmen,GRÜNE,51,12.469437652811736
08327023,Hausen ob Verena,Erststimmen,GRÜNE,114,23.408624229979466
08327023,Hausen ob Verena,Zweitstimmen,GRÜNE,134,27.459016393442624
08327025,Immendingen,Erststimmen,GRÜNE,474,15.664243225380039
08327025,Immendingen,Zweitstimmen,GRÜNE,554,18.253706754530477
08327027,Irndorf,Erststimmen,GRÜNE,71,15.883668903803134
08327027,Irndorf,Zweitstimmen,GRÜNE,74,16.371681415929203
08327029,Königsheim,Erststimmen,GRÜNE,28,7.954545454545454
08327029,Königsheim,Zweitstimmen,GRÜNE,40,11.299435028248588
08327030,Kolbingen,Erststimmen,GRÜNE,100,13.054830287206268
08327030,Kolbingen,Zweitstimmen,GRÜNE,110,14.37908496732026
08327033,Mahlstetten,Erststimmen,GRÜNE,73,15.24008350730689
08327033,Mahlstetten,Zweitstimmen,GRÜNE,90,18.711018711018713
08327036,"Mühlheim an der Donau, Stadt",Erststimmen,GRÜNE,380,18.89607160616609
08327036,"Mühlheim an der Donau, Stadt",Zweitstimmen,GRÜNE,440,21.749876421156696
08327038,Neuhausen ob Eck,Erststimmen,GRÜNE,286,14.942528735632186
08327038,Neuhausen ob Eck,Zweitstimmen,GRÜNE,330,17.151767151767153
08327040,Reichenbach am Heuberg,Erststimmen,GRÜNE,27,12.217194570135746
08327040,Reichenbach am Heuberg,Zweitstimmen,GRÜNE,30,13.636363636363635
08327041,Renquishausen,Erststimmen,GRÜNE,51,10.220440881763528
08327041,Renquishausen,Zweitstimmen,GRÜNE,60,11.976047904191617
08327046,"Spaichingen, Stadt",Erststimmen,GRÜNE,1029,17.83362218370884
08327046,"Spaichingen, Stadt",Zweitstimmen,GRÜNE,1184,20.48088565992043
08327048,Talheim,Erststimmen,GRÜNE,123,17.05963938973648
08327048,Talheim,Zweitstimmen,GRÜNE,157,21.835883171070932
08327049,"Trossingen, Stadt",Erststimmen,GRÜNE,1114,17.194011421515665
08327049,"Trossingen, Stadt",Zweitstimmen,GRÜNE,1363,21.004777315456927
08327050,"Tuttlingen, Stadt",Erststimmen,GRÜNE,3146,24.241023270149483
08327050,"Tuttlingen, Stadt",Zweitstimmen,GRÜNE,3336,25.653645032297757
08327051,Wehingen,Erststimmen,GRÜNE,158,10.233160621761659
08327051,Wehingen,Zweitstimmen,GRÜNE,215,13.879922530664945
08327054,Wurmlingen,Erststimmen,GRÜNE,444,20.651162790697676
08327054,Wurmlingen,Zweitstimmen,GRÜNE,468,21.72701949860724
08327055,Seitingen-Oberflacht,Erststimmen,GRÜNE,255,19.495412844036696
08327055,Seitingen-Oberflacht,Zweitstimmen,GRÜNE,278,21.22137404580153
08327056,Rietheim-Weilheim,Erststimmen,GRÜNE,248,17.198335644937586
08327056,Rietheim-Weilheim,Zweitstimmen,GRÜNE,267,18.503118503118504
08327057,Emmingen-Liptingen,Erststimmen,GRÜNE,374,14.274809160305344
08327057,Emmingen-Liptingen,Zweitstimmen,GRÜNE,450,17.169019458222053
08336004,Aitern,Erststimmen,GRÜNE,45,14.61038961038961
08336004,Aitern,Zweitstimmen,GRÜNE,68,22.149837133550488
08336006,Bad Bellingen,Erststimmen,GRÜNE,509,23.68543508608655
08336006,Bad Bellingen,Zweitstimmen,GRÜNE,596,27.60537285780454
08336008,Binzen,Erststimmen,GRÜNE,519,31.588557516737676
08336008,Binzen,Zweitstimmen,GRÜNE,589,35.82725060827251
08336010,Böllen,Erststimmen,GRÜNE,6,9.67741935483871
08336010,Böllen,Zweitstimmen,GRÜNE,14,22.950819672131146
08336014,Efringen-Kirchen,Erststimmen,GRÜNE,1246,26.07240008369952
08336014,Efringen-Kirchen,Zweitstimmen,GRÜNE,1451,30.292275574112736
08336019,Eimeldingen,Erststimmen,GRÜNE,341,26.51632970451011
08336019,Eimeldingen,Zweitstimmen,GRÜNE,416,32.19814241486068
08336024,Fischingen,Erststimmen,GRÜNE,132,31.57894736842105
08336024,Fischingen,Zweitstimmen,GRÜNE,136,32.535885167464116
08336025,Fröhnd,Erststimmen,GRÜNE,47,14.641744548286603
08336025,Fröhnd,Zweitstimmen,GRÜNE,50,15.822784810126583
08336034,Hasel,Erststimmen,GRÜNE,149,24.42622950819672
08336034,Hasel,Zweitstimmen,GRÜNE,170,27.86885245901639
08336036,Hausen im Wiesental,Erststimmen,GRÜNE,290,23.731587561374795
08336036,Hausen im Wiesental,Zweitstimmen,GRÜNE,368,30.0163132137031
08336043,Inzlingen,Erststimmen,GRÜNE,411,30.972117558402413
08336043,Inzlingen,Zweitstimmen,GRÜNE,495,37.1900826446281
08336050,"Lörrach, Stadt",Erststimmen,GRÜNE,6623,32.28526859705567
08336050,"Lörrach, Stadt",Zweitstimmen,GRÜNE,7644,37.17718009824425
08336057,Maulburg,Erststimmen,GRÜNE,472,23.541147132169577
08336057,Maulburg,Zweitstimmen,GRÜNE,577,28.778054862842893
08336069,"Rheinfelden (Baden), Stadt",Erststimmen,GRÜNE,3518,25.854339678106857
08336069,"Rheinfelden (Baden), Stadt",Zweitstimmen,GRÜNE,4174,30.60117302052786
08336073,Rümmingen,Erststimmen,GRÜNE,299,32.01284796573876
08336073,Rümmingen,Zweitstimmen,GRÜNE,323,34.54545454545455
08336075,Schallbach,Erststimmen,GRÜNE,108,22.176591375770023
08336075,Schallbach,Zweitstimmen,GRÜNE,123,25.465838509316768
08336079,"Schönau im Schwarzwald, Stadt",Erststimmen,GRÜNE,138,21.165644171779142
08336079,"Schönau im Schwarzwald, Stadt",Zweitstimmen,GRÜNE,180,27.692307692307693
08336080,Schönenberg,Erststimmen,GRÜNE,31,19.49685534591195
08336080,Schönenberg,Zweitstimmen,GRÜNE,37,22.839506172839506
08336081,"Schopfheim, Stadt",Erststimmen,GRÜNE,2617,27.95940170940171
08336081,"Schopfheim, Stadt",Zweitstimmen,GRÜNE,3130,33.33688358717649
08336082,Schwörstadt,Erststimmen,GRÜNE,302,25.614927905004244
08336082,Schwörstadt,Zweitstimmen,GRÜNE,333,28.268251273344653
08336084,Steinen,Erststimmen,GRÜNE,1307,24.56766917293233
08336084,Steinen,Zweitstimmen,GRÜNE,1571,29.44152923538231
08336087,"Todtnau, Stadt",Erststimmen,GRÜNE,480,19.154030327214684
08336087,"Todtnau, Stadt",Zweitstimmen,GRÜNE,678,27.065868263473053
08336089,Tunau,Erststimmen,GRÜNE,9,10.344827586206897
08336089,Tunau,Zweitstimmen,GRÜNE,12,13.793103448275861
08336090,Utzenfeld,Erststimmen,GRÜNE,46,13.450292397660817
08336090,Utzenfeld,Zweitstimmen,GRÜNE,63,18.367346938775512
08336091,"Weil am Rhein, Stadt",Erststimmen,GRÜNE,3339,28.54090093170357
08336091,"Weil am Rhein, Stadt",Zweitstimmen,GRÜNE,3764,32.06679161697053
08336094,Wembach,Erststimmen,GRÜNE,24,17.142857142857142
08336094,Wembach,Zweitstimmen,GRÜNE,25,17.857142857142858
08336096,Wieden,Erststimmen,GRÜNE,47,13.823529411764707
08336096,Wieden,Zweitstimmen,GRÜNE,64,18.7683284457478
08336100,Wittlingen,Erststimmen,GRÜNE,131,24.485981308411215
08336100,Wittlingen,Zweitstimmen,GRÜNE,147,27.425373134328357
08336103,"Zell im Wiesental, Stadt",Erststimmen,GRÜNE,442,17.49802058590657
08336103,"Zell im Wiesental, Stadt",Zweitstimmen,GRÜNE,609,24.109263657957243
08336105,Grenzach-Wyhlen,Erststimmen,GRÜNE,1807,29.3058709049627
08336105,Grenzach-Wyhlen,Zweitstimmen,GRÜNE,2137,34.66904607397794
08336106,Häg-Ehrsberg,Erststimmen,GRÜNE,61,12.373225152129818
08336106,Häg-Ehrsberg,Zweitstimmen,GRÜNE,75,15.24390243902439
08336107,Kleines Wiesental,Erststimmen,GRÜNE,341,20.654149000605692
08336107,Kleines Wiesental,Zweitstimmen,GRÜNE,409,24.742891712038716
08337002,Albbruck,Erststimmen,GRÜNE,750,20.188425302826378
08337002,Albbruck,Zweitstimmen,GRÜNE,927,24.90596453519613
08337030,Dettighofen,Erststimmen,GRÜNE,151,26.49122807017544
08337030,Dettighofen,Zweitstimmen,GRÜNE,163,28.646748681898064
08337032,Dogern,Erststimmen,GRÜNE,336,27.495908346972175
08337032,Dogern,Zweitstimmen,GRÜNE,374,30.655737704918035
08337038,Görwihl,Erststimmen,GRÜNE,410,17.104714226115977
08337038,Görwihl,Zweitstimmen,GRÜNE,477,19.866722199083714
08337049,Herrischried,Erststimmen,GRÜNE,276,20.535714285714285
08337049,Herrischried,Zweitstimmen,GRÜNE,302,22.320768662232076
08337053,Hohentengen am Hochrhein,Erststimmen,GRÜNE,450,23.89803505045141
08337053,Hohentengen am Hochrhein,Zweitstimmen,GRÜNE,517,27.441613588110403
08337060,Jestetten,Erststimmen,GRÜNE,583,27.948226270373922
08337060,Jestetten,Zweitstimmen,GRÜNE,662,31.765834932821495
08337062,Klettgau,Erststimmen,GRÜNE,958,26.30422844590884
08337062,Klettgau,Zweitstimmen,GRÜNE,1113,30.534979423868315
08337065,Lauchringen,Erststimmen,GRÜNE,753,20.247378327507395
08337065,Lauchringen,Zweitstimmen,GRÜNE,1039,27.92260145122279
08337066,"Laufenburg (Baden), Stadt",Erststimmen,GRÜNE,911,24.482665950013438
08337066,"Laufenburg (Baden), Stadt",Zweitstimmen,GRÜNE,1030,27.57697456492637
08337070,Lottstetten,Erststimmen,GRÜNE,222,24.74916387959866
08337070,Lottstetten,Zweitstimmen,GRÜNE,253,28.142380422691883
08337076,Murg,Erststimmen,GRÜNE,724,22.6888122845503
08337076,Murg,Zweitstimmen,GRÜNE,859,26.902599436266833
08337090,Rickenbach,Erststimmen,GRÜNE,410,19.35788479697828
08337090,Rickenbach,Zweitstimmen,GRÜNE,513,24.19811320754717
08337096,"Bad Säckingen, Stadt",Erststimmen,GRÜNE,2020,28.216231317223077
08337096,"Bad Säckingen, Stadt",Zweitstimmen,GRÜNE,2281,31.81754777514298
08337106,"Stühlingen, Stadt",Erststimmen,GRÜNE,537,18.895144264602393
08337106,"Stühlingen, Stadt",Zweitstimmen,GRÜNE,614,21.536303051560857
08337116,"Wehr, Stadt",Erststimmen,GRÜNE,1383,25.497787610619472
08337116,"Wehr, Stadt",Zweitstimmen,GRÜNE,1547,28.46366145354186
08337118,Weilheim,Erststimmen,GRÜNE,445,23.12889812889813
08337118,Weilheim,Zweitstimmen,GRÜNE,521,27.00881285640228
08337123,Wutöschingen,Erststimmen,GRÜNE,694,21.906565656565657
08337123,Wutöschingen,Zweitstimmen,GRÜNE,760,23.959646910466585
08337124,Eggingen,Erststimmen,GRÜNE,207,22.234156820622985
08337124,Eggingen,Zweitstimmen,GRÜNE,216,23.15112540192926
08337125,Küssaberg,Erststimmen,GRÜNE,642,22.717622080679405
08337125,Küssaberg,Zweitstimmen,GRÜNE,759,26.781933662667605
08337126,"Waldshut-Tiengen, Stadt",Erststimmen,GRÜNE,2386,25.139605942471814
08337126,"Waldshut-Tiengen, Stadt",Zweitstimmen,GRÜNE,2825,29.727454488056402
08416006,Bodelshausen,Erststimmen,GRÜNE,508,19.227857683573053
08416006,Bodelshausen,Zweitstimmen,GRÜNE,639,24.250474383301707
08416009,Dettenhausen,Erststimmen,GRÜNE,833,26.137433322874177
08416009,Dettenhausen,Zweitstimmen,GRÜNE,1066,33.41692789968652
08416018,Hirrlingen,Erststimmen,GRÜNE,313,17.936962750716333
08416018,Hirrlingen,Zweitstimmen,GRÜNE,421,23.9749430523918
08416025,"Mössingen, Stadt",Erststimmen,GRÜNE,2726,26.056203402791056
08416025,"Mössingen, Stadt",Zweitstimmen,GRÜNE,3399,32.423924449108085
08416031,Ofterdingen,Erststimmen,GRÜNE,669,24.07340770061173
08416031,Ofterdingen,Zweitstimmen,GRÜNE,910,32.71028037383177
08416036,"Rottenburg am Neckar, Stadt",Erststimmen,GRÜNE,5712,24.889973419321105
08416036,"Rottenburg am Neckar, Stadt",Zweitstimmen,GRÜNE,7462,32.42515100160779
08416041,"Tübingen, Universitätsstadt",Erststimmen,GRÜNE,22562,43.85995606617289
08416041,"Tübingen, Universitätsstadt",Zweitstimmen,GRÜNE,27420,53.19417230876675
08416048,Ammerbuch,Erststimmen,GRÜNE,2039,30.441922962078234
08416048,Ammerbuch,Zweitstimmen,GRÜNE,2578,38.40309846566364
08416049,Neustetten,Erststimmen,GRÜNE,422,19.868173258003765
08416049,Neustetten,Zweitstimmen,GRÜNE,531,24.906191369606002
08416050,Starzach,Erststimmen,GRÜNE,478,18.606461658232774
08416050,Starzach,Zweitstimmen,GRÜNE,626,24.244771494965143
08417002,"Balingen, Stadt",Erststimmen,GRÜNE,2965,16.943825361449225
08417002,"Balingen, Stadt",Zweitstimmen,GRÜNE,4640,26.42820527424959
08417008,Bisingen,Erststimmen,GRÜNE,875,17.817145184280186
08417008,Bisingen,Zweitstimmen,GRÜNE,1187,24.03807209396517
08417010,Bitz,Erststimmen,GRÜNE,298,14.77441745166088
08417010,Bitz,Zweitstimmen,GRÜNE,442,21.805624074987666
08417014,Dautmergen,Erststimmen,GRÜNE,29,11.284046692607005
08417014,Dautmergen,Zweitstimmen,GRÜNE,53,20.54263565891473
08417015,Dormettingen,Erststimmen,GRÜNE,89,15.213675213675213
08417015,Dormettingen,Zweitstimmen,GRÜNE,119,20.30716723549488
08417016,Dotternhausen,Erststimmen,GRÜNE,177,16.55753040224509
08417016,Dotternhausen,Zweitstimmen,GRÜNE,275,25.652985074626866
08417022,"Geislingen, Stadt",Erststimmen,GRÜNE,424,12.615293067539424
08417022,"Geislingen, Stadt",Zweitstimmen,GRÜNE,645,19.105450236966824
08417023,Grosselfingen,Erststimmen,GRÜNE,135,11.904761904761903
08417023,Grosselfingen,Zweitstimmen,GRÜNE,192,16.886543535620053
08417025,"Haigerloch, Stadt",Erststimmen,GRÜNE,844,14.916931778013431
08417025,"Haigerloch, Stadt",Zweitstimmen,GRÜNE,1222,21.457418788410887
08417029,Hausen am Tann,Erststimmen,GRÜNE,31,11.96911196911197
08417029,Hausen am Tann,Zweitstimmen,GRÜNE,54,20.689655172413794
08417044,"Meßstetten, Stadt",Erststimmen,GRÜNE,601,10.885709110668357
08417044,"Meßstetten, Stadt",Zweitstimmen,GRÜNE,1013,18.27530218293343
08417045,Nusplingen,Erststimmen,GRÜNE,54,5.432595573440644
08417045,Nusplingen,Zweitstimmen,GRÜNE,123,12.324649298597194
08417047,Obernheim,Erststimmen,GRÜNE,69,8.089097303634233
08417047,Obernheim,Zweitstimmen,GRÜNE,120,14.035087719298245
08417051,Rangendingen,Erststimmen,GRÜNE,402,14.105263157894738
08417051,Rangendingen,Zweitstimmen,GRÜNE,567,19.80440097799511
08417052,Ratshausen,Erststimmen,GRÜNE,61,13.585746102449889
08417052,Ratshausen,Zweitstimmen,GRÜNE,92,20.353982300884958
08417054,"Rosenfeld, Stadt",Erststimmen,GRÜNE,499,14.430306535569692
08417054,"Rosenfeld, Stadt",Zweitstimmen,GRÜNE,732,20.998278829604132
08417057,"Schömberg, Stadt",Erststimmen,GRÜNE,254,11.555959963603275
08417057,"Schömberg, Stadt",Zweitstimmen,GRÜNE,422,19.138321995464853
08417063,Straßberg,Erststimmen,GRÜNE,143,10.0
08417063,Straßberg,Zweitstimmen,GRÜNE,243,16.95743196092114
08417071,Weilen unter den Rinnen,Erststimmen,GRÜNE,37,9.866666666666667
08417071,Weilen unter den Rinnen,Zweitstimmen,GRÜNE,52,13.941018766756033
08417075,Winterlingen,Erststimmen,GRÜNE,440,13.261000602772754
08417075,Winterlingen,Zweitstimmen,GRÜNE,618,18.547418967587035
08417078,Zimmern unter der Burg,Erststimmen,GRÜNE,24,8.450704225352112
08417078,Zimmern unter der Burg,Zweitstimmen,GRÜNE,34,11.888111888111888
08417079,"Albstadt, Stadt",Erststimmen,GRÜNE,2702,14.43530291697831
08417079,"Albstadt, Stadt",Zweitstimmen,GRÜNE,4215,22.407102227420125
08425002,Allmendingen,Erststimmen,GRÜNE,359,13.345724907063197
08425002,Allmendingen,Zweitstimmen,GRÜNE,480,17.930519237952932
08425004,Altheim,Erststimmen,GRÜNE,26,9.558823529411764
08425004,Altheim,Zweitstimmen,GRÜNE,33,12.0
08425005,Altheim (Alb),Erststimmen,GRÜNE,140,13.565891472868216
08425005,Altheim (Alb),Zweitstimmen,GRÜNE,182,17.533718689788053
08425008,Amstetten,Erststimmen,GRÜNE,369,16.659142212189614
08425008,Amstetten,Zweitstimmen,GRÜNE,459,20.806890299184044
08425011,Asselfingen,Erststimmen,GRÜNE,91,17.234848484848484
08425011,Asselfingen,Zweitstimmen,GRÜNE,112,21.132075471698116
08425013,Ballendorf,Erststimmen,GRÜNE,42,13.725490196078432
08425013,Ballendorf,Zweitstimmen,GRÜNE,39,12.828947368421053
08425014,Beimerstetten,Erststimmen,GRÜNE,261,18.51063829787234
08425014,Beimerstetten,Zweitstimmen,GRÜNE,455,32.15547703180212
08425017,Berghülen,Erststimmen,GRÜNE,196,15.896188158961882
08425017,Berghülen,Zweitstimmen,GRÜNE,258,20.992676973148903
08425019,Bernstadt,Erststimmen,GRÜNE,266,19.289340101522843
08425019,Bernstadt,Zweitstimmen,GRÜNE,339,24.565217391304348
08425020,"Blaubeuren, Stadt",Erststimmen,GRÜNE,1544,25.605306799336653
08425020,"Blaubeuren, Stadt",Zweitstimmen,GRÜNE,1897,31.469807564698076
08425022,Börslingen,Erststimmen,GRÜNE,14,13.20754716981132
08425022,Börslingen,Zweitstimmen,GRÜNE,15,14.285714285714285
08425024,Breitingen,Erststimmen,GRÜNE,18,12.676056338028168
08425024,Breitingen,Zweitstimmen,GRÜNE,27,19.014084507042252
08425031,Dornstadt,Erststimmen,GRÜNE,1040,21.34646962233169
08425031,Dornstadt,Zweitstimmen,GRÜNE,1292,26.432078559738137
08425033,"Ehingen (Donau), Stadt",Erststimmen,GRÜNE,1874,14.491184658212186
08425033,"Ehingen (Donau), Stadt",Zweitstimmen,GRÜNE,2308,17.8623945515053
08425035,Emeringen,Erststimmen,GRÜNE,19,17.75700934579439
08425035,Emeringen,Zweitstimmen,GRÜNE,19,17.92452830188679
08425036,Emerkingen,Erststimmen,GRÜNE,53,13.838120104438643
08425036,Emerkingen,Zweitstimmen,GRÜNE,67,17.585301837270343
08425050,Griesingen,Erststimmen,GRÜNE,69,14.556962025316455
08425050,Griesingen,Zweitstimmen,GRÜNE,83,17.547568710359407
08425052,Grundsheim,Erststimmen,GRÜNE,9,6.870229007633588
08425052,Grundsheim,Zweitstimmen,GRÜNE,9,6.870229007633588
08425055,Hausen am Bussen,Erststimmen,GRÜNE,18,12.587412587412588
08425055,Hausen am Bussen,Zweitstimmen,GRÜNE,24,16.901408450704224
08425062,Holzkirch,Erststimmen,GRÜNE,17,12.781954887218044
08425062,Holzkirch,Zweitstimmen,GRÜNE,26,20.0
08425071,"Laichingen, Stadt",Erststimmen,GRÜNE,1043,17.654028436018958
08425071,"Laichingen, Stadt",Zweitstimmen,GRÜNE,1278,21.62802504653918
08425072,"Langenau, Stadt",Erststimmen,GRÜNE,1923,23.802450798366134
08425072,"Langenau, Stadt",Zweitstimmen,GRÜNE,2370,29.317169717961406
08425073,Lauterach,Erststimmen,GRÜNE,48,17.91044776119403
08425073,Lauterach,Zweitstimmen,GRÜNE,51,18.95910780669145
08425075,Lonsee,Erststimmen,GRÜNE,521,18.822254335260116
08425075,Lonsee,Zweitstimmen,GRÜNE,654,23.542116630669547
08425079,Merklingen,Erststimmen,GRÜNE,198,16.472545757071547
08425079,Merklingen,Zweitstimmen,GRÜNE,255,21.197007481296758
08425081,"Munderkingen, Stadt",Erststimmen,GRÜNE,414,18.197802197802197
08425081,"Munderkingen, Stadt",Zweitstimmen,GRÜNE,510,22.46696035242291
08425083,Neenstetten,Erststimmen,GRÜNE,63,15.0
08425083,Neenstetten,Zweitstimmen,GRÜNE,85,20.432692307692307
08425084,Nellingen,Erststimmen,GRÜNE,146,11.222136817832437
08425084,Nellingen,Zweitstimmen,GRÜNE,204,15.668202764976957
08425085,Nerenstetten,Erststimmen,GRÜNE,30,15.706806282722512
08425085,Nerenstetten,Zweitstimmen,GRÜNE,38,19.791666666666664
08425088,Oberdischingen,Erststimmen,GRÜNE,251,19.51788491446345
08425088,Oberdischingen,Zweitstimmen,GRÜNE,321,25.0
08425090,Obermarchtal,Erststimmen,GRÜNE,98,12.024539877300613
08425090,Obermarchtal,Zweitstimmen,GRÜNE,121,14.956736711990112
08425091,Oberstadion,Erststimmen,GRÜNE,117,11.538461538461538
08425091,Oberstadion,Zweitstimmen,GRÜNE,144,14.215202369200394
08425092,Öllingen,Erststimmen,GRÜNE,42,16.93548387096774
08425092,Öllingen,Zweitstimmen,GRÜNE,49,19.91869918699187
08425093,Öpfingen,Erststimmen,GRÜNE,227,18.044515103338632
08425093,Öpfingen,Zweitstimmen,GRÜNE,294,23.333333333333332
08425097,Rammingen,Erststimmen,GRÜNE,106,13.874345549738221
08425097,Rammingen,Zweitstimmen,GRÜNE,134,17.539267015706805
08425098,Rechtenstein,Erststimmen,GRÜNE,21,14.383561643835616
08425098,Rechtenstein,Zweitstimmen,GRÜNE,21,14.285714285714285
08425104,Rottenacker,Erststimmen,GRÜNE,175,14.309076042518399
08425104,Rottenacker,Zweitstimmen,GRÜNE,232,19.01639344262295
08425108,"Schelklingen, Stadt",Erststimmen,GRÜNE,516,15.114235500878733
08425108,"Schelklingen, Stadt",Zweitstimmen,GRÜNE,685,20.082087364409265
08425112,Setzingen,Erststimmen,GRÜNE,39,11.337209302325581
08425112,Setzingen,Zweitstimmen,GRÜNE,42,12.316715542521994
08425123,Untermarchtal,Erststimmen,GRÜNE,51,15.789473684210526
08425123,Untermarchtal,Zweitstimmen,GRÜNE,55,16.97530864197531
08425124,Unterstadion,Erststimmen,GRÜNE,22,4.932735426008969
08425124,Unterstadion,Zweitstimmen,GRÜNE,35,7.865168539325842
08425125,Unterwachingen,Erststimmen,GRÜNE,9,7.086614173228346
08425125,Unterwachingen,Zweitstimmen,GRÜNE,9,7.03125
08425130,Weidenstetten,Erststimmen,GRÜNE,173,20.473372781065088
08425130,Weidenstetten,Zweitstimmen,GRÜNE,225,26.658767772511847
08425134,Westerheim,Erststimmen,GRÜNE,290,15.574650912996777
08425134,Westerheim,Zweitstimmen,GRÜNE,358,19.12393162393162
08425135,Westerstetten,Erststimmen,GRÜNE,260,19.607843137254903
08425135,Westerstetten,Zweitstimmen,GRÜNE,347,26.129518072289155
08425139,Heroldstatt,Erststimmen,GRÜNE,290,16.78240740740741
08425139,Heroldstatt,Zweitstimmen,GRÜNE,360,20.809248554913296
08426001,Achstetten,Erststimmen,GRÜNE,425,14.362960459614735
08426001,Achstetten,Zweitstimmen,GRÜNE,578,19.56668923493568
08426005,Alleshausen,Erststimmen,GRÜNE,31,10.76388888888889
08426005,Alleshausen,Zweitstimmen,GRÜNE,44,15.384615384615385
08426006,Allmannsweiler,Erststimmen,GRÜNE,14,8.333333333333332
08426006,Allmannsweiler,Zweitstimmen,GRÜNE,25,14.880952380952381
08426008,Altheim,Erststimmen,GRÜNE,190,14.82059282371295
08426008,Altheim,Zweitstimmen,GRÜNE,289,22.560499609679937
08426011,Attenweiler,Erststimmen,GRÜNE,157,12.900575184880855
08426011,Attenweiler,Zweitstimmen,GRÜNE,244,20.016406890894174
08426013,"Bad Buchau, Stadt",Erststimmen,GRÜNE,331,12.295690936106983
08426013,"Bad Buchau, Stadt",Zweitstimmen,GRÜNE,475,17.534145441122185
08426014,"Bad Schussenried, Stadt",Erststimmen,GRÜNE,670,15.359926639156352
08426014,"Bad Schussenried, Stadt",Zweitstimmen,GRÜNE,982,22.5074490029796
08426020,Betzenweiler,Erststimmen,GRÜNE,27,8.766233766233766
08426020,Betzenweiler,Zweitstimmen,GRÜNE,43,14.006514657980457
08426021,"Biberach an der Riß, Stadt",Erststimmen,GRÜNE,4125,25.42999815054559
08426021,"Biberach an der Riß, Stadt",Zweitstimmen,GRÜNE,5613,34.57558211161759
08426028,Burgrieden,Erststimmen,GRÜNE,355,15.275387263339072
08426028,Burgrieden,Zweitstimmen,GRÜNE,475,20.368782161234993
08426035,Dürmentingen,Erststimmen,GRÜNE,156,10.512129380053908
08426035,Dürmentingen,Zweitstimmen,GRÜNE,225,15.202702702702704
08426036,Dürnau,Erststimmen,GRÜNE,26,13.06532663316583
08426036,Dürnau,Zweitstimmen,GRÜNE,40,20.100502512562816
08426038,Eberhardzell,Erststimmen,GRÜNE,321,11.928651059085842
08426038,Eberhardzell,Zweitstimmen,GRÜNE,457,17.02048417132216
08426043,Erlenmoos,Erststimmen,GRÜNE,117,10.87360594795539
08426043,Erlenmoos,Zweitstimmen,GRÜNE,157,14.618249534450653
08426045,Ertingen,Erststimmen,GRÜNE,312,10.246305418719212
08426045,Ertingen,Zweitstimmen,GRÜNE,442,14.534692535350214
08426058,Hochdorf,Erststimmen,GRÜNE,228,15.71330117160579
08426058,Hochdorf,Zweitstimmen,GRÜNE,312,21.532091097308488
08426062,Ingoldingen,Erststimmen,GRÜNE,249,13.195548489666137
08426062,Ingoldingen,Zweitstimmen,GRÜNE,338,17.912029676735557
08426064,Kanzach,Erststimmen,GRÜNE,31,12.653061224489795
08426064,Kanzach,Zweitstimmen,GRÜNE,37,15.10204081632653
08426067,Langenenslingen,Erststimmen,GRÜNE,224,10.900243309002434
08426067,Langenenslingen,Zweitstimmen,GRÜNE,343,16.650485436893202
08426070,"Laupheim, Stadt",Erststimmen,GRÜNE,1960,17.652886607223273
08426070,"Laupheim, Stadt",Zweitstimmen,GRÜNE,2706,24.343288952860743
08426071,Maselheim,Erststimmen,GRÜNE,387,14.681335356600911
08426071,Maselheim,Zweitstimmen,GRÜNE,518,19.6584440227704
08426073,Mietingen,Erststimmen,GRÜNE,356,12.29706390328152
08426073,Mietingen,Zweitstimmen,GRÜNE,508,17.54749568221071
08426074,Mittelbiberach,Erststimmen,GRÜNE,558,21.602787456445995
08426074,Mittelbiberach,Zweitstimmen,GRÜNE,767,29.59104938271605
08426078,Moosburg,Erststimmen,GRÜNE,25,19.083969465648856
08426078,Moosburg,Zweitstimmen,GRÜNE,33,25.384615384615383
08426087,"Ochsenhausen, Stadt",Erststimmen,GRÜNE,794,17.515993823075227
08426087,"Ochsenhausen, Stadt",Zweitstimmen,GRÜNE,1039,22.870349988994057
08426090,Oggelshausen,Erststimmen,GRÜNE,42,13.333333333333334
08426090,Oggelshausen,Zweitstimmen,GRÜNE,48,15.18987341772152
08426097,"Riedlingen, Stadt",Erststimmen,GRÜNE,756,14.266842800528401
08426097,"Riedlingen, Stadt",Zweitstimmen,GRÜNE,1080,20.40430757604383
08426108,Schwendi,Erststimmen,GRÜNE,513,13.731263383297646
08426108,Schwendi,Zweitstimmen,GRÜNE,727,19.454107572919455
08426109,Seekirch,Erststimmen,GRÜNE,10,7.194244604316546
08426109,Seekirch,Zweitstimmen,GRÜNE,17,12.23021582733813
08426113,Steinhausen an der Rottum,Erststimmen,GRÜNE,147,10.99476439790576
08426113,Steinhausen an der Rottum,Zweitstimmen,GRÜNE,221,16.50485436893204
08426118,Tiefenbach,Erststimmen,GRÜNE,25,11.312217194570136
08426118,Tiefenbach,Zweitstimmen,GRÜNE,35,15.765765765765765
08426120,Ummendorf,Erststimmen,GRÜNE,370,14.464425332290853
08426120,Ummendorf,Zweitstimmen,GRÜNE,723,28.25322391559203
08426121,Unlingen,Erststimmen,GRÜNE,147,9.959349593495935
08426121,Unlingen,Zweitstimmen,GRÜNE,229,15.45209176788124
08426124,Uttenweiler,Erststimmen,GRÜNE,191,8.42523158359065
08426124,Uttenweiler,Zweitstimmen,GRÜNE,308,13.592233009708737
08426125,Wain,Erststimmen,GRÜNE,121,13.78132118451025
08426125,Wain,Zweitstimmen,GRÜNE,161,18.253968253968253
08426128,Warthausen,Erststimmen,GRÜNE,677,23.385146804835923
08426128,Warthausen,Zweitstimmen,GRÜNE,889,30.750605326876514
08426134,Schemmerhofen,Erststimmen,GRÜNE,719,14.14240755310779
08426134,Schemmerhofen,Zweitstimmen,GRÜNE,1043,20.483110761979574
08426135,Gutenzell-Hürbel,Erststimmen,GRÜNE,155,13.396715643906656
08426135,Gutenzell-Hürbel,Zweitstimmen,GRÜNE,222,19.170984455958546
08435005,Bermatingen,Erststimmen,GRÜNE,618,26.91637630662021
08435005,Bermatingen,Zweitstimmen,GRÜNE,723,31.407471763683752
08435010,Daisendorf,Erststimmen,GRÜNE,307,33.69923161361142
08435010,Daisendorf,Zweitstimmen,GRÜNE,339,36.968375136314066
08435013,Eriskirch,Erststimmen,GRÜNE,623,24.212980956082394
08435013,Eriskirch,Zweitstimmen,GRÜNE,728,28.26086956521739
08435015,Frickingen,Erststimmen,GRÜNE,536,28.801719505642126
08435015,Frickingen,Zweitstimmen,GRÜNE,559,29.95712754555198
08435016,"Friedrichshafen, Stadt",Erststimmen,GRÜNE,6931,26.663845502808343
08435016,"Friedrichshafen, Stadt",Zweitstimmen,GRÜNE,7787,29.853550069007824
08435018,Hagnau am Bodensee,Erststimmen,GRÜNE,199,24.062877871825876
08435018,Hagnau am Bodensee,Zweitstimmen,GRÜNE,250,30.048076923076923
08435020,Heiligenberg,Erststimmen,GRÜNE,561,33.2345971563981
08435020,Heiligenberg,Zweitstimmen,GRÜNE,569,33.470588235294116
08435024,Immenstaad am Bodensee,Erststimmen,GRÜNE,1061,30.444763271162124
08435024,Immenstaad am Bodensee,Zweitstimmen,GRÜNE,1200,34.344590726960504
08435029,Kressbronn am Bodensee,Erststimmen,GRÜNE,1275,26.825163054912686
08435029,Kressbronn am Bodensee,Zweitstimmen,GRÜNE,1368,28.703315148971885
08435030,Langenargen,Erststimmen,GRÜNE,1276,28.324084350721417
08435030,Langenargen,Zweitstimmen,GRÜNE,1370,30.370206162713366
08435034,"Markdorf, Stadt",Erststimmen,GRÜNE,2174,29.6387184730743
08435034,"Markdorf, Stadt",Zweitstimmen,GRÜNE,2427,33.011425462459194
08435036,"Meersburg, Stadt",Erststimmen,GRÜNE,921,30.46642408203771
08435036,"Meersburg, Stadt",Zweitstimmen,GRÜNE,1042,34.42352163858606
08435045,Oberteuringen,Erststimmen,GRÜNE,637,23.697916666666664
08435045,Oberteuringen,Zweitstimmen,GRÜNE,690,25.59347181008902
08435047,Owingen,Erststimmen,GRÜNE,694,28.199918732222674
08435047,Owingen,Zweitstimmen,GRÜNE,736,29.72536348949919
08435052,Salem,Erststimmen,GRÜNE,2069,30.84836737736693
08435052,Salem,Zweitstimmen,GRÜNE,2281,33.953557606430486
08435053,Sipplingen,Erststimmen,GRÜNE,330,27.250206440957886
08435053,Sipplingen,Zweitstimmen,GRÜNE,374,30.88356729975227
08435054,Stetten,Erststimmen,GRÜNE,187,32.40901213171577
08435054,Stetten,Zweitstimmen,GRÜNE,204,35.233160621761655
08435059,"Überlingen, Stadt",Erststimmen,GRÜNE,3875,31.9113892777732
08435059,"Überlingen, Stadt",Zweitstimmen,GRÜNE,4394,36.07553366174056
08435066,Uhldingen-Mühlhofen,Erststimmen,GRÜNE,1329,31.219168428470756
08435066,Uhldingen-Mühlhofen,Zweitstimmen,GRÜNE,1507,35.28447670334816
08435067,Deggenhausertal,Erststimmen,GRÜNE,685,26.7578125
08435067,Deggenhausertal,Zweitstimmen,GRÜNE,680,26.531408505657435
08437005,Beuron,Erststimmen,GRÜNE,106,27.040816326530614
08437005,Beuron,Zweitstimmen,GRÜNE,127,32.233502538071065
08437008,Bingen,Erststimmen,GRÜNE,307,19.529262086513995
08437008,Bingen,Zweitstimmen,GRÜNE,391,24.684343434343432
08437031,"Gammertingen, Stadt",Erststimmen,GRÜNE,556,17.6284083703234
08437031,"Gammertingen, Stadt",Zweitstimmen,GRÜNE,642,20.342205323193916
08437044,Herbertingen,Erststimmen,GRÜNE,370,13.983371126228269
08437044,Herbertingen,Zweitstimmen,GRÜNE,457,17.128935532233882
08437047,"Hettingen, Stadt",Erststimmen,GRÜNE,212,17.830109335576115
08437047,"Hettingen, Stadt",Zweitstimmen,GRÜNE,229,19.30860033726813
08437053,Hohentengen,Erststimmen,GRÜNE,296,12.08656594528379
08437053,Hohentengen,Zweitstimmen,GRÜNE,395,16.030844155844157
08437056,Illmensee,Erststimmen,GRÜNE,331,26.866883116883116
08437056,Illmensee,Zweitstimmen,GRÜNE,377,30.476960388035568
08437059,Inzigkofen,Erststimmen,GRÜNE,337,19.45727482678984
08437059,Inzigkofen,Zweitstimmen,GRÜNE,444,25.546605293440738
08437065,Krauchenwies,Erststimmen,GRÜNE,404,15.001856665428889
08437065,Krauchenwies,Zweitstimmen,GRÜNE,544,20.14814814814815
08437072,Leibertingen,Erststimmen,GRÜNE,211,14.724354501046754
08437072,Leibertingen,Zweitstimmen,GRÜNE,299,20.83623693379791
08437076,"Mengen, Stadt",Erststimmen,GRÜNE,722,14.761807401349417
08437076,"Mengen, Stadt",Zweitstimmen,GRÜNE,936,19.024390243902438
08437078,"Meßkirch, Stadt",Erststimmen,GRÜNE,512,12.376117959874305
08437078,"Meßkirch, Stadt",Zweitstimmen,GRÜNE,820,19.845111326234267
08437082,Neufra,Erststimmen,GRÜNE,167,16.229348882410108
08437082,Neufra,Zweitstimmen,GRÜNE,196,18.91891891891892
08437086,Ostrach,Erststimmen,GRÜNE,622,16.088980858768753
08437086,Ostrach,Zweitstimmen,GRÜNE,745,19.235734572682674
08437088,"Pfullendorf, Stadt",Erststimmen,GRÜNE,931,16.387959866220736
08437088,"Pfullendorf, Stadt",Zweitstimmen,GRÜNE,1186,20.821629213483146
08437100,"Bad Saulgau, Stadt",Erststimmen,GRÜNE,1504,17.096737524155962
08437100,"Bad Saulgau, Stadt",Zweitstimmen,GRÜNE,2148,24.395229982964224
08437101,"Scheer, Stadt",Erststimmen,GRÜNE,220,17.17408274785324
08437101,"Scheer, Stadt",Zweitstimmen,GRÜNE,260,20.32838154808444
08437102,Schwenningen,Erststimmen,GRÜNE,114,11.354581673306772
08437102,Schwenningen,Zweitstimmen,GRÜNE,137,13.604766633565044
08437104,"Sigmaringen, Stadt",Erststimmen,GRÜNE,1951,25.489939900705515
08437104,"Sigmaringen, Stadt",Zweitstimmen,GRÜNE,2223,28.934010152284262
08437105,Sigmaringendorf,Erststimmen,GRÜNE,428,21.959979476654695
08437105,Sigmaringendorf,Zweitstimmen,GRÜNE,537,27.38398776134625
08437107,Stetten am kalten Markt,Erststimmen,GRÜNE,419,15.38744032317297
08437107,Stetten am kalten Markt,Zweitstimmen,GRÜNE,540,19.74405850091408
08437114,"Veringenstadt, Stadt",Erststimmen,GRÜNE,221,18.79251700680272
08437114,"Veringenstadt, Stadt",Zweitstimmen,GRÜNE,255,21.813515825491873
08437118,Wald,Erststimmen,GRÜNE,258,16.24685138539043
08437118,Wald,Zweitstimmen,GRÜNE,343,21.58590308370044
08437123,Sauldorf,Erststimmen,GRÜNE,196,12.311557788944723
08437123,Sauldorf,Zweitstimmen,GRÜNE,268,16.791979949874687
08437124,Herdwangen-Schönach,Erststimmen,GRÜNE,454,23.633524206142635
08437124,Herdwangen-Schönach,Zweitstimmen,GRÜNE,562,29.255596043727227
08121000,"Heilbronn, Universitätsstadt",Erststimmen,KlimalisteBW,0,0.0
08121000,"Heilbronn, Universitätsstadt",Zweitstimmen,KlimalisteBW,27,0.059667189675366286
08125030,Flein,Erststimmen,KlimalisteBW,0,0.0
08125030,Flein,Zweitstimmen,KlimalisteBW,2,0.048638132295719845
08125058,"Leingarten, Stadt",Erststimmen,KlimalisteBW,0,0.0
08125058,"Leingarten, Stadt",Zweitstimmen,KlimalisteBW,2,0.03446493193175943
08125074,Nordheim,Erststimmen,KlimalisteBW,0,0.0
08125074,Nordheim,Zweitstimmen,KlimalisteBW,2,0.04401408450704226
08125094,Talheim,Erststimmen,KlimalisteBW,0,0.0
08125094,Talheim,Zweitstimmen,KlimalisteBW,0,0.0
08126011,Bretzfeld,Erststimmen,KlimalisteBW,0,0.0
08126011,Bretzfeld,Zweitstimmen,KlimalisteBW,2,0.029321213898255385
08126020,Dörzbach,Erststimmen,KlimalisteBW,0,0.0
08126020,Dörzbach,Zweitstimmen,KlimalisteBW,0,0.0
08126028,"Forchtenberg, Stadt",Erststimmen,KlimalisteBW,0,0.0
08126028,"Forchtenberg, Stadt",Zweitstimmen,KlimalisteBW,1,0.03590664272890485
08126039,"Ingelfingen, Stadt",Erststimmen,KlimalisteBW,0,0.0
08126039,"Ingelfingen, Stadt",Zweitstimmen,KlimalisteBW,1,0.03334444814938312
08126045,"Krautheim, Stadt",Erststimmen,KlimalisteBW,0,0.0
08126045,"Krautheim, Stadt",Zweitstimmen,KlimalisteBW,0,0.0
08126046,"Künzelsau, Stadt",Erststimmen,KlimalisteBW,0,0.0
08126046,"Künzelsau, Stadt",Zweitstimmen,KlimalisteBW,2,0.028208744710860365
08126047,Kupferzell,Erststimmen,KlimalisteBW,0,0.0
08126047,Kupferzell,Zweitstimmen,KlimalisteBW,1,0.030003000300030006
08126056,Mulfingen,Erststimmen,KlimalisteBW,0,0.0
08126056,Mulfingen,Zweitstimmen,KlimalisteBW,0,0.0
08126058,"Neuenstein, Stadt",Erststimmen,KlimalisteBW,0,0.0
08126058,"Neuenstein, Stadt",Zweitstimmen,KlimalisteBW,1,0.028951939779965255
08126060,"Niedernhall, Stadt",Erststimmen,KlimalisteBW,0,0.0
08126060,"Niedernhall, Stadt",Zweitstimmen,KlimalisteBW,0,0.0
08126066,"Öhringen, Stadt",Erststimmen,KlimalisteBW,0,0.0
08126066,"Öhringen, Stadt",Zweitstimmen,KlimalisteBW,4,0.03477958438396661
08126069,Pfedelbach,Erststimmen,KlimalisteBW,0,0.0
08126069,Pfedelbach,Zweitstimmen,KlimalisteBW,1,0.02002002002002002
08126072,Schöntal,Erststimmen,KlimalisteBW,0,0.0
08126072,Schöntal,Zweitstimmen,KlimalisteBW,0,0.0
08126085,"Waldenburg, Stadt",Erststimmen,KlimalisteBW,0,0.0
08126085,"Waldenburg, Stadt",Zweitstimmen,KlimalisteBW,1,0.062034739454094295
08126086,Weißbach,Erststimmen,KlimalisteBW,0,0.0
08126086,Weißbach,Zweitstimmen,KlimalisteBW,0,0.0
08126094,Zweiflingen,Erststimmen,KlimalisteBW,0,0.0
08126094,Zweiflingen,Zweitstimmen,KlimalisteBW,0,0.0
08127008,Blaufelden,Erststimmen,KlimalisteBW,0,0.0
08127008,Blaufelden,Zweitstimmen,KlimalisteBW,3,0.1090909090909091
08127009,Braunsbach,Erststimmen,KlimalisteBW,0,0.0
08127009,Braunsbach,Zweitstimmen,KlimalisteBW,3,0.19828155981493722
08127012,Bühlertann,Erststimmen,KlimalisteBW,0,0.0
08127012,Bühlertann,Zweitstimmen,KlimalisteBW,0,0.0
08127013,Bühlerzell,Erststimmen,KlimalisteBW,0,0.0
08127013,Bühlerzell,Zweitstimmen,KlimalisteBW,0,0.0
08127014,"Crailsheim, Stadt",Erststimmen,KlimalisteBW,0,0.0
08127014,"Crailsheim, Stadt",Zweitstimmen,KlimalisteBW,3,0.02323060244695679
08127023,Fichtenberg,Erststimmen,KlimalisteBW,0,0.0
08127023,Fichtenberg,Zweitstimmen,KlimalisteBW,0,0.0
08127025,"Gaildorf, Stadt",Erststimmen,KlimalisteBW,0,0.0
08127025,"Gaildorf, Stadt",Zweitstimmen,KlimalisteBW,0,0.0
08127032,"Gerabronn, Stadt",Erststimmen,KlimalisteBW,0,0.0
08127032,"Gerabronn, Stadt",Zweitstimmen,KlimalisteBW,1,0.04854368932038835
08127043,"Ilshofen, Stadt",Erststimmen,KlimalisteBW,0,0.0
08127043,"Ilshofen, Stadt",Zweitstimmen,KlimalisteBW,1,0.02966478789676654
08127046,"Kirchberg an der Jagst, Stadt",Erststimmen,KlimalisteBW,0,0.0
08127046,"Kirchberg an der Jagst, Stadt",Zweitstimmen,KlimalisteBW,4,0.18544274455261936
08127047,"Langenburg, Stadt",Erststimmen,KlimalisteBW,0,0.0
08127047,"Langenburg, Stadt",Zweitstimmen,KlimalisteBW,0,0.0
08127052,Mainhardt,Erststimmen,KlimalisteBW,0,0.0
08127052,Mainhardt,Zweitstimmen,KlimalisteBW,3,0.09296560272699102
08127056,Michelbach an der Bilz,Erststimmen,KlimalisteBW,0,0.0
08127056,Michelbach an der Bilz,Zweitstimmen,KlimalisteBW,1,0.049701789264413515
08127059,Michelfeld,Erststimmen,KlimalisteBW,0,0.0
08127059,Michelfeld,Zweitstimmen,KlimalisteBW,1,0.0463821892393321
08127062,Oberrot,Erststimmen,KlimalisteBW,0,0.0
08127062,Oberrot,Zweitstimmen,KlimalisteBW,1,0.055803571428571425
08127063,Obersontheim,Erststimmen,KlimalisteBW,0,0.0
08127063,Obersontheim,Zweitstimmen,KlimalisteBW,1,0.03642987249544627
08127071,Rot am See,Erststimmen,KlimalisteBW,0,0.0
08127071,Rot am See,Zweitstimmen,KlimalisteBW,1,0.0337609723160027
08127073,Satteldorf,Erststimmen,KlimalisteBW,0,0.0
08127073,Satteldorf,Zweitstimmen,KlimalisteBW,2,0.06983240223463687
08127075,"Schrozberg, Stadt",Erststimmen,KlimalisteBW,0,0.0
08127075,"Schrozberg, Stadt",Zweitstimmen,KlimalisteBW,0,0.0
08127076,"Schwäbisch Hall, Stadt",Erststimmen,KlimalisteBW,0,0.0
08127076,"Schwäbisch Hall, Stadt",Zweitstimmen,KlimalisteBW,12,0.05930025696778019
08127079,Sulzbach-Laufen,Erststimmen,KlimalisteBW,0,0.0
08127079,Sulzbach-Laufen,Zweitstimmen,KlimalisteBW,0,0.0
08127086,Untermünkheim,Erststimmen,KlimalisteBW,0,0.0
08127086,Untermünkheim,Zweitstimmen,KlimalisteBW,0,0.0
08127089,"Vellberg, Stadt",Erststimmen,KlimalisteBW,0,0.0
08127089,"Vellberg, Stadt",Zweitstimmen,KlimalisteBW,1,0.03897116134060795
08127091,Wallhausen,Erststimmen,KlimalisteBW,0,0.0
08127091,Wallhausen,Zweitstimmen,KlimalisteBW,0,0.0
08127099,Wolpertshausen,Erststimmen,KlimalisteBW,0,0.0
08127099,Wolpertshausen,Zweitstimmen,KlimalisteBW,0,0.0
08127100,Rosengarten,Erststimmen,KlimalisteBW,0,0.0
08127100,Rosengarten,Zweitstimmen,KlimalisteBW,1,0.034411562284927734
08127101,Kreßberg,Erststimmen,KlimalisteBW,0,0.0
08127101,Kreßberg,Zweitstimmen,KlimalisteBW,0,0.0
08127102,Fichtenau,Erststimmen,KlimalisteBW,0,0.0
08127102,Fichtenau,Zweitstimmen,KlimalisteBW,0,0.0
08127103,Frankenhardt,Erststimmen,KlimalisteBW,0,0.0
08127103,Frankenhardt,Zweitstimmen,KlimalisteBW,0,0.0
08127104,Stimpfach,Erststimmen,KlimalisteBW,0,0.0
08127104,Stimpfach,Zweitstimmen,KlimalisteBW,0,0.0
08128006,Assamstadt,Erststimmen,KlimalisteBW,0,0.0
08128006,Assamstadt,Zweitstimmen,KlimalisteBW,0,0.0
08128007,"Bad Mergentheim, Stadt",Erststimmen,KlimalisteBW,0,0.0
08128007,"Bad Mergentheim, Stadt",Zweitstimmen,KlimalisteBW,6,0.05330964015992892
08128014,"Boxberg, Stadt",Erststimmen,KlimalisteBW,0,0.0
08128014,"Boxberg, Stadt",Zweitstimmen,KlimalisteBW,2,0.05230125523012552
08128020,"Creglingen, Stadt",Erststimmen,KlimalisteBW,0,0.0
08128020,"Creglingen, Stadt",Zweitstimmen,KlimalisteBW,0,0.0
08128039,"Freudenberg, Stadt",Erststimmen,KlimalisteBW,0,0.0
08128039,"Freudenberg, Stadt",Zweitstimmen,KlimalisteBW,2,0.10582010582010583
08128045,Großrinderfeld,Erststimmen,KlimalisteBW,0,0.0
08128045,Großrinderfeld,Zweitstimmen,KlimalisteBW,1,0.04221190375685943
08128047,"Grünsfeld, Stadt",Erststimmen,KlimalisteBW,0,0.0
08128047,"Grünsfeld, Stadt",Zweitstimmen,KlimalisteBW,0,0.0
08128058,Igersheim,Erststimmen,KlimalisteBW,0,0.0
08128058,Igersheim,Zweitstimmen,KlimalisteBW,2,0.06508298080052066
08128061,Königheim,Erststimmen,KlimalisteBW,0,0.0
08128061,Königheim,Zweitstimmen,KlimalisteBW,0,0.0
08128064,"Külsheim, Stadt",Erststimmen,KlimalisteBW,0,0.0
08128064,"Külsheim, Stadt",Zweitstimmen,KlimalisteBW,1,0.032701111837802485
08128082,"Niederstetten, Stadt",Erststimmen,KlimalisteBW,0,0.0
08128082,"Niederstetten, Stadt",Zweitstimmen,KlimalisteBW,1,0.033145508783559825
08128115,"Tauberbischofsheim, Stadt",Erststimmen,KlimalisteBW,0,0.0
08128115,"Tauberbischofsheim, Stadt",Zweitstimmen,KlimalisteBW,2,0.02955082742316785
08128126,"Weikersheim, Stadt",Erststimmen,KlimalisteBW,0,0.0
08128126,"Weikersheim, Stadt",Zweitstimmen,KlimalisteBW,3,0.0670690811535882
08128128,Werbach,Erststimmen,KlimalisteBW,0,0.0
08128128,Werbach,Zweitstimmen,KlimalisteBW,2,0.10319917440660474
08128131,"Wertheim, Stadt",Erststimmen,KlimalisteBW,0,0.0
08128131,"Wertheim, Stadt",Zweitstimmen,KlimalisteBW,6,0.056274620146314014
08128137,Wittighausen,Erststimmen,KlimalisteBW,0,0.0
08128137,Wittighausen,Zweitstimmen,KlimalisteBW,1,0.09910802775024777
08128138,Ahorn,Erststimmen,KlimalisteBW,0,0.0
08128138,Ahorn,Zweitstimmen,KlimalisteBW,0,0.0
08128139,"Lauda-Königshofen, Stadt",Erststimmen,KlimalisteBW,0,0.0
08128139,"Lauda-Königshofen, Stadt",Zweitstimmen,KlimalisteBW,8,0.10825439783491206
08135010,Dischingen,Erststimmen,KlimalisteBW,0,0.0
08135010,Dischingen,Zweitstimmen,KlimalisteBW,0,0.0
08135015,Gerstetten,Erststimmen,KlimalisteBW,0,0.0
08135015,Gerstetten,Zweitstimmen,KlimalisteBW,1,0.015837820715869498
08135016,"Giengen an der Brenz, Stadt",Erststimmen,KlimalisteBW,0,0.0
08135016,"Giengen an der Brenz, Stadt",Zweitstimmen,KlimalisteBW,3,0.0387997930677703
08135019,"Heidenheim an der Brenz, Stadt",Erststimmen,KlimalisteBW,0,0.0
08135019,"Heidenheim an der Brenz, Stadt",Zweitstimmen,KlimalisteBW,10,0.053401687493324794
08135020,"Herbrechtingen, Stadt",Erststimmen,KlimalisteBW,0,0.0
08135020,"Herbrechtingen, Stadt",Zweitstimmen,KlimalisteBW,0,0.0
08135021,Hermaringen,Erststimmen,KlimalisteBW,0,0.0
08135021,Hermaringen,Zweitstimmen,KlimalisteBW,0,0.0
08135025,Königsbronn,Erststimmen,KlimalisteBW,0,0.0
08135025,Königsbronn,Zweitstimmen,KlimalisteBW,0,0.0
08135026,Nattheim,Erststimmen,KlimalisteBW,0,0.0
08135026,Nattheim,Zweitstimmen,KlimalisteBW,1,0.026896180742334585
08135027,"Niederstotzingen, Stadt",Erststimmen,KlimalisteBW,0,0.0
08135027,"Niederstotzingen, Stadt",Zweitstimmen,KlimalisteBW,0,0.0
08135031,Sontheim an der Brenz,Erststimmen,KlimalisteBW,0,0.0
08135031,Sontheim an der Brenz,Zweitstimmen,KlimalisteBW,0,0.0
08135032,Steinheim am Albuch,Erststimmen,KlimalisteBW,0,0.0
08135032,Steinheim am Albuch,Zweitstimmen,KlimalisteBW,0,0.0
08216002,Au am Rhein,Erststimmen,KlimalisteBW,0,0.0
08216002,Au am Rhein,Zweitstimmen,KlimalisteBW,0,0.0
08216005,Bietigheim,Erststimmen,KlimalisteBW,0,0.0
08216005,Bietigheim,Zweitstimmen,KlimalisteBW,3,0.08789920890711983
08216006,Bischweier,Erststimmen,KlimalisteBW,0,0.0
08216006,Bischweier,Zweitstimmen,KlimalisteBW,1,0.05770340450086555
08216009,Durmersheim,Erststimmen,KlimalisteBW,0,0.0
08216009,Durmersheim,Zweitstimmen,KlimalisteBW,1,0.0169548999660902
08216012,Elchesheim-Illingen,Erststimmen,KlimalisteBW,0,0.0
08216012,Elchesheim-Illingen,Zweitstimmen,KlimalisteBW,1,0.05605381165919283
08216013,Forbach,Erststimmen,KlimalisteBW,0,0.0
08216013,Forbach,Zweitstimmen,KlimalisteBW,0,0.0
08216015,"Gaggenau, Stadt",Erststimmen,KlimalisteBW,0,0.0
08216015,"Gaggenau, Stadt",Zweitstimmen,KlimalisteBW,5,0.035780735651925
08216017,"Gernsbach, Stadt",Erststimmen,KlimalisteBW,0,0.0
08216017,"Gernsbach, Stadt",Zweitstimmen,KlimalisteBW,2,0.028600028600028603
08216023,Iffezheim,Erststimmen,KlimalisteBW,0,0.0
08216023,Iffezheim,Zweitstimmen,KlimalisteBW,1,0.037678975131876416
08216024,"Kuppenheim, Stadt",Erststimmen,KlimalisteBW,0,0.0
08216024,"Kuppenheim, Stadt",Zweitstimmen,KlimalisteBW,3,0.07012622720897616
08216029,Loffenau,Erststimmen,KlimalisteBW,0,0.0
08216029,Loffenau,Zweitstimmen,KlimalisteBW,0,0.0
08216033,Muggensturm,Erststimmen,KlimalisteBW,0,0.0
08216033,Muggensturm,Zweitstimmen,KlimalisteBW,6,0.1850709438618137
08216039,Ötigheim,Erststimmen,KlimalisteBW,0,0.0
08216039,Ötigheim,Zweitstimmen,KlimalisteBW,6,0.2151308712800287
08216043,"Rastatt, Stadt",Erststimmen,KlimalisteBW,0,0.0
08216043,"Rastatt, Stadt",Zweitstimmen,KlimalisteBW,5,0.027392757354955347
08216052,Steinmauern,Erststimmen,KlimalisteBW,0,0.0
08216052,Steinmauern,Zweitstimmen,KlimalisteBW,0,0.0
08216059,Weisenbach,Erststimmen,KlimalisteBW,0,0.0
08216059,Weisenbach,Zweitstimmen,KlimalisteBW,0,0.0
08231000,"Pforzheim, Stadt",Erststimmen,KlimalisteBW,0,0.0
08231000,"Pforzheim, Stadt",Zweitstimmen,KlimalisteBW,22,0.054220579174368455
08235006,"Altensteig, Stadt",Erststimmen,KlimalisteBW,0,0.0
08235006,"Altensteig, Stadt",Zweitstimmen,KlimalisteBW,1,0.020491803278688523
08235007,Althengstett,Erststimmen,KlimalisteBW,0,0.0
08235007,Althengstett,Zweitstimmen,KlimalisteBW,1,0.02181976871045167
08235008,"Bad Liebenzell, Stadt",Erststimmen,KlimalisteBW,0,0.0
08235008,"Bad Liebenzell, Stadt",Zweitstimmen,KlimalisteBW,0,0.0
08235018,Dobel,Erststimmen,KlimalisteBW,0,0.0
08235018,Dobel,Zweitstimmen,KlimalisteBW,2,0.1669449081803005
08235020,Ebhausen,Erststimmen,KlimalisteBW,0,0.0
08235020,Ebhausen,Zweitstimmen,KlimalisteBW,0,0.0
08235022,Egenhausen,Erststimmen,KlimalisteBW,0,0.0
08235022,Egenhausen,Zweitstimmen,KlimalisteBW,1,0.08496176720475786
08235025,Enzklösterle,Erststimmen,KlimalisteBW,0,0.0
08235025,Enzklösterle,Zweitstimmen,KlimalisteBW,0,0.0
08235029,Gechingen,Erststimmen,KlimalisteBW,0,0.0
08235029,Gechingen,Zweitstimmen,KlimalisteBW,1,0.04716981132075472
08235032,"Haiterbach, Stadt",Erststimmen,KlimalisteBW,0,0.0
08235032,"Haiterbach, Stadt",Zweitstimmen,KlimalisteBW,0,0.0
08235033,"Bad Herrenalb, Stadt",Erststimmen,KlimalisteBW,0,0.0
08235033,"Bad Herrenalb, Stadt",Zweitstimmen,KlimalisteBW,7,0.18641810918774968
08235035,Höfen an der Enz,Erststimmen,KlimalisteBW,0,0.0
08235035,Höfen an der Enz,Zweitstimmen,KlimalisteBW,0,0.0
08235046,"Nagold, Stadt",Erststimmen,KlimalisteBW,0,0.0
08235046,"Nagold, Stadt",Zweitstimmen,KlimalisteBW,2,0.01884481296523132
08235047,"Neubulach, Stadt",Erststimmen,KlimalisteBW,0,0.0
08235047,"Neubulach, Stadt",Zweitstimmen,KlimalisteBW,1,0.030248033877797946
08235050,Neuweiler,Erststimmen,KlimalisteBW,0,0.0
08235050,Neuweiler,Zweitstimmen,KlimalisteBW,1,0.052521008403361345
08235055,Oberreichenbach,Erststimmen,KlimalisteBW,0,0.0
08235055,Oberreichenbach,Zweitstimmen,KlimalisteBW,0,0.0
08235057,Ostelsheim,Erststimmen,KlimalisteBW,0,0.0
08235057,Ostelsheim,Zweitstimmen,KlimalisteBW,0,0.0
08235060,Rohrdorf,Erststimmen,KlimalisteBW,0,0.0
08235060,Rohrdorf,Zweitstimmen,KlimalisteBW,0,0.0
08235065,Schömberg,Erststimmen,KlimalisteBW,0,0.0
08235065,Schömberg,Zweitstimmen,KlimalisteBW,0,0.0
08235066,Simmersfeld,Erststimmen,KlimalisteBW,0,0.0
08235066,Simmersfeld,Zweitstimmen,KlimalisteBW,1,0.07855459544383347
08235067,Simmozheim,Erststimmen,KlimalisteBW,0,0.0
08235067,Simmozheim,Zweitstimmen,KlimalisteBW,0,0.0
08235073,Unterreichenbach,Erststimmen,KlimalisteBW,0,0.0
08235073,Unterreichenbach,Zweitstimmen,KlimalisteBW,0,0.0
08235079,"Bad Wildbad, Stadt",Erststimmen,KlimalisteBW,0,0.0
08235079,"Bad Wildbad, Stadt",Zweitstimmen,KlimalisteBW,0,0.0
08235080,"Wildberg, Stadt",Erststimmen,KlimalisteBW,0,0.0
08235080,"Wildberg, Stadt",Zweitstimmen,KlimalisteBW,1,0.017914725904693656
08235084,"Bad Teinach-Zavelstein, Stadt",Erststimmen,KlimalisteBW,0,0.0
08235084,"Bad Teinach-Zavelstein, Stadt",Zweitstimmen,KlimalisteBW,0,0.0
08235085,"Calw, Stadt",Erststimmen,KlimalisteBW,0,0.0
08235085,"Calw, Stadt",Zweitstimmen,KlimalisteBW,9,0.08481764206955046
08236004,Birkenfeld,Erststimmen,KlimalisteBW,0,0.0
08236004,Birkenfeld,Zweitstimmen,KlimalisteBW,2,0.03946329913180742
08236011,Eisingen,Erststimmen,KlimalisteBW,0,0.0
08236011,Eisingen,Zweitstimmen,KlimalisteBW,0,0.0
08236013,Engelsbrand,Erststimmen,KlimalisteBW,0,0.0
08236013,Engelsbrand,Zweitstimmen,KlimalisteBW,3,0.12274959083469722
08236019,Friolzheim,Erststimmen,KlimalisteBW,0,0.0
08236019,Friolzheim,Zweitstimmen,KlimalisteBW,1,0.04752851711026616
08236025,"Heimsheim, Stadt",Erststimmen,KlimalisteBW,0,0.0
08236025,"Heimsheim, Stadt",Zweitstimmen,KlimalisteBW,0,0.0
08236028,Illingen,Erststimmen,KlimalisteBW,0,0.0
08236028,Illingen,Zweitstimmen,KlimalisteBW,1,0.02501250625312656
08236030,Ispringen,Erststimmen,KlimalisteBW,0,0.0
08236030,Ispringen,Zweitstimmen,KlimalisteBW,1,0.03561253561253561
08236031,Kieselbronn,Erststimmen,KlimalisteBW,0,0.0
08236031,Kieselbronn,Zweitstimmen,KlimalisteBW,0,0.0
08236033,"Knittlingen, Stadt",Erststimmen,KlimalisteBW,0,0.0
08236033,"Knittlingen, Stadt",Zweitstimmen,KlimalisteBW,4,0.10062893081761005
08236038,"Maulbronn, Stadt",Erststimmen,KlimalisteBW,0,0.0
08236038,"Maulbronn, Stadt",Zweitstimmen,KlimalisteBW,0,0.0
08236039,Mönsheim,Erststimmen,KlimalisteBW,0,0.0
08236039,Mönsheim,Zweitstimmen,KlimalisteBW,1,0.06329113924050633
08236040,"Mühlacker, Stadt",Erststimmen,KlimalisteBW,0,0.0
08236040,"Mühlacker, Stadt",Zweitstimmen,KlimalisteBW,3,0.027868091035764053
08236043,"Neuenbürg, Stadt",Erststimmen,KlimalisteBW,0,0.0
08236043,"Neuenbürg, Stadt",Zweitstimmen,KlimalisteBW,5,0.13550135501355012
08236044,Neuhausen,Erststimmen,KlimalisteBW,0,0.0
08236044,Neuhausen,Zweitstimmen,KlimalisteBW,0,0.0
08236046,Niefern-Öschelbronn,Erststimmen,KlimalisteBW,0,0.0
08236046,Niefern-Öschelbronn,Zweitstimmen,KlimalisteBW,2,0.03578457684737878
08236050,Ötisheim,Erststimmen,KlimalisteBW,0,0.0
08236050,Ötisheim,Zweitstimmen,KlimalisteBW,1,0.039323633503735744
08236061,Sternenfels,Erststimmen,KlimalisteBW,0,0.0
08236061,Sternenfels,Zweitstimmen,KlimalisteBW,1,0.06426735218508997
08236062,Tiefenbronn,Erststimmen,KlimalisteBW,0,0.0
08236062,Tiefenbronn,Zweitstimmen,KlimalisteBW,1,0.031084861672365557
08236065,Wiernsheim,Erststimmen,KlimalisteBW,0,0.0
08236065,Wiernsheim,Zweitstimmen,KlimalisteBW,3,0.07808433107756377
08236067,Wimsheim,Erststimmen,KlimalisteBW,0,0.0
08236067,Wimsheim,Zweitstimmen,KlimalisteBW,0,0.0
08236068,Wurmberg,Erststimmen,KlimalisteBW,0,0.0
08236068,Wurmberg,Zweitstimmen,KlimalisteBW,0,0.0
08236070,Keltern,Erststimmen,KlimalisteBW,0,0.0
08236070,Keltern,Zweitstimmen,KlimalisteBW,1,0.01903311762466692
08236071,Remchingen,Erststimmen,KlimalisteBW,0,0.0
08236071,Remchingen,Zweitstimmen,KlimalisteBW,6,0.09257830581700355
08236072,Straubenhardt,Erststimmen,KlimalisteBW,0,0.0
08236072,Straubenhardt,Zweitstimmen,KlimalisteBW,0,0.0
08236073,Neulingen,Erststimmen,KlimalisteBW,0,0.0
08236073,Neulingen,Zweitstimmen,KlimalisteBW,2,0.05411255411255411
08236074,Kämpfelbach,Erststimmen,KlimalisteBW,0,0.0
08236074,Kämpfelbach,Zweitstimmen,KlimalisteBW,1,0.02786291446085261
08236075,Ölbronn-Dürrn,Erststimmen,KlimalisteBW,0,0.0
08236075,Ölbronn-Dürrn,Zweitstimmen,KlimalisteBW,1,0.05102040816326531
08236076,Königsbach-Stein,Erststimmen,KlimalisteBW,0,0.0
08236076,Königsbach-Stein,Zweitstimmen,KlimalisteBW,1,0.017930787161556393
08237002,"Alpirsbach, Stadt",Erststimmen,KlimalisteBW,0,0.0
08237002,"Alpirsbach, Stadt",Zweitstimmen,KlimalisteBW,1,0.03222687721559781
08237004,Baiersbronn,Erststimmen,KlimalisteBW,0,0.0
08237004,Baiersbronn,Zweitstimmen,KlimalisteBW,0,0.0
08237019,"Dornstetten, Stadt",Erststimmen,KlimalisteBW,0,0.0
08237019,"Dornstetten, Stadt",Zweitstimmen,KlimalisteBW,2,0.049370525796099726
08237024,Empfingen,Erststimmen,KlimalisteBW,0,0.0
08237024,Empfingen,Zweitstimmen,KlimalisteBW,3,0.1349527665317139
08237027,Eutingen im Gäu,Erststimmen,KlimalisteBW,0,0.0
08237027,Eutingen im Gäu,Zweitstimmen,KlimalisteBW,0,0.0
08237028,"Freudenstadt, Stadt",Erststimmen,KlimalisteBW,0,0.0
08237028,"Freudenstadt, Stadt",Zweitstimmen,KlimalisteBW,4,0.03704732796147078
08237030,Glatten,Erststimmen,KlimalisteBW,0,0.0
08237030,Glatten,Zweitstimmen,KlimalisteBW,0,0.0
08237032,Grömbach,Erststimmen,KlimalisteBW,0,0.0
08237032,Grömbach,Zweitstimmen,KlimalisteBW,0,0.0
08237040,"Horb am Neckar, Stadt",Erststimmen,KlimalisteBW,0,0.0
08237040,"Horb am Neckar, Stadt",Zweitstimmen,KlimalisteBW,8,0.0639386189258312
08237045,Loßburg,Erststimmen,KlimalisteBW,0,0.0
08237045,Loßburg,Zweitstimmen,KlimalisteBW,3,0.06699419383653417
08237054,Pfalzgrafenweiler,Erststimmen,KlimalisteBW,0,0.0
08237054,Pfalzgrafenweiler,Zweitstimmen,KlimalisteBW,1,0.0273224043715847
08237061,Schopfloch,Erststimmen,KlimalisteBW,0,0.0
08237061,Schopfloch,Zweitstimmen,KlimalisteBW,0,0.0
08237072,Wörnersberg,Erststimmen,KlimalisteBW,0,0.0
08237072,Wörnersberg,Zweitstimmen,KlimalisteBW,0,0.0
08237073,Seewald,Erststimmen,KlimalisteBW,0,0.0
08237073,Seewald,Zweitstimmen,KlimalisteBW,0,0.0
08237074,Waldachtal,Erststimmen,KlimalisteBW,0,0.0
08237074,Waldachtal,Zweitstimmen,KlimalisteBW,1,0.031075201988812924
08237075,Bad Rippoldsau-Schapbach,Erststimmen,KlimalisteBW,0,0.0
08237075,Bad Rippoldsau-Schapbach,Zweitstimmen,KlimalisteBW,0,0.0
08316002,Bahlingen am Kaiserstuhl,Erststimmen,KlimalisteBW,0,0.0
08316002,Bahlingen am Kaiserstuhl,Zweitstimmen,KlimalisteBW,1,0.03856536829926726
08316003,Biederbach,Erststimmen,KlimalisteBW,0,0.0
08316003,Biederbach,Zweitstimmen,KlimalisteBW,0,0.0
08316009,Denzlingen,Erststimmen,KlimalisteBW,0,0.0
08316009,Denzlingen,Zweitstimmen,KlimalisteBW,1,0.013585110718652356
08316010,"Elzach, Stadt",Erststimmen,KlimalisteBW,0,0.0
08316010,"Elzach, Stadt",Zweitstimmen,KlimalisteBW,0,0.0
08316011,"Emmendingen, Stadt",Erststimmen,KlimalisteBW,0,0.0
08316011,"Emmendingen, Stadt",Zweitstimmen,KlimalisteBW,9,0.06392045454545454
08316012,"Endingen am Kaiserstuhl, Stadt",Erststimmen,KlimalisteBW,0,0.0
08316012,"Endingen am Kaiserstuhl, Stadt",Zweitstimmen,KlimalisteBW,1,0.017361111111111112
08316013,Forchheim,Erststimmen,KlimalisteBW,0,0.0
08316013,Forchheim,Zweitstimmen,KlimalisteBW,0,0.0
08316014,Gutach im Breisgau,Erststimmen,KlimalisteBW,0,0.0
08316014,Gutach im Breisgau,Zweitstimmen,KlimalisteBW,0,0.0
08316017,"Herbolzheim, Stadt",Erststimmen,KlimalisteBW,0,0.0
08316017,"Herbolzheim, Stadt",Zweitstimmen,KlimalisteBW,1,0.01895734597156398
08316020,"Kenzingen, Stadt",Erststimmen,KlimalisteBW,0,0.0
08316020,"Kenzingen, Stadt",Zweitstimmen,KlimalisteBW,3,0.05379236148466917
08316024,Malterdingen,Erststimmen,KlimalisteBW,0,0.0
08316024,Malterdingen,Zweitstimmen,KlimalisteBW,1,0.05254860746190226
08316036,Reute,Erststimmen,KlimalisteBW,0,0.0
08316036,Reute,Zweitstimmen,KlimalisteBW,0,0.0
08316037,Riegel am Kaiserstuhl,Erststimmen,KlimalisteBW,0,0.0
08316037,Riegel am Kaiserstuhl,Zweitstimmen,KlimalisteBW,0,0.0
08316038,Sasbach am Kaiserstuhl,Erststimmen,KlimalisteBW,0,0.0
08316038,Sasbach am Kaiserstuhl,Zweitstimmen,KlimalisteBW,1,0.04868549172346641
08316039,Sexau,Erststimmen,KlimalisteBW,0,0.0
08316039,Sexau,Zweitstimmen,KlimalisteBW,1,0.047393364928909956
08316042,Simonswald,Erststimmen,KlimalisteBW,0,0.0
08316042,Simonswald,Zweitstimmen,KlimalisteBW,0,0.0
08316043,Teningen,Erststimmen,KlimalisteBW,0,0.0
08316043,Teningen,Zweitstimmen,KlimalisteBW,3,0.046699875466998754
08316045,Vörstetten,Erststimmen,KlimalisteBW,0,0.0
08316045,Vörstetten,Zweitstimmen,KlimalisteBW,1,0.05279831045406547
08316049,Weisweil,Erststimmen,KlimalisteBW,0,0.0
08316049,Weisweil,Zweitstimmen,KlimalisteBW,2,0.16
08316051,Wyhl am Kaiserstuhl,Erststimmen,KlimalisteBW,0,0.0
08316051,Wyhl am Kaiserstuhl,Zweitstimmen,KlimalisteBW,3,0.14492753623188406
08316053,Rheinhausen im Breisgau,Erststimmen,KlimalisteBW,0,0.0
08316053,Rheinhausen im Breisgau,Zweitstimmen,KlimalisteBW,0,0.0
08316054,Freiamt,Erststimmen,KlimalisteBW,0,0.0
08316054,Freiamt,Zweitstimmen,KlimalisteBW,1,0.039824771007566706
08316055,Winden im Elztal,Erststimmen,KlimalisteBW,0,0.0
08316055,Winden im Elztal,Zweitstimmen,KlimalisteBW,0,0.0
08316056,"Waldkirch, Stadt",Erststimmen,KlimalisteBW,0,0.0
08316056,"Waldkirch, Stadt",Zweitstimmen,KlimalisteBW,5,0.04430267588162325
08325001,Aichhalden,Erststimmen,KlimalisteBW,0,0.0
08325001,Aichhalden,Zweitstimmen,KlimalisteBW,1,0.03923107100823853
08325009,Bösingen,Erststimmen,KlimalisteBW,0,0.0
08325009,Bösingen,Zweitstimmen,KlimalisteBW,1,0.04837929366231253
08325011,Dietingen,Erststimmen,KlimalisteBW,0,0.0
08325011,Dietingen,Zweitstimmen,KlimalisteBW,1,0.041981528127623846
08325012,"Dornhan, Stadt",Erststimmen,KlimalisteBW,0,0.0
08325012,"Dornhan, Stadt",Zweitstimmen,KlimalisteBW,3,0.08363534987454697
08325014,Dunningen,Erststimmen,KlimalisteBW,0,0.0
08325014,Dunningen,Zweitstimmen,KlimalisteBW,0,0.0
08325015,Epfendorf,Erststimmen,KlimalisteBW,0,0.0
08325015,Epfendorf,Zweitstimmen,KlimalisteBW,0,0.0
08325024,Hardt,Erststimmen,KlimalisteBW,0,0.0
08325024,Hardt,Zweitstimmen,KlimalisteBW,1,0.060024009603841535
08325036,Lauterbach,Erststimmen,KlimalisteBW,0,0.0
08325036,Lauterbach,Zweitstimmen,KlimalisteBW,0,0.0
08325045,"Oberndorf am Neckar, Stadt",Erststimmen,KlimalisteBW,0,0.0
08325045,"Oberndorf am Neckar, Stadt",Zweitstimmen,KlimalisteBW,1,0.015610365282547613
08325049,"Rottweil, Stadt",Erststimmen,KlimalisteBW,0,0.0
08325049,"Rottweil, Stadt",Zweitstimmen,KlimalisteBW,3,0.024902465344069064
08325050,Schenkenzell,Erststimmen,KlimalisteBW,0,0.0
08325050,Schenkenzell,Zweitstimmen,KlimalisteBW,0,0.0
08325051,"Schiltach, Stadt",Erststimmen,KlimalisteBW,0,0.0
08325051,"Schiltach, Stadt",Zweitstimmen,KlimalisteBW,0,0.0
08325053,"Schramberg, Stadt",Erststimmen,KlimalisteBW,0,0.0
08325053,"Schramberg, Stadt",Zweitstimmen,KlimalisteBW,2,0.021251726702794602
08325057,"Sulz am Neckar, Stadt",Erststimmen,KlimalisteBW,0,0.0
08325057,"Sulz am Neckar, Stadt",Zweitstimmen,KlimalisteBW,2,0.03235722375020223
08325060,Villingendorf,Erststimmen,KlimalisteBW,0,0.0
08325060,Villingendorf,Zweitstimmen,KlimalisteBW,0,0.0
08325061,Vöhringen,Erststimmen,KlimalisteBW,0,0.0
08325061,Vöhringen,Zweitstimmen,KlimalisteBW,0,0.0
08325064,Wellendingen,Erststimmen,KlimalisteBW,0,0.0
08325064,Wellendingen,Zweitstimmen,KlimalisteBW,0,0.0
08325069,Zimmern ob Rottweil,Erststimmen,KlimalisteBW,0,0.0
08325069,Zimmern ob Rottweil,Zweitstimmen,KlimalisteBW,0,0.0
08325070,Fluorn-Winzeln,Erststimmen,KlimalisteBW,0,0.0
08325070,Fluorn-Winzeln,Zweitstimmen,KlimalisteBW,1,0.055803571428571425
08325071,Eschbronn,Erststimmen,KlimalisteBW,0,0.0
08325071,Eschbronn,Zweitstimmen,KlimalisteBW,1,0.07830853563038372
08325072,Deißlingen,Erststimmen,KlimalisteBW,0,0.0
08325072,Deißlingen,Zweitstimmen,KlimalisteBW,1,0.03096934035305048
08326003,"Bad Dürrheim, Stadt",Erststimmen,KlimalisteBW,0,0.0
08326003,"Bad Dürrheim, Stadt",Zweitstimmen,KlimalisteBW,1,0.014688601645123384
08326005,"Blumberg, Stadt",Erststimmen,KlimalisteBW,0,0.0
08326005,"Blumberg, Stadt",Zweitstimmen,KlimalisteBW,2,0.04552697473252903
08326006,"Bräunlingen, Stadt",Erststimmen,KlimalisteBW,0,0.0
08326006,"Bräunlingen, Stadt",Zweitstimmen,KlimalisteBW,2,0.06343165239454487
08326010,Dauchingen,Erststimmen,KlimalisteBW,0,0.0
08326010,Dauchingen,Zweitstimmen,KlimalisteBW,0,0.0
08326012,"Donaueschingen, Stadt",Erststimmen,KlimalisteBW,0,0.0
08326012,"Donaueschingen, Stadt",Zweitstimmen,KlimalisteBW,3,0.028471101831640883
08326017,"Furtwangen im Schwarzwald, Stadt",Erststimmen,KlimalisteBW,0,0.0
08326017,"Furtwangen im Schwarzwald, Stadt",Zweitstimmen,KlimalisteBW,4,0.1002004008016032
08326020,Gütenbach,Erststimmen,KlimalisteBW,0,0.0
08326020,Gütenbach,Zweitstimmen,KlimalisteBW,0,0.0
08326027,"Hüfingen, Stadt",Erststimmen,KlimalisteBW,0,0.0
08326027,"Hüfingen, Stadt",Zweitstimmen,KlimalisteBW,1,0.02531004808909137
08326031,Königsfeld im Schwarzwald,Erststimmen,KlimalisteBW,0,0.0
08326031,Königsfeld im Schwarzwald,Zweitstimmen,KlimalisteBW,3,0.08498583569405099
08326037,Mönchweiler,Erststimmen,KlimalisteBW,0,0.0
08326037,Mönchweiler,Zweitstimmen,KlimalisteBW,0,0.0
08326041,Niedereschach,Erststimmen,KlimalisteBW,0,0.0
08326041,Niedereschach,Zweitstimmen,KlimalisteBW,1,0.030039050765995796
08326052,"St. Georgen im Schwarzwald, Stadt",Erststimmen,KlimalisteBW,0,0.0
08326052,"St. Georgen im Schwarzwald, Stadt",Zweitstimmen,KlimalisteBW,2,0.03242016534284325
08326054,Schönwald im Schwarzwald,Erststimmen,KlimalisteBW,0,0.0
08326054,Schönwald im Schwarzwald,Zweitstimmen,KlimalisteBW,0,0.0
08326055,Schonach im Schwarzwald,Erststimmen,KlimalisteBW,0,0.0
08326055,Schonach im Schwarzwald,Zweitstimmen,KlimalisteBW,1,0.04746084480303749
08326060,"Triberg im Schwarzwald, Stadt",Erststimmen,KlimalisteBW,0,0.0
08326060,"Triberg im Schwarzwald, Stadt",Zweitstimmen,KlimalisteBW,2,0.11173184357541899
08326061,Tuningen,Erststimmen,KlimalisteBW,0,0.0
08326061,Tuningen,Zweitstimmen,KlimalisteBW,1,0.060024009603841535
08326065,Unterkirnach,Erststimmen,KlimalisteBW,0,0.0
08326065,Unterkirnach,Zweitstimmen,KlimalisteBW,0,0.0
08326068,"Vöhrenbach, Stadt",Erststimmen,KlimalisteBW,0,0.0
08326068,"Vöhrenbach, Stadt",Zweitstimmen,KlimalisteBW,3,0.1779359430604982
08326074,"Villingen-Schwenningen, Stadt",Erststimmen,KlimalisteBW,0,0.0
08326074,"Villingen-Schwenningen, Stadt",Zweitstimmen,KlimalisteBW,17,0.04846066134549601
08326075,Brigachtal,Erststimmen,KlimalisteBW,0,0.0
08326075,Brigachtal,Zweitstimmen,KlimalisteBW,0,0.0
08327002,Aldingen,Erststimmen,KlimalisteBW,0,0.0
08327002,Aldingen,Zweitstimmen,KlimalisteBW,1,0.030911901081916538
08327004,Bärenthal,Erststimmen,KlimalisteBW,0,0.0
08327004,Bärenthal,Zweitstimmen,KlimalisteBW,0,0.0
08327005,Balgheim,Erststimmen,KlimalisteBW,0,0.0
08327005,Balgheim,Zweitstimmen,KlimalisteBW,0,0.0
08327006,Böttingen,Erststimmen,KlimalisteBW,0,0.0
08327006,Böttingen,Zweitstimmen,KlimalisteBW,0,0.0
08327007,Bubsheim,Erststimmen,KlimalisteBW,0,0.0
08327007,Bubsheim,Zweitstimmen,KlimalisteBW,0,0.0
08327008,Buchheim,Erststimmen,KlimalisteBW,0,0.0
08327008,Buchheim,Zweitstimmen,KlimalisteBW,0,0.0
08327009,Deilingen,Erststimmen,KlimalisteBW,0,0.0
08327009,Deilingen,Zweitstimmen,KlimalisteBW,0,0.0
08327010,Denkingen,Erststimmen,KlimalisteBW,0,0.0
08327010,Denkingen,Zweitstimmen,KlimalisteBW,1,0.06756756756756757
08327011,Dürbheim,Erststimmen,KlimalisteBW,0,0.0
08327011,Dürbheim,Zweitstimmen,KlimalisteBW,0,0.0
08327012,Durchhausen,Erststimmen,KlimalisteBW,0,0.0
08327012,Durchhausen,Zweitstimmen,KlimalisteBW,0,0.0
08327013,Egesheim,Erststimmen,KlimalisteBW,0,0.0
08327013,Egesheim,Zweitstimmen,KlimalisteBW,0,0.0
08327016,"Fridingen an der Donau, Stadt",Erststimmen,KlimalisteBW,0,0.0
08327016,"Fridingen an der Donau, Stadt",Zweitstimmen,KlimalisteBW,0,0.0
08327017,Frittlingen,Erststimmen,KlimalisteBW,0,0.0
08327017,Frittlingen,Zweitstimmen,KlimalisteBW,0,0.0
08327018,"Geisingen, Stadt",Erststimmen,KlimalisteBW,0,0.0
08327018,"Geisingen, Stadt",Zweitstimmen,KlimalisteBW,0,0.0
08327019,Gosheim,Erststimmen,KlimalisteBW,0,0.0
08327019,Gosheim,Zweitstimmen,KlimalisteBW,0,0.0
08327020,Gunningen,Erststimmen,KlimalisteBW,0,0.0
08327020,Gunningen,Zweitstimmen,KlimalisteBW,0,0.0
08327023,Hausen ob Verena,Erststimmen,KlimalisteBW,0,0.0
08327023,Hausen ob Verena,Zweitstimmen,KlimalisteBW,0,0.0
08327025,Immendingen,Erststimmen,KlimalisteBW,0,0.0
08327025,Immendingen,Zweitstimmen,KlimalisteBW,0,0.0
08327027,Irndorf,Erststimmen,KlimalisteBW,0,0.0
08327027,Irndorf,Zweitstimmen,KlimalisteBW,0,0.0
08327029,Königsheim,Erststimmen,KlimalisteBW,0,0.0
08327029,Königsheim,Zweitstimmen,KlimalisteBW,0,0.0
08327030,Kolbingen,Erststimmen,KlimalisteBW,0,0.0
08327030,Kolbingen,Zweitstimmen,KlimalisteBW,0,0.0
08327033,Mahlstetten,Erststimmen,KlimalisteBW,0,0.0
08327033,Mahlstetten,Zweitstimmen,KlimalisteBW,0,0.0
08327036,"Mühlheim an der Donau, Stadt",Erststimmen,KlimalisteBW,0,0.0
08327036,"Mühlheim an der Donau, Stadt",Zweitstimmen,KlimalisteBW,0,0.0
08327038,Neuhausen ob Eck,Erststimmen,KlimalisteBW,0,0.0
08327038,Neuhausen ob Eck,Zweitstimmen,KlimalisteBW,3,0.15592515592515593
08327040,Reichenbach am Heuberg,Erststimmen,KlimalisteBW,0,0.0
08327040,Reichenbach am Heuberg,Zweitstimmen,KlimalisteBW,0,0.0
08327041,Renquishausen,Erststimmen,KlimalisteBW,0,0.0
08327041,Renquishausen,Zweitstimmen,KlimalisteBW,0,0.0
08327046,"Spaichingen, Stadt",Erststimmen,KlimalisteBW,0,0.0
08327046,"Spaichingen, Stadt",Zweitstimmen,KlimalisteBW,4,0.06919218128351497
08327048,Talheim,Erststimmen,KlimalisteBW,0,0.0
08327048,Talheim,Zweitstimmen,KlimalisteBW,0,0.0
08327049,"Trossingen, Stadt",Erststimmen,KlimalisteBW,0,0.0
08327049,"Trossingen, Stadt",Zweitstimmen,KlimalisteBW,0,0.0
08327050,"Tuttlingen, Stadt",Erststimmen,KlimalisteBW,0,0.0
08327050,"Tuttlingen, Stadt",Zweitstimmen,KlimalisteBW,2,0.015379883112888343
08327051,Wehingen,Erststimmen,KlimalisteBW,0,0.0
08327051,Wehingen,Zweitstimmen,KlimalisteBW,0,0.0
08327054,Wurmlingen,Erststimmen,KlimalisteBW,0,0.0
08327054,Wurmlingen,Zweitstimmen,KlimalisteBW,0,0.0
08327055,Seitingen-Oberflacht,Erststimmen,KlimalisteBW,0,0.0
08327055,Seitingen-Oberflacht,Zweitstimmen,KlimalisteBW,1,0.07633587786259542
08327056,Rietheim-Weilheim,Erststimmen,KlimalisteBW,0,0.0
08327056,Rietheim-Weilheim,Zweitstimmen,KlimalisteBW,0,0.0
08327057,Emmingen-Liptingen,Erststimmen,KlimalisteBW,0,0.0
08327057,Emmingen-Liptingen,Zweitstimmen,KlimalisteBW,0,0.0
08336004,Aitern,Erststimmen,KlimalisteBW,0,0.0
08336004,Aitern,Zweitstimmen,KlimalisteBW,0,0.0
08336006,Bad Bellingen,Erststimmen,KlimalisteBW,0,0.0
08336006,Bad Bellingen,Zweitstimmen,KlimalisteBW,2,0.09263547938860583
08336008,Binzen,Erststimmen,KlimalisteBW,0,0.0
08336008,Binzen,Zweitstimmen,KlimalisteBW,0,0.0
08336010,Böllen,Erststimmen,KlimalisteBW,0,0.0
08336010,Böllen,Zweitstimmen,KlimalisteBW,0,0.0
08336014,Efringen-Kirchen,Erststimmen,KlimalisteBW,0,0.0
08336014,Efringen-Kirchen,Zweitstimmen,KlimalisteBW,0,0.0
08336019,Eimeldingen,Erststimmen,KlimalisteBW,0,0.0
08336019,Eimeldingen,Zweitstimmen,KlimalisteBW,0,0.0
08336024,Fischingen,Erststimmen,KlimalisteBW,0,0.0
08336024,Fischingen,Zweitstimmen,KlimalisteBW,0,0.0
08336025,Fröhnd,Erststimmen,KlimalisteBW,0,0.0
08336025,Fröhnd,Zweitstimmen,KlimalisteBW,0,0.0
08336034,Hasel,Erststimmen,KlimalisteBW,0,0.0
08336034,Hasel,Zweitstimmen,KlimalisteBW,0,0.0
08336036,Hausen im Wiesental,Erststimmen,KlimalisteBW,0,0.0
08336036,Hausen im Wiesental,Zweitstimmen,KlimalisteBW,0,0.0
08336043,Inzlingen,Erststimmen,KlimalisteBW,0,0.0
08336043,Inzlingen,Zweitstimmen,KlimalisteBW,0,0.0
08336050,"Lörrach, Stadt",Erststimmen,KlimalisteBW,0,0.0
08336050,"Lörrach, Stadt",Zweitstimmen,KlimalisteBW,12,0.05836292009143525
08336057,Maulburg,Erststimmen,KlimalisteBW,0,0.0
08336057,Maulburg,Zweitstimmen,KlimalisteBW,0,0.0
08336069,"Rheinfelden (Baden), Stadt",Erststimmen,KlimalisteBW,0,0.0
08336069,"Rheinfelden (Baden), Stadt",Zweitstimmen,KlimalisteBW,11,0.08064516129032258
08336073,Rümmingen,Erststimmen,KlimalisteBW,0,0.0
08336073,Rümmingen,Zweitstimmen,KlimalisteBW,0,0.0
08336075,Schallbach,Erststimmen,KlimalisteBW,0,0.0
08336075,Schallbach,Zweitstimmen,KlimalisteBW,0,0.0
08336079,"Schönau im Schwarzwald, Stadt",Erststimmen,KlimalisteBW,0,0.0
08336079,"Schönau im Schwarzwald, Stadt",Zweitstimmen,KlimalisteBW,0,0.0
08336080,Schönenberg,Erststimmen,KlimalisteBW,0,0.0
08336080,Schönenberg,Zweitstimmen,KlimalisteBW,0,0.0
08336081,"Schopfheim, Stadt",Erststimmen,KlimalisteBW,0,0.0
08336081,"Schopfheim, Stadt",Zweitstimmen,KlimalisteBW,5,0.053253807647246784
08336082,Schwörstadt,Erststimmen,KlimalisteBW,0,0.0
08336082,Schwörstadt,Zweitstimmen,KlimalisteBW,1,0.08488964346349745
08336084,Steinen,Erststimmen,KlimalisteBW,0,0.0
08336084,Steinen,Zweitstimmen,KlimalisteBW,3,0.05622188905547226
08336087,"Todtnau, Stadt",Erststimmen,KlimalisteBW,0,0.0
08336087,"Todtnau, Stadt",Zweitstimmen,KlimalisteBW,0,0.0
08336089,Tunau,Erststimmen,KlimalisteBW,0,0.0
08336089,Tunau,Zweitstimmen,KlimalisteBW,0,0.0
08336090,Utzenfeld,Erststimmen,KlimalisteBW,0,0.0
08336090,Utzenfeld,Zweitstimmen,KlimalisteBW,0,0.0
08336091,"Weil am Rhein, Stadt",Erststimmen,KlimalisteBW,0,0.0
08336091,"Weil am Rhein, Stadt",Zweitstimmen,KlimalisteBW,11,0.09371272789231555
08336094,Wembach,Erststimmen,KlimalisteBW,0,0.0
08336094,Wembach,Zweitstimmen,KlimalisteBW,0,0.0
08336096,Wieden,Erststimmen,KlimalisteBW,0,0.0
08336096,Wieden,Zweitstimmen,KlimalisteBW,0,0.0
08336100,Wittlingen,Erststimmen,KlimalisteBW,0,0.0
08336100,Wittlingen,Zweitstimmen,KlimalisteBW,1,0.18656716417910446
08336103,"Zell im Wiesental, Stadt",Erststimmen,KlimalisteBW,0,0.0
08336103,"Zell im Wiesental, Stadt",Zweitstimmen,KlimalisteBW,1,0.0395882818685669
08336105,Grenzach-Wyhlen,Erststimmen,KlimalisteBW,0,0.0
08336105,Grenzach-Wyhlen,Zweitstimmen,KlimalisteBW,1,0.016223231667748216
08336106,Häg-Ehrsberg,Erststimmen,KlimalisteBW,0,0.0
08336106,Häg-Ehrsberg,Zweitstimmen,KlimalisteBW,0,0.0
08336107,Kleines Wiesental,Erststimmen,KlimalisteBW,0,0.0
08336107,Kleines Wiesental,Zweitstimmen,KlimalisteBW,2,0.12099213551119178
08337002,Albbruck,Erststimmen,KlimalisteBW,0,0.0
08337002,Albbruck,Zweitstimmen,KlimalisteBW,2,0.05373455131649651
08337030,Dettighofen,Erststimmen,KlimalisteBW,0,0.0
08337030,Dettighofen,Zweitstimmen,KlimalisteBW,2,0.35149384885764495
08337032,Dogern,Erststimmen,KlimalisteBW,0,0.0
08337032,Dogern,Zweitstimmen,KlimalisteBW,0,0.0
08337038,Görwihl,Erststimmen,KlimalisteBW,0,0.0
08337038,Görwihl,Zweitstimmen,KlimalisteBW,0,0.0
08337049,Herrischried,Erststimmen,KlimalisteBW,0,0.0
08337049,Herrischried,Zweitstimmen,KlimalisteBW,0,0.0
08337053,Hohentengen am Hochrhein,Erststimmen,KlimalisteBW,0,0.0
08337053,Hohentengen am Hochrhein,Zweitstimmen,KlimalisteBW,0,0.0
08337060,Jestetten,Erststimmen,KlimalisteBW,0,0.0
08337060,Jestetten,Zweitstimmen,KlimalisteBW,0,0.0
08337062,Klettgau,Erststimmen,KlimalisteBW,0,0.0
08337062,Klettgau,Zweitstimmen,KlimalisteBW,2,0.054869684499314134
08337065,Lauchringen,Erststimmen,KlimalisteBW,0,0.0
08337065,Lauchringen,Zweitstimmen,KlimalisteBW,3,0.08062348830959419
08337066,"Laufenburg (Baden), Stadt",Erststimmen,KlimalisteBW,0,0.0
08337066,"Laufenburg (Baden), Stadt",Zweitstimmen,KlimalisteBW,4,0.107095046854083
08337070,Lottstetten,Erststimmen,KlimalisteBW,0,0.0
08337070,Lottstetten,Zweitstimmen,KlimalisteBW,3,0.33370411568409347
08337076,Murg,Erststimmen,KlimalisteBW,0,0.0
08337076,Murg,Zweitstimmen,KlimalisteBW,2,0.06263701847792046
08337090,Rickenbach,Erststimmen,KlimalisteBW,0,0.0
08337090,Rickenbach,Zweitstimmen,KlimalisteBW,2,0.09433962264150944
08337096,"Bad Säckingen, Stadt",Erststimmen,KlimalisteBW,0,0.0
08337096,"Bad Säckingen, Stadt",Zweitstimmen,KlimalisteBW,2,0.027897893709024967
08337106,"Stühlingen, Stadt",Erststimmen,KlimalisteBW,0,0.0
08337106,"Stühlingen, Stadt",Zweitstimmen,KlimalisteBW,1,0.035075412136092596
08337116,"Wehr, Stadt",Erststimmen,KlimalisteBW,0,0.0
08337116,"Wehr, Stadt",Zweitstimmen,KlimalisteBW,4,0.07359705611775529
08337118,Weilheim,Erststimmen,KlimalisteBW,0,0.0
08337118,Weilheim,Zweitstimmen,KlimalisteBW,0,0.0
08337123,Wutöschingen,Erststimmen,KlimalisteBW,0,0.0
08337123,Wutöschingen,Zweitstimmen,KlimalisteBW,2,0.06305170239596469
08337124,Eggingen,Erststimmen,KlimalisteBW,0,0.0
08337124,Eggingen,Zweitstimmen,KlimalisteBW,1,0.10718113612004287
08337125,Küssaberg,Erststimmen,KlimalisteBW,0,0.0
08337125,Küssaberg,Zweitstimmen,KlimalisteBW,1,0.035285815102328866
08337126,"Waldshut-Tiengen, Stadt",Erststimmen,KlimalisteBW,0,0.0
08337126,"Waldshut-Tiengen, Stadt",Zweitstimmen,KlimalisteBW,2,0.021045985478270017
08416006,Bodelshausen,Erststimmen,KlimalisteBW,0,0.0
08416006,Bodelshausen,Zweitstimmen,KlimalisteBW,2,0.07590132827324478
08416009,Dettenhausen,Erststimmen,KlimalisteBW,0,0.0
08416009,Dettenhausen,Zweitstimmen,KlimalisteBW,2,0.06269592476489029
08416018,Hirrlingen,Erststimmen,KlimalisteBW,0,0.0
08416018,Hirrlingen,Zweitstimmen,KlimalisteBW,1,0.05694760820045558
08416025,"Mössingen, Stadt",Erststimmen,KlimalisteBW,0,0.0
08416025,"Mössingen, Stadt",Zweitstimmen,KlimalisteBW,3,0.028617762091004483
08416031,Ofterdingen,Erststimmen,KlimalisteBW,0,0.0
08416031,Ofterdingen,Zweitstimmen,KlimalisteBW,1,0.03594536304816679
08416036,"Rottenburg am Neckar, Stadt",Erststimmen,KlimalisteBW,0,0.0
08416036,"Rottenburg am Neckar, Stadt",Zweitstimmen,KlimalisteBW,7,0.030417590057793424
08416041,"Tübingen, Universitätsstadt",Erststimmen,KlimalisteBW,0,0.0
08416041,"Tübingen, Universitätsstadt",Zweitstimmen,KlimalisteBW,92,0.17847789396085126
08416048,Ammerbuch,Erststimmen,KlimalisteBW,0,0.0
08416048,Ammerbuch,Zweitstimmen,KlimalisteBW,6,0.08937881722031879
08416049,Neustetten,Erststimmen,KlimalisteBW,0,0.0
08416049,Neustetten,Zweitstimmen,KlimalisteBW,0,0.0
08416050,Starzach,Erststimmen,KlimalisteBW,0,0.0
08416050,Starzach,Zweitstimmen,KlimalisteBW,2,0.0774593338497289
08417002,"Balingen, Stadt",Erststimmen,KlimalisteBW,0,0.0
08417002,"Balingen, Stadt",Zweitstimmen,KlimalisteBW,9,0.0512616050578117
08417008,Bisingen,Erststimmen,KlimalisteBW,0,0.0
08417008,Bisingen,Zweitstimmen,KlimalisteBW,1,0.02025111381125962
08417010,Bitz,Erststimmen,KlimalisteBW,0,0.0
08417010,Bitz,Zweitstimmen,KlimalisteBW,0,0.0
08417014,Dautmergen,Erststimmen,KlimalisteBW,0,0.0
08417014,Dautmergen,Zweitstimmen,KlimalisteBW,0,0.0
08417015,Dormettingen,Erststimmen,KlimalisteBW,0,0.0
08417015,Dormettingen,Zweitstimmen,KlimalisteBW,2,0.3412969283276451
08417016,Dotternhausen,Erststimmen,KlimalisteBW,0,0.0
08417016,Dotternhausen,Zweitstimmen,KlimalisteBW,1,0.09328358208955223
08417022,"Geislingen, Stadt",Erststimmen,KlimalisteBW,0,0.0
08417022,"Geislingen, Stadt",Zweitstimmen,KlimalisteBW,1,0.02962085308056872
08417023,Grosselfingen,Erststimmen,KlimalisteBW,0,0.0
08417023,Grosselfingen,Zweitstimmen,KlimalisteBW,0,0.0
08417025,"Haigerloch, Stadt",Erststimmen,KlimalisteBW,0,0.0
08417025,"Haigerloch, Stadt",Zweitstimmen,KlimalisteBW,1,0.01755926251097454
08417029,Hausen am Tann,Erststimmen,KlimalisteBW,0,0.0
08417029,Hausen am Tann,Zweitstimmen,KlimalisteBW,0,0.0
08417044,"Meßstetten, Stadt",Erststimmen,KlimalisteBW,0,0.0
08417044,"Meßstetten, Stadt",Zweitstimmen,KlimalisteBW,2,0.036081544290095614
08417045,Nusplingen,Erststimmen,KlimalisteBW,0,0.0
08417045,Nusplingen,Zweitstimmen,KlimalisteBW,0,0.0
08417047,Obernheim,Erststimmen,KlimalisteBW,0,0.0
08417047,Obernheim,Zweitstimmen,KlimalisteBW,0,0.0
08417051,Rangendingen,Erststimmen,KlimalisteBW,0,0.0
08417051,Rangendingen,Zweitstimmen,KlimalisteBW,0,0.0
08417052,Ratshausen,Erststimmen,KlimalisteBW,0,0.0
08417052,Ratshausen,Zweitstimmen,KlimalisteBW,0,0.0
08417054,"Rosenfeld, Stadt",Erststimmen,KlimalisteBW,0,0.0
08417054,"Rosenfeld, Stadt",Zweitstimmen,KlimalisteBW,3,0.08605851979345956
08417057,"Schömberg, Stadt",Erststimmen,KlimalisteBW,0,0.0
08417057,"Schömberg, Stadt",Zweitstimmen,KlimalisteBW,0,0.0
08417063,Straßberg,Erststimmen,KlimalisteBW,0,0.0
08417063,Straßberg,Zweitstimmen,KlimalisteBW,0,0.0
08417071,Weilen unter den Rinnen,Erststimmen,KlimalisteBW,0,0.0
08417071,Weilen unter den Rinnen,Zweitstimmen,KlimalisteBW,0,0.0
08417075,Winterlingen,Erststimmen,KlimalisteBW,0,0.0
08417075,Winterlingen,Zweitstimmen,KlimalisteBW,1,0.030012004801920768
08417078,Zimmern unter der Burg,Erststimmen,KlimalisteBW,0,0.0
08417078,Zimmern unter der Burg,Zweitstimmen,KlimalisteBW,0,0.0
08417079,"Albstadt, Stadt",Erststimmen,KlimalisteBW,0,0.0
08417079,"Albstadt, Stadt",Zweitstimmen,KlimalisteBW,3,0.015948115464355962
08425002,Allmendingen,Erststimmen,KlimalisteBW,0,0.0
08425002,Allmendingen,Zweitstimmen,KlimalisteBW,0,0.0
08425004,Altheim,Erststimmen,KlimalisteBW,0,0.0
08425004,Altheim,Zweitstimmen,KlimalisteBW,0,0.0
08425005,Altheim (Alb),Erststimmen,KlimalisteBW,0,0.0
08425005,Altheim (Alb),Zweitstimmen,KlimalisteBW,1,0.09633911368015415
08425008,Amstetten,Erststimmen,KlimalisteBW,0,0.0
08425008,Amstetten,Zweitstimmen,KlimalisteBW,0,0.0
08425011,Asselfingen,Erststimmen,KlimalisteBW,0,0.0
08425011,Asselfingen,Zweitstimmen,KlimalisteBW,0,0.0
08425013,Ballendorf,Erststimmen,KlimalisteBW,0,0.0
08425013,Ballendorf,Zweitstimmen,KlimalisteBW,0,0.0
08425014,Beimerstetten,Erststimmen,KlimalisteBW,0,0.0
08425014,Beimerstetten,Zweitstimmen,KlimalisteBW,1,0.0706713780918728
08425017,Berghülen,Erststimmen,KlimalisteBW,0,0.0
08425017,Berghülen,Zweitstimmen,KlimalisteBW,0,0.0
08425019,Bernstadt,Erststimmen,KlimalisteBW,0,0.0
08425019,Bernstadt,Zweitstimmen,KlimalisteBW,0,0.0
08425020,"Blaubeuren, Stadt",Erststimmen,KlimalisteBW,0,0.0
08425020,"Blaubeuren, Stadt",Zweitstimmen,KlimalisteBW,4,0.06635700066357
08425022,Börslingen,Erststimmen,KlimalisteBW,0,0.0
08425022,Börslingen,Zweitstimmen,KlimalisteBW,0,0.0
08425024,Breitingen,Erststimmen,KlimalisteBW,0,0.0
08425024,Breitingen,Zweitstimmen,KlimalisteBW,0,0.0
08425031,Dornstadt,Erststimmen,KlimalisteBW,0,0.0
08425031,Dornstadt,Zweitstimmen,KlimalisteBW,6,0.12274959083469722
08425033,"Ehingen (Donau), Stadt",Erststimmen,KlimalisteBW,0,0.0
08425033,"Ehingen (Donau), Stadt",Zweitstimmen,KlimalisteBW,5,0.03869669530222119
08425035,Emeringen,Erststimmen,KlimalisteBW,0,0.0
08425035,Emeringen,Zweitstimmen,KlimalisteBW,0,0.0
08425036,Emerkingen,Erststimmen,KlimalisteBW,0,0.0
08425036,Emerkingen,Zweitstimmen,KlimalisteBW,0,0.0
08425050,Griesingen,Erststimmen,KlimalisteBW,0,0.0
08425050,Griesingen,Zweitstimmen,KlimalisteBW,0,0.0
08425052,Grundsheim,Erststimmen,KlimalisteBW,0,0.0
08425052,Grundsheim,Zweitstimmen,KlimalisteBW,0,0.0
08425055,Hausen am Bussen,Erststimmen,KlimalisteBW,0,0.0
08425055,Hausen am Bussen,Zweitstimmen,KlimalisteBW,0,0.0
08425062,Holzkirch,Erststimmen,KlimalisteBW,0,0.0
08425062,Holzkirch,Zweitstimmen,KlimalisteBW,0,0.0
08425071,"Laichingen, Stadt",Erststimmen,KlimalisteBW,0,0.0
08425071,"Laichingen, Stadt",Zweitstimmen,KlimalisteBW,0,0.0
08425072,"Langenau, Stadt",Erststimmen,KlimalisteBW,0,0.0
08425072,"Langenau, Stadt",Zweitstimmen,KlimalisteBW,6,0.07422068283028203
08425073,Lauterach,Erststimmen,KlimalisteBW,0,0.0
08425073,Lauterach,Zweitstimmen,KlimalisteBW,0,0.0
08425075,Lonsee,Erststimmen,KlimalisteBW,0,0.0
08425075,Lonsee,Zweitstimmen,KlimalisteBW,0,0.0
08425079,Merklingen,Erststimmen,KlimalisteBW,0,0.0
08425079,Merklingen,Zweitstimmen,KlimalisteBW,1,0.0831255195344971
08425081,"Munderkingen, Stadt",Erststimmen,KlimalisteBW,0,0.0
08425081,"Munderkingen, Stadt",Zweitstimmen,KlimalisteBW,0,0.0
08425083,Neenstetten,Erststimmen,KlimalisteBW,0,0.0
08425083,Neenstetten,Zweitstimmen,KlimalisteBW,0,0.0
08425084,Nellingen,Erststimmen,KlimalisteBW,0,0.0
08425084,Nellingen,Zweitstimmen,KlimalisteBW,0,0.0
08425085,Nerenstetten,Erststimmen,KlimalisteBW,0,0.0
08425085,Nerenstetten,Zweitstimmen,KlimalisteBW,0,0.0
08425088,Oberdischingen,Erststimmen,KlimalisteBW,0,0.0
08425088,Oberdischingen,Zweitstimmen,KlimalisteBW,1,0.0778816199376947
08425090,Obermarchtal,Erststimmen,KlimalisteBW,0,0.0
08425090,Obermarchtal,Zweitstimmen,KlimalisteBW,0,0.0
08425091,Oberstadion,Erststimmen,KlimalisteBW,0,0.0
08425091,Oberstadion,Zweitstimmen,KlimalisteBW,1,0.09871668311944717
08425092,Öllingen,Erststimmen,KlimalisteBW,0,0.0
08425092,Öllingen,Zweitstimmen,KlimalisteBW,0,0.0
08425093,Öpfingen,Erststimmen,KlimalisteBW,0,0.0
08425093,Öpfingen,Zweitstimmen,KlimalisteBW,0,0.0
08425097,Rammingen,Erststimmen,KlimalisteBW,0,0.0
08425097,Rammingen,Zweitstimmen,KlimalisteBW,0,0.0
08425098,Rechtenstein,Erststimmen,KlimalisteBW,0,0.0
08425098,Rechtenstein,Zweitstimmen,KlimalisteBW,0,0.0
08425104,Rottenacker,Erststimmen,KlimalisteBW,0,0.0
08425104,Rottenacker,Zweitstimmen,KlimalisteBW,0,0.0
08425108,"Schelklingen, Stadt",Erststimmen,KlimalisteBW,0,0.0
08425108,"Schelklingen, Stadt",Zweitstimmen,KlimalisteBW,0,0.0
08425112,Setzingen,Erststimmen,KlimalisteBW,0,0.0
08425112,Setzingen,Zweitstimmen,KlimalisteBW,0,0.0
08425123,Untermarchtal,Erststimmen,KlimalisteBW,0,0.0
08425123,Untermarchtal,Zweitstimmen,KlimalisteBW,0,0.0
08425124,Unterstadion,Erststimmen,KlimalisteBW,0,0.0
08425124,Unterstadion,Zweitstimmen,KlimalisteBW,0,0.0
08425125,Unterwachingen,Erststimmen,KlimalisteBW,0,0.0
08425125,Unterwachingen,Zweitstimmen,KlimalisteBW,0,0.0
08425130,Weidenstetten,Erststimmen,KlimalisteBW,0,0.0
08425130,Weidenstetten,Zweitstimmen,KlimalisteBW,0,0.0
08425134,Westerheim,Erststimmen,KlimalisteBW,0,0.0
08425134,Westerheim,Zweitstimmen,KlimalisteBW,0,0.0
08425135,Westerstetten,Erststimmen,KlimalisteBW,0,0.0
08425135,Westerstetten,Zweitstimmen,KlimalisteBW,0,0.0
08425139,Heroldstatt,Erststimmen,KlimalisteBW,0,0.0
08425139,Heroldstatt,Zweitstimmen,KlimalisteBW,1,0.05780346820809249
08426001,Achstetten,Erststimmen,KlimalisteBW,0,0.0
08426001,Achstetten,Zweitstimmen,KlimalisteBW,2,0.06770480704129993
08426005,Alleshausen,Erststimmen,KlimalisteBW,0,0.0
08426005,Alleshausen,Zweitstimmen,KlimalisteBW,0,0.0
08426006,Allmannsweiler,Erststimmen,KlimalisteBW,0,0.0
08426006,Allmannsweiler,Zweitstimmen,KlimalisteBW,0,0.0
08426008,Altheim,Erststimmen,KlimalisteBW,0,0.0
08426008,Altheim,Zweitstimmen,KlimalisteBW,1,0.078064012490242
08426011,Attenweiler,Erststimmen,KlimalisteBW,0,0.0
08426011,Attenweiler,Zweitstimmen,KlimalisteBW,0,0.0
08426013,"Bad Buchau, Stadt",Erststimmen,KlimalisteBW,0,0.0
08426013,"Bad Buchau, Stadt",Zweitstimmen,KlimalisteBW,1,0.03691399040236249
08426014,"Bad Schussenried, Stadt",Erststimmen,KlimalisteBW,0,0.0
08426014,"Bad Schussenried, Stadt",Zweitstimmen,KlimalisteBW,3,0.068760027504011
08426020,Betzenweiler,Erststimmen,KlimalisteBW,0,0.0
08426020,Betzenweiler,Zweitstimmen,KlimalisteBW,0,0.0
08426021,"Biberach an der Riß, Stadt",Erststimmen,KlimalisteBW,0,0.0
08426021,"Biberach an der Riß, Stadt",Zweitstimmen,KlimalisteBW,8,0.04927929037821855
08426028,Burgrieden,Erststimmen,KlimalisteBW,0,0.0
08426028,Burgrieden,Zweitstimmen,KlimalisteBW,1,0.04288164665523156
08426035,Dürmentingen,Erststimmen,KlimalisteBW,0,0.0
08426035,Dürmentingen,Zweitstimmen,KlimalisteBW,1,0.06756756756756757
08426036,Dürnau,Erststimmen,KlimalisteBW,0,0.0
08426036,Dürnau,Zweitstimmen,KlimalisteBW,0,0.0
08426038,Eberhardzell,Erststimmen,KlimalisteBW,0,0.0
08426038,Eberhardzell,Zweitstimmen,KlimalisteBW,1,0.037243947858472994
08426043,Erlenmoos,Erststimmen,KlimalisteBW,0,0.0
08426043,Erlenmoos,Zweitstimmen,KlimalisteBW,3,0.27932960893854747
08426045,Ertingen,Erststimmen,KlimalisteBW,0,0.0
08426045,Ertingen,Zweitstimmen,KlimalisteBW,1,0.03288391976323578
08426058,Hochdorf,Erststimmen,KlimalisteBW,0,0.0
08426058,Hochdorf,Zweitstimmen,KlimalisteBW,0,0.0
08426062,Ingoldingen,Erststimmen,KlimalisteBW,0,0.0
08426062,Ingoldingen,Zweitstimmen,KlimalisteBW,1,0.052994170641229466
08426064,Kanzach,Erststimmen,KlimalisteBW,0,0.0
08426064,Kanzach,Zweitstimmen,KlimalisteBW,0,0.0
08426067,Langenenslingen,Erststimmen,KlimalisteBW,0,0.0
08426067,Langenenslingen,Zweitstimmen,KlimalisteBW,0,0.0
08426070,"Laupheim, Stadt",Erststimmen,KlimalisteBW,0,0.0
08426070,"Laupheim, Stadt",Zweitstimmen,KlimalisteBW,3,0.026988125224901044
08426071,Maselheim,Erststimmen,KlimalisteBW,0,0.0
08426071,Maselheim,Zweitstimmen,KlimalisteBW,2,0.07590132827324478
08426073,Mietingen,Erststimmen,KlimalisteBW,0,0.0
08426073,Mietingen,Zweitstimmen,KlimalisteBW,1,0.03454231433506045
08426074,Mittelbiberach,Erststimmen,KlimalisteBW,0,0.0
08426074,Mittelbiberach,Zweitstimmen,KlimalisteBW,1,0.038580246913580245
08426078,Moosburg,Erststimmen,KlimalisteBW,0,0.0
08426078,Moosburg,Zweitstimmen,KlimalisteBW,0,0.0
08426087,"Ochsenhausen, Stadt",Erststimmen,KlimalisteBW,0,0.0
08426087,"Ochsenhausen, Stadt",Zweitstimmen,KlimalisteBW,2,0.04402377283733216
08426090,Oggelshausen,Erststimmen,KlimalisteBW,0,0.0
08426090,Oggelshausen,Zweitstimmen,KlimalisteBW,0,0.0
08426097,"Riedlingen, Stadt",Erststimmen,KlimalisteBW,0,0.0
08426097,"Riedlingen, Stadt",Zweitstimmen,KlimalisteBW,3,0.05667863215567731
08426108,Schwendi,Erststimmen,KlimalisteBW,0,0.0
08426108,Schwendi,Zweitstimmen,KlimalisteBW,0,0.0
08426109,Seekirch,Erststimmen,KlimalisteBW,0,0.0
08426109,Seekirch,Zweitstimmen,KlimalisteBW,0,0.0
08426113,Steinhausen an der Rottum,Erststimmen,KlimalisteBW,0,0.0
08426113,Steinhausen an der Rottum,Zweitstimmen,KlimalisteBW,3,0.22404779686333084
08426118,Tiefenbach,Erststimmen,KlimalisteBW,0,0.0
08426118,Tiefenbach,Zweitstimmen,KlimalisteBW,0,0.0
08426120,Ummendorf,Erststimmen,KlimalisteBW,0,0.0
08426120,Ummendorf,Zweitstimmen,KlimalisteBW,1,0.039077764751856196
08426121,Unlingen,Erststimmen,KlimalisteBW,0,0.0
08426121,Unlingen,Zweitstimmen,KlimalisteBW,0,0.0
08426124,Uttenweiler,Erststimmen,KlimalisteBW,0,0.0
08426124,Uttenweiler,Zweitstimmen,KlimalisteBW,2,0.088261253309797
08426125,Wain,Erststimmen,KlimalisteBW,0,0.0
08426125,Wain,Zweitstimmen,KlimalisteBW,0,0.0
08426128,Warthausen,Erststimmen,KlimalisteBW,0,0.0
08426128,Warthausen,Zweitstimmen,KlimalisteBW,1,0.03459010722933241
08426134,Schemmerhofen,Erststimmen,KlimalisteBW,0,0.0
08426134,Schemmerhofen,Zweitstimmen,KlimalisteBW,5,0.09819324430479183
08426135,Gutenzell-Hürbel,Erststimmen,KlimalisteBW,0,0.0
08426135,Gutenzell-Hürbel,Zweitstimmen,KlimalisteBW,2,0.17271157167530224
08435005,Bermatingen,Erststimmen,KlimalisteBW,0,0.0
08435005,Bermatingen,Zweitstimmen,KlimalisteBW,1,0.043440486533449174
08435010,Daisendorf,Erststimmen,KlimalisteBW,0,0.0
08435010,Daisendorf,Zweitstimmen,KlimalisteBW,0,0.0
08435013,Eriskirch,Erststimmen,KlimalisteBW,0,0.0
08435013,Eriskirch,Zweitstimmen,KlimalisteBW,0,0.0
08435015,Frickingen,Erststimmen,KlimalisteBW,0,0.0
08435015,Frickingen,Zweitstimmen,KlimalisteBW,2,0.10718113612004287
08435016,"Friedrichshafen, Stadt",Erststimmen,KlimalisteBW,0,0.0
08435016,"Friedrichshafen, Stadt",Zweitstimmen,KlimalisteBW,18,0.06900782088636713
08435018,Hagnau am Bodensee,Erststimmen,KlimalisteBW,0,0.0
08435018,Hagnau am Bodensee,Zweitstimmen,KlimalisteBW,0,0.0
08435020,Heiligenberg,Erststimmen,KlimalisteBW,0,0.0
08435020,Heiligenberg,Zweitstimmen,KlimalisteBW,2,0.1176470588235294
08435024,Immenstaad am Bodensee,Erststimmen,KlimalisteBW,0,0.0
08435024,Immenstaad am Bodensee,Zweitstimmen,KlimalisteBW,0,0.0
08435029,Kressbronn am Bodensee,Erststimmen,KlimalisteBW,0,0.0
08435029,Kressbronn am Bodensee,Zweitstimmen,KlimalisteBW,2,0.0419639110365086
08435030,Langenargen,Erststimmen,KlimalisteBW,0,0.0
08435030,Langenargen,Zweitstimmen,KlimalisteBW,1,0.022168033695411215
08435034,"Markdorf, Stadt",Erststimmen,KlimalisteBW,0,0.0
08435034,"Markdorf, Stadt",Zweitstimmen,KlimalisteBW,5,0.06800870511425462
08435036,"Meersburg, Stadt",Erststimmen,KlimalisteBW,0,0.0
08435036,"Meersburg, Stadt",Zweitstimmen,KlimalisteBW,0,0.0
08435045,Oberteuringen,Erststimmen,KlimalisteBW,0,0.0
08435045,Oberteuringen,Zweitstimmen,KlimalisteBW,2,0.0741839762611276
08435047,Owingen,Erststimmen,KlimalisteBW,0,0.0
08435047,Owingen,Zweitstimmen,KlimalisteBW,2,0.08077544426494346
08435052,Salem,Erststimmen,KlimalisteBW,0,0.0
08435052,Salem,Zweitstimmen,KlimalisteBW,5,0.07442691277165824
08435053,Sipplingen,Erststimmen,KlimalisteBW,0,0.0
08435053,Sipplingen,Zweitstimmen,KlimalisteBW,0,0.0
08435054,Stetten,Erststimmen,KlimalisteBW,0,0.0
08435054,Stetten,Zweitstimmen,KlimalisteBW,1,0.17271157167530224
08435059,"Überlingen, Stadt",Erststimmen,KlimalisteBW,0,0.0
08435059,"Überlingen, Stadt",Zweitstimmen,KlimalisteBW,3,0.02463054187192118
08435066,Uhldingen-Mühlhofen,Erststimmen,KlimalisteBW,0,0.0
08435066,Uhldingen-Mühlhofen,Zweitstimmen,KlimalisteBW,1,0.023413720440177945
08435067,Deggenhausertal,Erststimmen,KlimalisteBW,0,0.0
08435067,Deggenhausertal,Zweitstimmen,KlimalisteBW,1,0.03901677721420211
08437005,Beuron,Erststimmen,KlimalisteBW,0,0.0
08437005,Beuron,Zweitstimmen,KlimalisteBW,0,0.0
08437008,Bingen,Erststimmen,KlimalisteBW,0,0.0
08437008,Bingen,Zweitstimmen,KlimalisteBW,0,0.0
08437031,"Gammertingen, Stadt",Erststimmen,KlimalisteBW,0,0.0
08437031,"Gammertingen, Stadt",Zweitstimmen,KlimalisteBW,2,0.06337135614702154
08437044,Herbertingen,Erststimmen,KlimalisteBW,0,0.0
08437044,Herbertingen,Zweitstimmen,KlimalisteBW,2,0.07496251874062969
08437047,"Hettingen, Stadt",Erststimmen,KlimalisteBW,0,0.0
08437047,"Hettingen, Stadt",Zweitstimmen,KlimalisteBW,0,0.0
08437053,Hohentengen,Erststimmen,KlimalisteBW,0,0.0
08437053,Hohentengen,Zweitstimmen,KlimalisteBW,0,0.0
08437056,Illmensee,Erststimmen,KlimalisteBW,0,0.0
08437056,Illmensee,Zweitstimmen,KlimalisteBW,2,0.16168148746968472
08437059,Inzigkofen,Erststimmen,KlimalisteBW,0,0.0
08437059,Inzigkofen,Zweitstimmen,KlimalisteBW,0,0.0
08437065,Krauchenwies,Erststimmen,KlimalisteBW,0,0.0
08437065,Krauchenwies,Zweitstimmen,KlimalisteBW,1,0.037037037037037035
08437072,Leibertingen,Erststimmen,KlimalisteBW,0,0.0
08437072,Leibertingen,Zweitstimmen,KlimalisteBW,0,0.0
08437076,"Mengen, Stadt",Erststimmen,KlimalisteBW,0,0.0
08437076,"Mengen, Stadt",Zweitstimmen,KlimalisteBW,1,0.02032520325203252
08437078,"Meßkirch, Stadt",Erststimmen,KlimalisteBW,0,0.0
08437078,"Meßkirch, Stadt",Zweitstimmen,KlimalisteBW,1,0.02420135527589545
08437082,Neufra,Erststimmen,KlimalisteBW,0,0.0
08437082,Neufra,Zweitstimmen,KlimalisteBW,0,0.0
08437086,Ostrach,Erststimmen,KlimalisteBW,0,0.0
08437086,Ostrach,Zweitstimmen,KlimalisteBW,0,0.0
08437088,"Pfullendorf, Stadt",Erststimmen,KlimalisteBW,0,0.0
08437088,"Pfullendorf, Stadt",Zweitstimmen,KlimalisteBW,1,0.0175561797752809
08437100,"Bad Saulgau, Stadt",Erststimmen,KlimalisteBW,0,0.0
08437100,"Bad Saulgau, Stadt",Zweitstimmen,KlimalisteBW,1,0.011357183418512209
08437101,"Scheer, Stadt",Erststimmen,KlimalisteBW,0,0.0
08437101,"Scheer, Stadt",Zweitstimmen,KlimalisteBW,1,0.07818608287724785
08437102,Schwenningen,Erststimmen,KlimalisteBW,0,0.0
08437102,Schwenningen,Zweitstimmen,KlimalisteBW,1,0.09930486593843098
08437104,"Sigmaringen, Stadt",Erststimmen,KlimalisteBW,0,0.0
08437104,"Sigmaringen, Stadt",Zweitstimmen,KlimalisteBW,5,0.06507874528179097
08437105,Sigmaringendorf,Erststimmen,KlimalisteBW,0,0.0
08437105,Sigmaringendorf,Zweitstimmen,KlimalisteBW,0,0.0
08437107,Stetten am kalten Markt,Erststimmen,KlimalisteBW,0,0.0
08437107,Stetten am kalten Markt,Zweitstimmen,KlimalisteBW,0,0.0
08437114,"Veringenstadt, Stadt",Erststimmen,KlimalisteBW,0,0.0
08437114,"Veringenstadt, Stadt",Zweitstimmen,KlimalisteBW,0,0.0
08437118,Wald,Erststimmen,KlimalisteBW,0,0.0
08437118,Wald,Zweitstimmen,KlimalisteBW,4,0.25173064820641916
08437123,Sauldorf,Erststimmen,KlimalisteBW,0,0.0
08437123,Sauldorf,Zweitstimmen,KlimalisteBW,0,0.0
08437124,Herdwangen-Schönach,Erststimmen,KlimalisteBW,0,0.0
08437124,Herdwangen-Schönach,Zweitstimmen,KlimalisteBW,2,0.10411244143675169
08121000,"Heilbronn, Universitätsstadt",Erststimmen,PDH,0,0.0
08121000,"Heilbronn, Universitätsstadt",Zweitstimmen,PDH,27,0.059667189675366286
08125030,Flein,Erststimmen,PDH,0,0.0
08125030,Flein,Zweitstimmen,PDH,1,0.024319066147859923
08125058,"Leingarten, Stadt",Erststimmen,PDH,0,0.0
08125058,"Leingarten, Stadt",Zweitstimmen,PDH,4,0.06892986386351886
08125074,Nordheim,Erststimmen,PDH,0,0.0
08125074,Nordheim,Zweitstimmen,PDH,1,0.02200704225352113
08125094,Talheim,Erststimmen,PDH,0,0.0
08125094,Talheim,Zweitstimmen,PDH,0,0.0
08126011,Bretzfeld,Erststimmen,PDH,0,0.0
08126011,Bretzfeld,Zweitstimmen,PDH,3,0.043981820847383085
08126020,Dörzbach,Erststimmen,PDH,0,0.0
08126020,Dörzbach,Zweitstimmen,PDH,0,0.0
08126028,"Forchtenberg, Stadt",Erststimmen,PDH,0,0.0
08126028,"Forchtenberg, Stadt",Zweitstimmen,PDH,1,0.03590664272890485
08126039,"Ingelfingen, Stadt",Erststimmen,PDH,0,0.0
08126039,"Ingelfingen, Stadt",Zweitstimmen,PDH,0,0.0
08126045,"Krautheim, Stadt",Erststimmen,PDH,0,0.0
08126045,"Krautheim, Stadt",Zweitstimmen,PDH,0,0.0
08126046,"Künzelsau, Stadt",Erststimmen,PDH,0,0.0
08126046,"Künzelsau, Stadt",Zweitstimmen,PDH,4,0.05641748942172073
08126047,Kupferzell,Erststimmen,PDH,0,0.0
08126047,Kupferzell,Zweitstimmen,PDH,1,0.030003000300030006
08126056,Mulfingen,Erststimmen,PDH,0,0.0
08126056,Mulfingen,Zweitstimmen,PDH,1,0.04338394793926247
08126058,"Neuenstein, Stadt",Erststimmen,PDH,0,0.0
08126058,"Neuenstein, Stadt",Zweitstimmen,PDH,2,0.05790387955993051
08126060,"Niedernhall, Stadt",Erststimmen,PDH,0,0.0
08126060,"Niedernhall, Stadt",Zweitstimmen,PDH,5,0.25252525252525254
08126066,"Öhringen, Stadt",Erststimmen,PDH,0,0.0
08126066,"Öhringen, Stadt",Zweitstimmen,PDH,2,0.017389792191983305
08126069,Pfedelbach,Erststimmen,PDH,0,0.0
08126069,Pfedelbach,Zweitstimmen,PDH,0,0.0
08126072,Schöntal,Erststimmen,PDH,0,0.0
08126072,Schöntal,Zweitstimmen,PDH,0,0.0
08126085,"Waldenburg, Stadt",Erststimmen,PDH,0,0.0
08126085,"Waldenburg, Stadt",Zweitstimmen,PDH,0,0.0
08126086,Weißbach,Erststimmen,PDH,0,0.0
08126086,Weißbach,Zweitstimmen,PDH,0,0.0
08126094,Zweiflingen,Erststimmen,PDH,0,0.0
08126094,Zweiflingen,Zweitstimmen,PDH,0,0.0
08127008,Blaufelden,Erststimmen,PDH,0,0.0
08127008,Blaufelden,Zweitstimmen,PDH,0,0.0
08127009,Braunsbach,Erststimmen,PDH,0,0.0
08127009,Braunsbach,Zweitstimmen,PDH,1,0.06609385327164573
08127012,Bühlertann,Erststimmen,PDH,0,0.0
08127012,Bühlertann,Zweitstimmen,PDH,0,0.0
08127013,Bühlerzell,Erststimmen,PDH,0,0.0
08127013,Bühlerzell,Zweitstimmen,PDH,0,0.0
08127014,"Crailsheim, Stadt",Erststimmen,PDH,0,0.0
08127014,"Crailsheim, Stadt",Zweitstimmen,PDH,2,0.015487068297971194
08127023,Fichtenberg,Erststimmen,PDH,0,0.0
08127023,Fichtenberg,Zweitstimmen,PDH,1,0.06165228113440197
08127025,"Gaildorf, Stadt",Erststimmen,PDH,0,0.0
08127025,"Gaildorf, Stadt",Zweitstimmen,PDH,0,0.0
08127032,"Gerabronn, Stadt",Erststimmen,PDH,0,0.0
08127032,"Gerabronn, Stadt",Zweitstimmen,PDH,0,0.0
08127043,"Ilshofen, Stadt",Erststimmen,PDH,0,0.0
08127043,"Ilshofen, Stadt",Zweitstimmen,PDH,1,0.02966478789676654
08127046,"Kirchberg an der Jagst, Stadt",Erststimmen,PDH,0,0.0
08127046,"Kirchberg an der Jagst, Stadt",Zweitstimmen,PDH,1,0.04636068613815484
08127047,"Langenburg, Stadt",Erststimmen,PDH,0,0.0
08127047,"Langenburg, Stadt",Zweitstimmen,PDH,0,0.0
08127052,Mainhardt,Erststimmen,PDH,0,0.0
08127052,Mainhardt,Zweitstimmen,PDH,3,0.09296560272699102
08127056,Michelbach an der Bilz,Erststimmen,PDH,0,0.0
08127056,Michelbach an der Bilz,Zweitstimmen,PDH,0,0.0
08127059,Michelfeld,Erststimmen,PDH,0,0.0
08127059,Michelfeld,Zweitstimmen,PDH,1,0.0463821892393321
08127062,Oberrot,Erststimmen,PDH,0,0.0
08127062,Oberrot,Zweitstimmen,PDH,0,0.0
08127063,Obersontheim,Erststimmen,PDH,0,0.0
08127063,Obersontheim,Zweitstimmen,PDH,0,0.0
08127071,Rot am See,Erststimmen,PDH,0,0.0
08127071,Rot am See,Zweitstimmen,PDH,4,0.1350438892640108
08127073,Satteldorf,Erststimmen,PDH,0,0.0
08127073,Satteldorf,Zweitstimmen,PDH,0,0.0
08127075,"Schrozberg, Stadt",Erststimmen,PDH,0,0.0
08127075,"Schrozberg, Stadt",Zweitstimmen,PDH,0,0.0
08127076,"Schwäbisch Hall, Stadt",Erststimmen,PDH,0,0.0
08127076,"Schwäbisch Hall, Stadt",Zweitstimmen,PDH,11,0.05435856888713184
08127079,Sulzbach-Laufen,Erststimmen,PDH,0,0.0
08127079,Sulzbach-Laufen,Zweitstimmen,PDH,0,0.0
08127086,Untermünkheim,Erststimmen,PDH,0,0.0
08127086,Untermünkheim,Zweitstimmen,PDH,0,0.0
08127089,"Vellberg, Stadt",Erststimmen,PDH,0,0.0
08127089,"Vellberg, Stadt",Zweitstimmen,PDH,1,0.03897116134060795
08127091,Wallhausen,Erststimmen,PDH,0,0.0
08127091,Wallhausen,Zweitstimmen,PDH,0,0.0
08127099,Wolpertshausen,Erststimmen,PDH,0,0.0
08127099,Wolpertshausen,Zweitstimmen,PDH,0,0.0
08127100,Rosengarten,Erststimmen,PDH,0,0.0
08127100,Rosengarten,Zweitstimmen,PDH,1,0.034411562284927734
08127101,Kreßberg,Erststimmen,PDH,0,0.0
08127101,Kreßberg,Zweitstimmen,PDH,0,0.0
08127102,Fichtenau,Erststimmen,PDH,0,0.0
08127102,Fichtenau,Zweitstimmen,PDH,14,0.6216696269982238
08127103,Frankenhardt,Erststimmen,PDH,0,0.0
08127103,Frankenhardt,Zweitstimmen,PDH,1,0.03556187766714083
08127104,Stimpfach,Erststimmen,PDH,0,0.0
08127104,Stimpfach,Zweitstimmen,PDH,0,0.0
08128006,Assamstadt,Erststimmen,PDH,0,0.0
08128006,Assamstadt,Zweitstimmen,PDH,0,0.0
08128007,"Bad Mergentheim, Stadt",Erststimmen,PDH,0,0.0
08128007,"Bad Mergentheim, Stadt",Zweitstimmen,PDH,4,0.035539760106619286
08128014,"Boxberg, Stadt",Erststimmen,PDH,0,0.0
08128014,"Boxberg, Stadt",Zweitstimmen,PDH,0,0.0
08128020,"Creglingen, Stadt",Erststimmen,PDH,0,0.0
08128020,"Creglingen, Stadt",Zweitstimmen,PDH,1,0.0373134328358209
08128039,"Freudenberg, Stadt",Erststimmen,PDH,0,0.0
08128039,"Freudenberg, Stadt",Zweitstimmen,PDH,1,0.052910052910052914
08128045,Großrinderfeld,Erststimmen,PDH,0,0.0
08128045,Großrinderfeld,Zweitstimmen,PDH,0,0.0
08128047,"Grünsfeld, Stadt",Erststimmen,PDH,0,0.0
08128047,"Grünsfeld, Stadt",Zweitstimmen,PDH,3,0.13895321908290875
08128058,Igersheim,Erststimmen,PDH,0,0.0
08128058,Igersheim,Zweitstimmen,PDH,2,0.06508298080052066
08128061,Königheim,Erststimmen,PDH,0,0.0
08128061,Königheim,Zweitstimmen,PDH,0,0.0
08128064,"Külsheim, Stadt",Erststimmen,PDH,0,0.0
08128064,"Külsheim, Stadt",Zweitstimmen,PDH,0,0.0
08128082,"Niederstetten, Stadt",Erststimmen,PDH,0,0.0
08128082,"Niederstetten, Stadt",Zweitstimmen,PDH,0,0.0
08128115,"Tauberbischofsheim, Stadt",Erststimmen,PDH,0,0.0
08128115,"Tauberbischofsheim, Stadt",Zweitstimmen,PDH,0,0.0
08128126,"Weikersheim, Stadt",Erststimmen,PDH,0,0.0
08128126,"Weikersheim, Stadt",Zweitstimmen,PDH,5,0.11178180192264699
08128128,Werbach,Erststimmen,PDH,0,0.0
08128128,Werbach,Zweitstimmen,PDH,0,0.0
08128131,"Wertheim, Stadt",Erststimmen,PDH,0,0.0
08128131,"Wertheim, Stadt",Zweitstimmen,PDH,5,0.046895516788595014
08128137,Wittighausen,Erststimmen,PDH,0,0.0
08128137,Wittighausen,Zweitstimmen,PDH,3,0.29732408325074333
08128138,Ahorn,Erststimmen,PDH,0,0.0
08128138,Ahorn,Zweitstimmen,PDH,0,0.0
08128139,"Lauda-Königshofen, Stadt",Erststimmen,PDH,0,0.0
08128139,"Lauda-Königshofen, Stadt",Zweitstimmen,PDH,7,0.09472259810554803
08135010,Dischingen,Erststimmen,PDH,0,0.0
08135010,Dischingen,Zweitstimmen,PDH,1,0.04033884630899556
08135015,Gerstetten,Erststimmen,PDH,0,0.0
08135015,Gerstetten,Zweitstimmen,PDH,1,0.015837820715869498
08135016,"Giengen an der Brenz, Stadt",Erststimmen,PDH,0,0.0
08135016,"Giengen an der Brenz, Stadt",Zweitstimmen,PDH,1,0.012933264355923435
08135019,"Heidenheim an der Brenz, Stadt",Erststimmen,PDH,0,0.0
08135019,"Heidenheim an der Brenz, Stadt",Zweitstimmen,PDH,6,0.03204101249599487
08135020,"Herbrechtingen, Stadt",Erststimmen,PDH,0,0.0
08135020,"Herbrechtingen, Stadt",Zweitstimmen,PDH,4,0.061566877020163155
08135021,Hermaringen,Erststimmen,PDH,0,0.0
08135021,Hermaringen,Zweitstimmen,PDH,0,0.0
08135025,Königsbronn,Erststimmen,PDH,0,0.0
08135025,Königsbronn,Zweitstimmen,PDH,4,0.10509721492380451
08135026,Nattheim,Erststimmen,PDH,0,0.0
08135026,Nattheim,Zweitstimmen,PDH,0,0.0
08135027,"Niederstotzingen, Stadt",Erststimmen,PDH,0,0.0
08135027,"Niederstotzingen, Stadt",Zweitstimmen,PDH,0,0.0
08135031,Sontheim an der Brenz,Erststimmen,PDH,0,0.0
08135031,Sontheim an der Brenz,Zweitstimmen,PDH,2,0.06371455877668047
08135032,Steinheim am Albuch,Erststimmen,PDH,0,0.0
08135032,Steinheim am Albuch,Zweitstimmen,PDH,3,0.06476683937823835
08216002,Au am Rhein,Erststimmen,PDH,0,0.0
08216002,Au am Rhein,Zweitstimmen,PDH,1,0.051493305870236865
08216005,Bietigheim,Erststimmen,PDH,0,0.0
08216005,Bietigheim,Zweitstimmen,PDH,1,0.02929973630237328
08216006,Bischweier,Erststimmen,PDH,0,0.0
08216006,Bischweier,Zweitstimmen,PDH,0,0.0
08216009,Durmersheim,Erststimmen,PDH,0,0.0
08216009,Durmersheim,Zweitstimmen,PDH,5,0.084774499830451
08216012,Elchesheim-Illingen,Erststimmen,PDH,0,0.0
08216012,Elchesheim-Illingen,Zweitstimmen,PDH,2,0.11210762331838565
08216013,Forbach,Erststimmen,PDH,0,0.0
08216013,Forbach,Zweitstimmen,PDH,0,0.0
08216015,"Gaggenau, Stadt",Erststimmen,PDH,0,0.0
08216015,"Gaggenau, Stadt",Zweitstimmen,PDH,5,0.035780735651925
08216017,"Gernsbach, Stadt",Erststimmen,PDH,0,0.0
08216017,"Gernsbach, Stadt",Zweitstimmen,PDH,2,0.028600028600028603
08216023,Iffezheim,Erststimmen,PDH,0,0.0
08216023,Iffezheim,Zweitstimmen,PDH,1,0.037678975131876416
08216024,"Kuppenheim, Stadt",Erststimmen,PDH,0,0.0
08216024,"Kuppenheim, Stadt",Zweitstimmen,PDH,2,0.04675081813931744
08216029,Loffenau,Erststimmen,PDH,0,0.0
08216029,Loffenau,Zweitstimmen,PDH,1,0.07513148009015778
08216033,Muggensturm,Erststimmen,PDH,0,0.0
08216033,Muggensturm,Zweitstimmen,PDH,0,0.0
08216039,Ötigheim,Erststimmen,PDH,0,0.0
08216039,Ötigheim,Zweitstimmen,PDH,2,0.07171029042667623
08216043,"Rastatt, Stadt",Erststimmen,PDH,0,0.0
08216043,"Rastatt, Stadt",Zweitstimmen,PDH,7,0.038349860296937495
08216052,Steinmauern,Erststimmen,PDH,0,0.0
08216052,Steinmauern,Zweitstimmen,PDH,0,0.0
08216059,Weisenbach,Erststimmen,PDH,0,0.0
08216059,Weisenbach,Zweitstimmen,PDH,1,0.07867820613690008
08231000,"Pforzheim, Stadt",Erststimmen,PDH,0,0.0
08231000,"Pforzheim, Stadt",Zweitstimmen,PDH,24,0.059149722735674676
08235006,"Altensteig, Stadt",Erststimmen,PDH,0,0.0
08235006,"Altensteig, Stadt",Zweitstimmen,PDH,1,0.020491803278688523
08235007,Althengstett,Erststimmen,PDH,0,0.0
08235007,Althengstett,Zweitstimmen,PDH,0,0.0
08235008,"Bad Liebenzell, Stadt",Erststimmen,PDH,0,0.0
08235008,"Bad Liebenzell, Stadt",Zweitstimmen,PDH,3,0.06199628022318661
08235018,Dobel,Erststimmen,PDH,0,0.0
08235018,Dobel,Zweitstimmen,PDH,0,0.0
08235020,Ebhausen,Erststimmen,PDH,0,0.0
08235020,Ebhausen,Zweitstimmen,PDH,0,0.0
08235022,Egenhausen,Erststimmen,PDH,0,0.0
08235022,Egenhausen,Zweitstimmen,PDH,0,0.0
08235025,Enzklösterle,Erststimmen,PDH,0,0.0
08235025,Enzklösterle,Zweitstimmen,PDH,0,0.0
08235029,Gechingen,Erststimmen,PDH,0,0.0
08235029,Gechingen,Zweitstimmen,PDH,0,0.0
08235032,"Haiterbach, Stadt",Erststimmen,PDH,0,0.0
08235032,"Haiterbach, Stadt",Zweitstimmen,PDH,0,0.0
08235033,"Bad Herrenalb, Stadt",Erststimmen,PDH,0,0.0
08235033,"Bad Herrenalb, Stadt",Zweitstimmen,PDH,4,0.10652463382157124
08235035,Höfen an der Enz,Erststimmen,PDH,0,0.0
08235035,Höfen an der Enz,Zweitstimmen,PDH,0,0.0
08235046,"Nagold, Stadt",Erststimmen,PDH,0,0.0
08235046,"Nagold, Stadt",Zweitstimmen,PDH,7,0.06595684537830962
08235047,"Neubulach, Stadt",Erststimmen,PDH,0,0.0
08235047,"Neubulach, Stadt",Zweitstimmen,PDH,1,0.030248033877797946
08235050,Neuweiler,Erststimmen,PDH,0,0.0
08235050,Neuweiler,Zweitstimmen,PDH,0,0.0
08235055,Oberreichenbach,Erststimmen,PDH,0,0.0
08235055,Oberreichenbach,Zweitstimmen,PDH,0,0.0
08235057,Ostelsheim,Erststimmen,PDH,0,0.0
08235057,Ostelsheim,Zweitstimmen,PDH,2,0.1392757660167131
08235060,Rohrdorf,Erststimmen,PDH,0,0.0
08235060,Rohrdorf,Zweitstimmen,PDH,0,0.0
08235065,Schömberg,Erststimmen,PDH,0,0.0
08235065,Schömberg,Zweitstimmen,PDH,2,0.0541858574911948
08235066,Simmersfeld,Erststimmen,PDH,0,0.0
08235066,Simmersfeld,Zweitstimmen,PDH,0,0.0
08235067,Simmozheim,Erststimmen,PDH,0,0.0
08235067,Simmozheim,Zweitstimmen,PDH,1,0.06199628022318661
08235073,Unterreichenbach,Erststimmen,PDH,0,0.0
08235073,Unterreichenbach,Zweitstimmen,PDH,0,0.0
08235079,"Bad Wildbad, Stadt",Erststimmen,PDH,0,0.0
08235079,"Bad Wildbad, Stadt",Zweitstimmen,PDH,1,0.02326122354035822
08235080,"Wildberg, Stadt",Erststimmen,PDH,0,0.0
08235080,"Wildberg, Stadt",Zweitstimmen,PDH,2,0.03582945180938731
08235084,"Bad Teinach-Zavelstein, Stadt",Erststimmen,PDH,0,0.0
08235084,"Bad Teinach-Zavelstein, Stadt",Zweitstimmen,PDH,2,0.11318619128466327
08235085,"Calw, Stadt",Erststimmen,PDH,0,0.0
08235085,"Calw, Stadt",Zweitstimmen,PDH,7,0.06596927716520593
08236004,Birkenfeld,Erststimmen,PDH,0,0.0
08236004,Birkenfeld,Zweitstimmen,PDH,11,0.2170481452249408
08236011,Eisingen,Erststimmen,PDH,0,0.0
08236011,Eisingen,Zweitstimmen,PDH,1,0.04242681374628765
08236013,Engelsbrand,Erststimmen,PDH,0,0.0
08236013,Engelsbrand,Zweitstimmen,PDH,2,0.08183306055646482
08236019,Friolzheim,Erststimmen,PDH,0,0.0
08236019,Friolzheim,Zweitstimmen,PDH,0,0.0
08236025,"Heimsheim, Stadt",Erststimmen,PDH,0,0.0
08236025,"Heimsheim, Stadt",Zweitstimmen,PDH,0,0.0
08236028,Illingen,Erststimmen,PDH,0,0.0
08236028,Illingen,Zweitstimmen,PDH,3,0.0750375187593797
08236030,Ispringen,Erststimmen,PDH,0,0.0
08236030,Ispringen,Zweitstimmen,PDH,3,0.10683760683760685
08236031,Kieselbronn,Erststimmen,PDH,0,0.0
08236031,Kieselbronn,Zweitstimmen,PDH,1,0.06218905472636816
08236033,"Knittlingen, Stadt",Erststimmen,PDH,0,0.0
08236033,"Knittlingen, Stadt",Zweitstimmen,PDH,0,0.0
08236038,"Maulbronn, Stadt",Erststimmen,PDH,0,0.0
08236038,"Maulbronn, Stadt",Zweitstimmen,PDH,1,0.030553009471432937
08236039,Mönsheim,Erststimmen,PDH,0,0.0
08236039,Mönsheim,Zweitstimmen,PDH,0,0.0
08236040,"Mühlacker, Stadt",Erststimmen,PDH,0,0.0
08236040,"Mühlacker, Stadt",Zweitstimmen,PDH,3,0.027868091035764053
08236043,"Neuenbürg, Stadt",Erststimmen,PDH,0,0.0
08236043,"Neuenbürg, Stadt",Zweitstimmen,PDH,2,0.05420054200542006
08236044,Neuhausen,Erststimmen,PDH,0,0.0
08236044,Neuhausen,Zweitstimmen,PDH,0,0.0
08236046,Niefern-Öschelbronn,Erststimmen,PDH,0,0.0
08236046,Niefern-Öschelbronn,Zweitstimmen,PDH,1,0.01789228842368939
08236050,Ötisheim,Erststimmen,PDH,0,0.0
08236050,Ötisheim,Zweitstimmen,PDH,0,0.0
08236061,Sternenfels,Erststimmen,PDH,0,0.0
08236061,Sternenfels,Zweitstimmen,PDH,2,0.12853470437017994
08236062,Tiefenbronn,Erststimmen,PDH,0,0.0
08236062,Tiefenbronn,Zweitstimmen,PDH,0,0.0
08236065,Wiernsheim,Erststimmen,PDH,0,0.0
08236065,Wiernsheim,Zweitstimmen,PDH,1,0.026028110359187923
08236067,Wimsheim,Erststimmen,PDH,0,0.0
08236067,Wimsheim,Zweitstimmen,PDH,1,0.06142506142506143
08236068,Wurmberg,Erststimmen,PDH,0,0.0
08236068,Wurmberg,Zweitstimmen,PDH,1,0.06134969325153375
08236070,Keltern,Erststimmen,PDH,0,0.0
08236070,Keltern,Zweitstimmen,PDH,0,0.0
08236071,Remchingen,Erststimmen,PDH,0,0.0
08236071,Remchingen,Zweitstimmen,PDH,1,0.015429717636167257
08236072,Straubenhardt,Erststimmen,PDH,0,0.0
08236072,Straubenhardt,Zweitstimmen,PDH,2,0.03256798567008631
08236073,Neulingen,Erststimmen,PDH,0,0.0
08236073,Neulingen,Zweitstimmen,PDH,1,0.027056277056277056
08236074,Kämpfelbach,Erststimmen,PDH,0,0.0
08236074,Kämpfelbach,Zweitstimmen,PDH,3,0.08358874338255781
08236075,Ölbronn-Dürrn,Erststimmen,PDH,0,0.0
08236075,Ölbronn-Dürrn,Zweitstimmen,PDH,0,0.0
08236076,Königsbach-Stein,Erststimmen,PDH,0,0.0
08236076,Königsbach-Stein,Zweitstimmen,PDH,1,0.017930787161556393
08237002,"Alpirsbach, Stadt",Erststimmen,PDH,0,0.0
08237002,"Alpirsbach, Stadt",Zweitstimmen,PDH,0,0.0
08237004,Baiersbronn,Erststimmen,PDH,0,0.0
08237004,Baiersbronn,Zweitstimmen,PDH,1,0.013493455673998112
08237019,"Dornstetten, Stadt",Erststimmen,PDH,0,0.0
08237019,"Dornstetten, Stadt",Zweitstimmen,PDH,3,0.0740557886941496
08237024,Empfingen,Erststimmen,PDH,0,0.0
08237024,Empfingen,Zweitstimmen,PDH,3,0.1349527665317139
08237027,Eutingen im Gäu,Erststimmen,PDH,0,0.0
08237027,Eutingen im Gäu,Zweitstimmen,PDH,2,0.05945303210463733
08237028,"Freudenstadt, Stadt",Erststimmen,PDH,0,0.0
08237028,"Freudenstadt, Stadt",Zweitstimmen,PDH,1,0.009261831990367696
08237030,Glatten,Erststimmen,PDH,0,0.0
08237030,Glatten,Zweitstimmen,PDH,0,0.0
08237032,Grömbach,Erststimmen,PDH,0,0.0
08237032,Grömbach,Zweitstimmen,PDH,0,0.0
08237040,"Horb am Neckar, Stadt",Erststimmen,PDH,0,0.0
08237040,"Horb am Neckar, Stadt",Zweitstimmen,PDH,5,0.0399616368286445
08237045,Loßburg,Erststimmen,PDH,0,0.0
08237045,Loßburg,Zweitstimmen,PDH,0,0.0
08237054,Pfalzgrafenweiler,Erststimmen,PDH,0,0.0
08237054,Pfalzgrafenweiler,Zweitstimmen,PDH,0,0.0
08237061,Schopfloch,Erststimmen,PDH,0,0.0
08237061,Schopfloch,Zweitstimmen,PDH,0,0.0
08237072,Wörnersberg,Erststimmen,PDH,0,0.0
08237072,Wörnersberg,Zweitstimmen,PDH,0,0.0
08237073,Seewald,Erststimmen,PDH,0,0.0
08237073,Seewald,Zweitstimmen,PDH,1,0.08460236886632826
08237074,Waldachtal,Erststimmen,PDH,0,0.0
08237074,Waldachtal,Zweitstimmen,PDH,0,0.0
08237075,Bad Rippoldsau-Schapbach,Erststimmen,PDH,0,0.0
08237075,Bad Rippoldsau-Schapbach,Zweitstimmen,PDH,1,0.08006405124099279
08316002,Bahlingen am Kaiserstuhl,Erststimmen,PDH,0,0.0
08316002,Bahlingen am Kaiserstuhl,Zweitstimmen,PDH,2,0.07713073659853452
08316003,Biederbach,Erststimmen,PDH,0,0.0
08316003,Biederbach,Zweitstimmen,PDH,0,0.0
08316009,Denzlingen,Erststimmen,PDH,0,0.0
08316009,Denzlingen,Zweitstimmen,PDH,4,0.05434044287460942
08316010,"Elzach, Stadt",Erststimmen,PDH,0,0.0
08316010,"Elzach, Stadt",Zweitstimmen,PDH,0,0.0
08316011,"Emmendingen, Stadt",Erststimmen,PDH,0,0.0
08316011,"Emmendingen, Stadt",Zweitstimmen,PDH,7,0.04971590909090909
08316012,"Endingen am Kaiserstuhl, Stadt",Erststimmen,PDH,0,0.0
08316012,"Endingen am Kaiserstuhl, Stadt",Zweitstimmen,PDH,4,0.06944444444444445
08316013,Forchheim,Erststimmen,PDH,0,0.0
08316013,Forchheim,Zweitstimmen,PDH,0,0.0
08316014,Gutach im Breisgau,Erststimmen,PDH,0,0.0
08316014,Gutach im Breisgau,Zweitstimmen,PDH,0,0.0
08316017,"Herbolzheim, Stadt",Erststimmen,PDH,0,0.0
08316017,"Herbolzheim, Stadt",Zweitstimmen,PDH,1,0.01895734597156398
08316020,"Kenzingen, Stadt",Erststimmen,PDH,0,0.0
08316020,"Kenzingen, Stadt",Zweitstimmen,PDH,1,0.017930787161556393
08316024,Malterdingen,Erststimmen,PDH,0,0.0
08316024,Malterdingen,Zweitstimmen,PDH,1,0.05254860746190226
08316036,Reute,Erststimmen,PDH,0,0.0
08316036,Reute,Zweitstimmen,PDH,1,0.05747126436781609
08316037,Riegel am Kaiserstuhl,Erststimmen,PDH,0,0.0
08316037,Riegel am Kaiserstuhl,Zweitstimmen,PDH,0,0.0
08316038,Sasbach am Kaiserstuhl,Erststimmen,PDH,0,0.0
08316038,Sasbach am Kaiserstuhl,Zweitstimmen,PDH,0,0.0
08316039,Sexau,Erststimmen,PDH,0,0.0
08316039,Sexau,Zweitstimmen,PDH,0,0.0
08316042,Simonswald,Erststimmen,PDH,0,0.0
08316042,Simonswald,Zweitstimmen,PDH,0,0.0
08316043,Teningen,Erststimmen,PDH,0,0.0
08316043,Teningen,Zweitstimmen,PDH,4,0.062266500622665005
08316045,Vörstetten,Erststimmen,PDH,0,0.0
08316045,Vörstetten,Zweitstimmen,PDH,3,0.15839493136219643
08316049,Weisweil,Erststimmen,PDH,0,0.0
08316049,Weisweil,Zweitstimmen,PDH,1,0.08
08316051,Wyhl am Kaiserstuhl,Erststimmen,PDH,0,0.0
08316051,Wyhl am Kaiserstuhl,Zweitstimmen,PDH,1,0.04830917874396135
08316053,Rheinhausen im Breisgau,Erststimmen,PDH,0,0.0
08316053,Rheinhausen im Breisgau,Zweitstimmen,PDH,2,0.08802816901408451
08316054,Freiamt,Erststimmen,PDH,0,0.0
08316054,Freiamt,Zweitstimmen,PDH,1,0.039824771007566706
08316055,Winden im Elztal,Erststimmen,PDH,0,0.0
08316055,Winden im Elztal,Zweitstimmen,PDH,1,0.06119951040391676
08316056,"Waldkirch, Stadt",Erststimmen,PDH,0,0.0
08316056,"Waldkirch, Stadt",Zweitstimmen,PDH,3,0.026581605528973953
08325001,Aichhalden,Erststimmen,PDH,0,0.0
08325001,Aichhalden,Zweitstimmen,PDH,2,0.07846214201647705
08325009,Bösingen,Erststimmen,PDH,0,0.0
08325009,Bösingen,Zweitstimmen,PDH,0,0.0
08325011,Dietingen,Erststimmen,PDH,0,0.0
08325011,Dietingen,Zweitstimmen,PDH,1,0.041981528127623846
08325012,"Dornhan, Stadt",Erststimmen,PDH,0,0.0
08325012,"Dornhan, Stadt",Zweitstimmen,PDH,1,0.027878449958182325
08325014,Dunningen,Erststimmen,PDH,0,0.0
08325014,Dunningen,Zweitstimmen,PDH,0,0.0
08325015,Epfendorf,Erststimmen,PDH,0,0.0
08325015,Epfendorf,Zweitstimmen,PDH,0,0.0
08325024,Hardt,Erststimmen,PDH,0,0.0
08325024,Hardt,Zweitstimmen,PDH,0,0.0
08325036,Lauterbach,Erststimmen,PDH,0,0.0
08325036,Lauterbach,Zweitstimmen,PDH,1,0.06711409395973154
08325045,"Oberndorf am Neckar, Stadt",Erststimmen,PDH,0,0.0
08325045,"Oberndorf am Neckar, Stadt",Zweitstimmen,PDH,3,0.046831095847642834
08325049,"Rottweil, Stadt",Erststimmen,PDH,0,0.0
08325049,"Rottweil, Stadt",Zweitstimmen,PDH,5,0.04150410890678177
08325050,Schenkenzell,Erststimmen,PDH,0,0.0
08325050,Schenkenzell,Zweitstimmen,PDH,0,0.0
08325051,"Schiltach, Stadt",Erststimmen,PDH,0,0.0
08325051,"Schiltach, Stadt",Zweitstimmen,PDH,1,0.04940711462450593
08325053,"Schramberg, Stadt",Erststimmen,PDH,0,0.0
08325053,"Schramberg, Stadt",Zweitstimmen,PDH,3,0.0318775900541919
08325057,"Sulz am Neckar, Stadt",Erststimmen,PDH,0,0.0
08325057,"Sulz am Neckar, Stadt",Zweitstimmen,PDH,0,0.0
08325060,Villingendorf,Erststimmen,PDH,0,0.0
08325060,Villingendorf,Zweitstimmen,PDH,2,0.10509721492380451
08325061,Vöhringen,Erststimmen,PDH,0,0.0
08325061,Vöhringen,Zweitstimmen,PDH,1,0.042462845010615716
08325064,Wellendingen,Erststimmen,PDH,0,0.0
08325064,Wellendingen,Zweitstimmen,PDH,1,0.06024096385542169
08325069,Zimmern ob Rottweil,Erststimmen,PDH,0,0.0
08325069,Zimmern ob Rottweil,Zweitstimmen,PDH,1,0.029895366218236175
08325070,Fluorn-Winzeln,Erststimmen,PDH,0,0.0
08325070,Fluorn-Winzeln,Zweitstimmen,PDH,0,0.0
08325071,Eschbronn,Erststimmen,PDH,0,0.0
08325071,Eschbronn,Zweitstimmen,PDH,0,0.0
08325072,Deißlingen,Erststimmen,PDH,0,0.0
08325072,Deißlingen,Zweitstimmen,PDH,2,0.06193868070610096
08326003,"Bad Dürrheim, Stadt",Erststimmen,PDH,0,0.0
08326003,"Bad Dürrheim, Stadt",Zweitstimmen,PDH,2,0.02937720329024677
08326005,"Blumberg, Stadt",Erststimmen,PDH,0,0.0
08326005,"Blumberg, Stadt",Zweitstimmen,PDH,3,0.06829046209879354
08326006,"Bräunlingen, Stadt",Erststimmen,PDH,0,0.0
08326006,"Bräunlingen, Stadt",Zweitstimmen,PDH,0,0.0
08326010,Dauchingen,Erststimmen,PDH,0,0.0
08326010,Dauchingen,Zweitstimmen,PDH,0,0.0
08326012,"Donaueschingen, Stadt",Erststimmen,PDH,0,0.0
08326012,"Donaueschingen, Stadt",Zweitstimmen,PDH,2,0.018980734554427257
08326017,"Furtwangen im Schwarzwald, Stadt",Erststimmen,PDH,0,0.0
08326017,"Furtwangen im Schwarzwald, Stadt",Zweitstimmen,PDH,0,0.0
08326020,Gütenbach,Erststimmen,PDH,0,0.0
08326020,Gütenbach,Zweitstimmen,PDH,0,0.0
08326027,"Hüfingen, Stadt",Erststimmen,PDH,0,0.0
08326027,"Hüfingen, Stadt",Zweitstimmen,PDH,1,0.02531004808909137
08326031,Königsfeld im Schwarzwald,Erststimmen,PDH,0,0.0
08326031,Königsfeld im Schwarzwald,Zweitstimmen,PDH,1,0.028328611898016994
08326037,Mönchweiler,Erststimmen,PDH,0,0.0
08326037,Mönchweiler,Zweitstimmen,PDH,0,0.0
08326041,Niedereschach,Erststimmen,PDH,0,0.0
08326041,Niedereschach,Zweitstimmen,PDH,0,0.0
08326052,"St. Georgen im Schwarzwald, Stadt",Erststimmen,PDH,0,0.0
08326052,"St. Georgen im Schwarzwald, Stadt",Zweitstimmen,PDH,2,0.03242016534284325
08326054,Schönwald im Schwarzwald,Erststimmen,PDH,0,0.0
08326054,Schönwald im Schwarzwald,Zweitstimmen,PDH,1,0.07535795026375283
08326055,Schonach im Schwarzwald,Erststimmen,PDH,0,0.0
08326055,Schonach im Schwarzwald,Zweitstimmen,PDH,0,0.0
08326060,"Triberg im Schwarzwald, Stadt",Erststimmen,PDH,0,0.0
08326060,"Triberg im Schwarzwald, Stadt",Zweitstimmen,PDH,0,0.0
08326061,Tuningen,Erststimmen,PDH,0,0.0
08326061,Tuningen,Zweitstimmen,PDH,1,0.060024009603841535
08326065,Unterkirnach,Erststimmen,PDH,0,0.0
08326065,Unterkirnach,Zweitstimmen,PDH,2,0.1593625498007968
08326068,"Vöhrenbach, Stadt",Erststimmen,PDH,0,0.0
08326068,"Vöhrenbach, Stadt",Zweitstimmen,PDH,0,0.0
08326074,"Villingen-Schwenningen, Stadt",Erststimmen,PDH,0,0.0
08326074,"Villingen-Schwenningen, Stadt",Zweitstimmen,PDH,21,0.05986316989737742
08326075,Brigachtal,Erststimmen,PDH,0,0.0
08326075,Brigachtal,Zweitstimmen,PDH,0,0.0
08327002,Aldingen,Erststimmen,PDH,0,0.0
08327002,Aldingen,Zweitstimmen,PDH,2,0.061823802163833076
08327004,Bärenthal,Erststimmen,PDH,0,0.0
08327004,Bärenthal,Zweitstimmen,PDH,0,0.0
08327005,Balgheim,Erststimmen,PDH,0,0.0
08327005,Balgheim,Zweitstimmen,PDH,0,0.0
08327006,Böttingen,Erststimmen,PDH,0,0.0
08327006,Böttingen,Zweitstimmen,PDH,0,0.0
08327007,Bubsheim,Erststimmen,PDH,0,0.0
08327007,Bubsheim,Zweitstimmen,PDH,0,0.0
08327008,Buchheim,Erststimmen,PDH,0,0.0
08327008,Buchheim,Zweitstimmen,PDH,0,0.0
08327009,Deilingen,Erststimmen,PDH,0,0.0
08327009,Deilingen,Zweitstimmen,PDH,0,0.0
08327010,Denkingen,Erststimmen,PDH,0,0.0
08327010,Denkingen,Zweitstimmen,PDH,0,0.0
08327011,Dürbheim,Erststimmen,PDH,0,0.0
08327011,Dürbheim,Zweitstimmen,PDH,0,0.0
08327012,Durchhausen,Erststimmen,PDH,0,0.0
08327012,Durchhausen,Zweitstimmen,PDH,0,0.0
08327013,Egesheim,Erststimmen,PDH,0,0.0
08327013,Egesheim,Zweitstimmen,PDH,0,0.0
08327016,"Fridingen an der Donau, Stadt",Erststimmen,PDH,0,0.0
08327016,"Fridingen an der Donau, Stadt",Zweitstimmen,PDH,1,0.05970149253731343
08327017,Frittlingen,Erststimmen,PDH,0,0.0
08327017,Frittlingen,Zweitstimmen,PDH,2,0.18365472910927455
08327018,"Geisingen, Stadt",Erststimmen,PDH,0,0.0
08327018,"Geisingen, Stadt",Zweitstimmen,PDH,0,0.0
08327019,Gosheim,Erststimmen,PDH,0,0.0
08327019,Gosheim,Zweitstimmen,PDH,1,0.05770340450086555
08327020,Gunningen,Erststimmen,PDH,0,0.0
08327020,Gunningen,Zweitstimmen,PDH,0,0.0
08327023,Hausen ob Verena,Erststimmen,PDH,0,0.0
08327023,Hausen ob Verena,Zweitstimmen,PDH,1,0.20491803278688525
08327025,Immendingen,Erststimmen,PDH,0,0.0
08327025,Immendingen,Zweitstimmen,PDH,1,0.032948929159802305
08327027,Irndorf,Erststimmen,PDH,0,0.0
08327027,Irndorf,Zweitstimmen,PDH,0,0.0
08327029,Königsheim,Erststimmen,PDH,0,0.0
08327029,Königsheim,Zweitstimmen,PDH,0,0.0
08327030,Kolbingen,Erststimmen,PDH,0,0.0
08327030,Kolbingen,Zweitstimmen,PDH,0,0.0
08327033,Mahlstetten,Erststimmen,PDH,0,0.0
08327033,Mahlstetten,Zweitstimmen,PDH,0,0.0
08327036,"Mühlheim an der Donau, Stadt",Erststimmen,PDH,0,0.0
08327036,"Mühlheim an der Donau, Stadt",Zweitstimmen,PDH,1,0.049431537320810674
08327038,Neuhausen ob Eck,Erststimmen,PDH,0,0.0
08327038,Neuhausen ob Eck,Zweitstimmen,PDH,1,0.05197505197505198
08327040,Reichenbach am Heuberg,Erststimmen,PDH,0,0.0
08327040,Reichenbach am Heuberg,Zweitstimmen,PDH,0,0.0
08327041,Renquishausen,Erststimmen,PDH,0,0.0
08327041,Renquishausen,Zweitstimmen,PDH,0,0.0
08327046,"Spaichingen, Stadt",Erststimmen,PDH,0,0.0
08327046,"Spaichingen, Stadt",Zweitstimmen,PDH,1,0.01729804532087874
08327048,Talheim,Erststimmen,PDH,0,0.0
08327048,Talheim,Zweitstimmen,PDH,0,0.0
08327049,"Trossingen, Stadt",Erststimmen,PDH,0,0.0
08327049,"Trossingen, Stadt",Zweitstimmen,PDH,3,0.04623208506703652
08327050,"Tuttlingen, Stadt",Erststimmen,PDH,0,0.0
08327050,"Tuttlingen, Stadt",Zweitstimmen,PDH,10,0.07689941556444171
08327051,Wehingen,Erststimmen,PDH,0,0.0
08327051,Wehingen,Zweitstimmen,PDH,0,0.0
08327054,Wurmlingen,Erststimmen,PDH,0,0.0
08327054,Wurmlingen,Zweitstimmen,PDH,2,0.09285051067780872
08327055,Seitingen-Oberflacht,Erststimmen,PDH,0,0.0
08327055,Seitingen-Oberflacht,Zweitstimmen,PDH,0,0.0
08327056,Rietheim-Weilheim,Erststimmen,PDH,0,0.0
08327056,Rietheim-Weilheim,Zweitstimmen,PDH,0,0.0
08327057,Emmingen-Liptingen,Erststimmen,PDH,0,0.0
08327057,Emmingen-Liptingen,Zweitstimmen,PDH,0,0.0
08336004,Aitern,Erststimmen,PDH,0,0.0
08336004,Aitern,Zweitstimmen,PDH,0,0.0
08336006,Bad Bellingen,Erststimmen,PDH,0,0.0
08336006,Bad Bellingen,Zweitstimmen,PDH,2,0.09263547938860583
08336008,Binzen,Erststimmen,PDH,0,0.0
08336008,Binzen,Zweitstimmen,PDH,1,0.06082725060827251
08336010,Böllen,Erststimmen,PDH,0,0.0
08336010,Böllen,Zweitstimmen,PDH,0,0.0
08336014,Efringen-Kirchen,Erststimmen,PDH,0,0.0
08336014,Efringen-Kirchen,Zweitstimmen,PDH,4,0.08350730688935282
08336019,Eimeldingen,Erststimmen,PDH,0,0.0
08336019,Eimeldingen,Zweitstimmen,PDH,0,0.0
08336024,Fischingen,Erststimmen,PDH,0,0.0
08336024,Fischingen,Zweitstimmen,PDH,0,0.0
08336025,Fröhnd,Erststimmen,PDH,0,0.0
08336025,Fröhnd,Zweitstimmen,PDH,0,0.0
08336034,Hasel,Erststimmen,PDH,0,0.0
08336034,Hasel,Zweitstimmen,PDH,0,0.0
08336036,Hausen im Wiesental,Erststimmen,PDH,0,0.0
08336036,Hausen im Wiesental,Zweitstimmen,PDH,0,0.0
08336043,Inzlingen,Erststimmen,PDH,0,0.0
08336043,Inzlingen,Zweitstimmen,PDH,0,0.0
08336050,"Lörrach, Stadt",Erststimmen,PDH,0,0.0
08336050,"Lörrach, Stadt",Zweitstimmen,PDH,12,0.05836292009143525
08336057,Maulburg,Erststimmen,PDH,0,0.0
08336057,Maulburg,Zweitstimmen,PDH,1,0.04987531172069825
08336069,"Rheinfelden (Baden), Stadt",Erststimmen,PDH,0,0.0
08336069,"Rheinfelden (Baden), Stadt",Zweitstimmen,PDH,6,0.04398826979472141
08336073,Rümmingen,Erststimmen,PDH,0,0.0
08336073,Rümmingen,Zweitstimmen,PDH,0,0.0
08336075,Schallbach,Erststimmen,PDH,0,0.0
08336075,Schallbach,Zweitstimmen,PDH,2,0.4140786749482402
08336079,"Schönau im Schwarzwald, Stadt",Erststimmen,PDH,0,0.0
08336079,"Schönau im Schwarzwald, Stadt",Zweitstimmen,PDH,0,0.0
08336080,Schönenberg,Erststimmen,PDH,0,0.0
08336080,Schönenberg,Zweitstimmen,PDH,0,0.0
08336081,"Schopfheim, Stadt",Erststimmen,PDH,0,0.0
08336081,"Schopfheim, Stadt",Zweitstimmen,PDH,7,0.07455533070614549
08336082,Schwörstadt,Erststimmen,PDH,0,0.0
08336082,Schwörstadt,Zweitstimmen,PDH,0,0.0
08336084,Steinen,Erststimmen,PDH,0,0.0
08336084,Steinen,Zweitstimmen,PDH,1,0.018740629685157422
08336087,"Todtnau, Stadt",Erststimmen,PDH,0,0.0
08336087,"Todtnau, Stadt",Zweitstimmen,PDH,0,0.0
08336089,Tunau,Erststimmen,PDH,0,0.0
08336089,Tunau,Zweitstimmen,PDH,0,0.0
08336090,Utzenfeld,Erststimmen,PDH,0,0.0
08336090,Utzenfeld,Zweitstimmen,PDH,0,0.0
08336091,"Weil am Rhein, Stadt",Erststimmen,PDH,0,0.0
08336091,"Weil am Rhein, Stadt",Zweitstimmen,PDH,14,0.1192707445902198
08336094,Wembach,Erststimmen,PDH,0,0.0
08336094,Wembach,Zweitstimmen,PDH,0,0.0
08336096,Wieden,Erststimmen,PDH,0,0.0
08336096,Wieden,Zweitstimmen,PDH,0,0.0
08336100,Wittlingen,Erststimmen,PDH,0,0.0
08336100,Wittlingen,Zweitstimmen,PDH,0,0.0
08336103,"Zell im Wiesental, Stadt",Erststimmen,PDH,0,0.0
08336103,"Zell im Wiesental, Stadt",Zweitstimmen,PDH,0,0.0
08336105,Grenzach-Wyhlen,Erststimmen,PDH,0,0.0
08336105,Grenzach-Wyhlen,Zweitstimmen,PDH,7,0.11356262167423752
08336106,Häg-Ehrsberg,Erststimmen,PDH,0,0.0
08336106,Häg-Ehrsberg,Zweitstimmen,PDH,0,0.0
08336107,Kleines Wiesental,Erststimmen,PDH,0,0.0
08336107,Kleines Wiesental,Zweitstimmen,PDH,0,0.0
08337002,Albbruck,Erststimmen,PDH,0,0.0
08337002,Albbruck,Zweitstimmen,PDH,0,0.0
08337030,Dettighofen,Erststimmen,PDH,0,0.0
08337030,Dettighofen,Zweitstimmen,PDH,0,0.0
08337032,Dogern,Erststimmen,PDH,0,0.0
08337032,Dogern,Zweitstimmen,PDH,0,0.0
08337038,Görwihl,Erststimmen,PDH,0,0.0
08337038,Görwihl,Zweitstimmen,PDH,0,0.0
08337049,Herrischried,Erststimmen,PDH,0,0.0
08337049,Herrischried,Zweitstimmen,PDH,0,0.0
08337053,Hohentengen am Hochrhein,Erststimmen,PDH,0,0.0
08337053,Hohentengen am Hochrhein,Zweitstimmen,PDH,0,0.0
08337060,Jestetten,Erststimmen,PDH,0,0.0
08337060,Jestetten,Zweitstimmen,PDH,0,0.0
08337062,Klettgau,Erststimmen,PDH,0,0.0
08337062,Klettgau,Zweitstimmen,PDH,1,0.027434842249657067
08337065,Lauchringen,Erststimmen,PDH,0,0.0
08337065,Lauchringen,Zweitstimmen,PDH,2,0.053748992206396125
08337066,"Laufenburg (Baden), Stadt",Erststimmen,PDH,0,0.0
08337066,"Laufenburg (Baden), Stadt",Zweitstimmen,PDH,0,0.0
08337070,Lottstetten,Erststimmen,PDH,0,0.0
08337070,Lottstetten,Zweitstimmen,PDH,1,0.11123470522803114
08337076,Murg,Erststimmen,PDH,0,0.0
08337076,Murg,Zweitstimmen,PDH,0,0.0
08337090,Rickenbach,Erststimmen,PDH,0,0.0
08337090,Rickenbach,Zweitstimmen,PDH,0,0.0
08337096,"Bad Säckingen, Stadt",Erststimmen,PDH,0,0.0
08337096,"Bad Säckingen, Stadt",Zweitstimmen,PDH,2,0.027897893709024967
08337106,"Stühlingen, Stadt",Erststimmen,PDH,0,0.0
08337106,"Stühlingen, Stadt",Zweitstimmen,PDH,1,0.035075412136092596
08337116,"Wehr, Stadt",Erststimmen,PDH,0,0.0
08337116,"Wehr, Stadt",Zweitstimmen,PDH,2,0.03679852805887764
08337118,Weilheim,Erststimmen,PDH,0,0.0
08337118,Weilheim,Zweitstimmen,PDH,0,0.0
08337123,Wutöschingen,Erststimmen,PDH,0,0.0
08337123,Wutöschingen,Zweitstimmen,PDH,0,0.0
08337124,Eggingen,Erststimmen,PDH,0,0.0
08337124,Eggingen,Zweitstimmen,PDH,0,0.0
08337125,Küssaberg,Erststimmen,PDH,0,0.0
08337125,Küssaberg,Zweitstimmen,PDH,1,0.035285815102328866
08337126,"Waldshut-Tiengen, Stadt",Erststimmen,PDH,0,0.0
08337126,"Waldshut-Tiengen, Stadt",Zweitstimmen,PDH,5,0.05261496369567505
08416006,Bodelshausen,Erststimmen,PDH,0,0.0
08416006,Bodelshausen,Zweitstimmen,PDH,0,0.0
08416009,Dettenhausen,Erststimmen,PDH,0,0.0
08416009,Dettenhausen,Zweitstimmen,PDH,1,0.031347962382445145
08416018,Hirrlingen,Erststimmen,PDH,0,0.0
08416018,Hirrlingen,Zweitstimmen,PDH,0,0.0
08416025,"Mössingen, Stadt",Erststimmen,PDH,0,0.0
08416025,"Mössingen, Stadt",Zweitstimmen,PDH,3,0.028617762091004483
08416031,Ofterdingen,Erststimmen,PDH,0,0.0
08416031,Ofterdingen,Zweitstimmen,PDH,3,0.10783608914450035
08416036,"Rottenburg am Neckar, Stadt",Erststimmen,PDH,0,0.0
08416036,"Rottenburg am Neckar, Stadt",Zweitstimmen,PDH,10,0.04345370008256203
08416041,"Tübingen, Universitätsstadt",Erststimmen,PDH,0,0.0
08416041,"Tübingen, Universitätsstadt",Zweitstimmen,PDH,38,0.07371913011426465
08416048,Ammerbuch,Erststimmen,PDH,0,0.0
08416048,Ammerbuch,Zweitstimmen,PDH,1,0.014896469536719798
08416049,Neustetten,Erststimmen,PDH,0,0.0
08416049,Neustetten,Zweitstimmen,PDH,1,0.04690431519699812
08416050,Starzach,Erststimmen,PDH,0,0.0
08416050,Starzach,Zweitstimmen,PDH,0,0.0
08417002,"Balingen, Stadt",Erststimmen,PDH,0,0.0
08417002,"Balingen, Stadt",Zweitstimmen,PDH,5,0.028478669476562055
08417008,Bisingen,Erststimmen,PDH,0,0.0
08417008,Bisingen,Zweitstimmen,PDH,1,0.02025111381125962
08417010,Bitz,Erststimmen,PDH,0,0.0
08417010,Bitz,Zweitstimmen,PDH,0,0.0
08417014,Dautmergen,Erststimmen,PDH,0,0.0
08417014,Dautmergen,Zweitstimmen,PDH,0,0.0
08417015,Dormettingen,Erststimmen,PDH,0,0.0
08417015,Dormettingen,Zweitstimmen,PDH,0,0.0
08417016,Dotternhausen,Erststimmen,PDH,0,0.0
08417016,Dotternhausen,Zweitstimmen,PDH,0,0.0
08417022,"Geislingen, Stadt",Erststimmen,PDH,0,0.0
08417022,"Geislingen, Stadt",Zweitstimmen,PDH,1,0.02962085308056872
08417023,Grosselfingen,Erststimmen,PDH,0,0.0
08417023,Grosselfingen,Zweitstimmen,PDH,0,0.0
08417025,"Haigerloch, Stadt",Erststimmen,PDH,0,0.0
08417025,"Haigerloch, Stadt",Zweitstimmen,PDH,1,0.01755926251097454
08417029,Hausen am Tann,Erststimmen,PDH,0,0.0
08417029,Hausen am Tann,Zweitstimmen,PDH,0,0.0
08417044,"Meßstetten, Stadt",Erststimmen,PDH,0,0.0
08417044,"Meßstetten, Stadt",Zweitstimmen,PDH,2,0.036081544290095614
08417045,Nusplingen,Erststimmen,PDH,0,0.0
08417045,Nusplingen,Zweitstimmen,PDH,0,0.0
08417047,Obernheim,Erststimmen,PDH,0,0.0
08417047,Obernheim,Zweitstimmen,PDH,0,0.0
08417051,Rangendingen,Erststimmen,PDH,0,0.0
08417051,Rangendingen,Zweitstimmen,PDH,4,0.13971358714635
08417052,Ratshausen,Erststimmen,PDH,0,0.0
08417052,Ratshausen,Zweitstimmen,PDH,0,0.0
08417054,"Rosenfeld, Stadt",Erststimmen,PDH,0,0.0
08417054,"Rosenfeld, Stadt",Zweitstimmen,PDH,1,0.028686173264486515
08417057,"Schömberg, Stadt",Erststimmen,PDH,0,0.0
08417057,"Schömberg, Stadt",Zweitstimmen,PDH,1,0.045351473922902494
08417063,Straßberg,Erststimmen,PDH,0,0.0
08417063,Straßberg,Zweitstimmen,PDH,1,0.06978367062107467
08417071,Weilen unter den Rinnen,Erststimmen,PDH,0,0.0
08417071,Weilen unter den Rinnen,Zweitstimmen,PDH,1,0.2680965147453083
08417075,Winterlingen,Erststimmen,PDH,0,0.0
08417075,Winterlingen,Zweitstimmen,PDH,0,0.0
08417078,Zimmern unter der Burg,Erststimmen,PDH,0,0.0
08417078,Zimmern unter der Burg,Zweitstimmen,PDH,0,0.0
08417079,"Albstadt, Stadt",Erststimmen,PDH,0,0.0
08417079,"Albstadt, Stadt",Zweitstimmen,PDH,5,0.02658019244059327
08425002,Allmendingen,Erststimmen,PDH,0,0.0
08425002,Allmendingen,Zweitstimmen,PDH,1,0.03735524841240195
08425004,Altheim,Erststimmen,PDH,0,0.0
08425004,Altheim,Zweitstimmen,PDH,0,0.0
08425005,Altheim (Alb),Erststimmen,PDH,0,0.0
08425005,Altheim (Alb),Zweitstimmen,PDH,0,0.0
08425008,Amstetten,Erststimmen,PDH,0,0.0
08425008,Amstetten,Zweitstimmen,PDH,0,0.0
08425011,Asselfingen,Erststimmen,PDH,0,0.0
08425011,Asselfingen,Zweitstimmen,PDH,0,0.0
08425013,Ballendorf,Erststimmen,PDH,0,0.0
08425013,Ballendorf,Zweitstimmen,PDH,0,0.0
08425014,Beimerstetten,Erststimmen,PDH,0,0.0
08425014,Beimerstetten,Zweitstimmen,PDH,2,0.1413427561837456
08425017,Berghülen,Erststimmen,PDH,0,0.0
08425017,Berghülen,Zweitstimmen,PDH,0,0.0
08425019,Bernstadt,Erststimmen,PDH,0,0.0
08425019,Bernstadt,Zweitstimmen,PDH,1,0.07246376811594203
08425020,"Blaubeuren, Stadt",Erststimmen,PDH,0,0.0
08425020,"Blaubeuren, Stadt",Zweitstimmen,PDH,3,0.04976775049767751
08425022,Börslingen,Erststimmen,PDH,0,0.0
08425022,Börslingen,Zweitstimmen,PDH,0,0.0
08425024,Breitingen,Erststimmen,PDH,0,0.0
08425024,Breitingen,Zweitstimmen,PDH,0,0.0
08425031,Dornstadt,Erststimmen,PDH,0,0.0
08425031,Dornstadt,Zweitstimmen,PDH,4,0.08183306055646482
08425033,"Ehingen (Donau), Stadt",Erststimmen,PDH,0,0.0
08425033,"Ehingen (Donau), Stadt",Zweitstimmen,PDH,2,0.015478678120888476
08425035,Emeringen,Erststimmen,PDH,0,0.0
08425035,Emeringen,Zweitstimmen,PDH,0,0.0
08425036,Emerkingen,Erststimmen,PDH,0,0.0
08425036,Emerkingen,Zweitstimmen,PDH,0,0.0
08425050,Griesingen,Erststimmen,PDH,0,0.0
08425050,Griesingen,Zweitstimmen,PDH,0,0.0
08425052,Grundsheim,Erststimmen,PDH,0,0.0
08425052,Grundsheim,Zweitstimmen,PDH,0,0.0
08425055,Hausen am Bussen,Erststimmen,PDH,0,0.0
08425055,Hausen am Bussen,Zweitstimmen,PDH,0,0.0
08425062,Holzkirch,Erststimmen,PDH,0,0.0
08425062,Holzkirch,Zweitstimmen,PDH,0,0.0
08425071,"Laichingen, Stadt",Erststimmen,PDH,0,0.0
08425071,"Laichingen, Stadt",Zweitstimmen,PDH,3,0.0507700118463361
08425072,"Langenau, Stadt",Erststimmen,PDH,0,0.0
08425072,"Langenau, Stadt",Zweitstimmen,PDH,7,0.08659079663532904
08425073,Lauterach,Erststimmen,PDH,0,0.0
08425073,Lauterach,Zweitstimmen,PDH,0,0.0
08425075,Lonsee,Erststimmen,PDH,0,0.0
08425075,Lonsee,Zweitstimmen,PDH,0,0.0
08425079,Merklingen,Erststimmen,PDH,0,0.0
08425079,Merklingen,Zweitstimmen,PDH,0,0.0
08425081,"Munderkingen, Stadt",Erststimmen,PDH,0,0.0
08425081,"Munderkingen, Stadt",Zweitstimmen,PDH,2,0.0881057268722467
08425083,Neenstetten,Erststimmen,PDH,0,0.0
08425083,Neenstetten,Zweitstimmen,PDH,0,0.0
08425084,Nellingen,Erststimmen,PDH,0,0.0
08425084,Nellingen,Zweitstimmen,PDH,0,0.0
08425085,Nerenstetten,Erststimmen,PDH,0,0.0
08425085,Nerenstetten,Zweitstimmen,PDH,0,0.0
08425088,Oberdischingen,Erststimmen,PDH,0,0.0
08425088,Oberdischingen,Zweitstimmen,PDH,1,0.0778816199376947
08425090,Obermarchtal,Erststimmen,PDH,0,0.0
08425090,Obermarchtal,Zweitstimmen,PDH,0,0.0
08425091,Oberstadion,Erststimmen,PDH,0,0.0
08425091,Oberstadion,Zweitstimmen,PDH,0,0.0
08425092,Öllingen,Erststimmen,PDH,0,0.0
08425092,Öllingen,Zweitstimmen,PDH,0,0.0
08425093,Öpfingen,Erststimmen,PDH,0,0.0
08425093,Öpfingen,Zweitstimmen,PDH,0,0.0
08425097,Rammingen,Erststimmen,PDH,0,0.0
08425097,Rammingen,Zweitstimmen,PDH,0,0.0
08425098,Rechtenstein,Erststimmen,PDH,0,0.0
08425098,Rechtenstein,Zweitstimmen,PDH,0,0.0
08425104,Rottenacker,Erststimmen,PDH,0,0.0
08425104,Rottenacker,Zweitstimmen,PDH,0,0.0
08425108,"Schelklingen, Stadt",Erststimmen,PDH,0,0.0
08425108,"Schelklingen, Stadt",Zweitstimmen,PDH,0,0.0
08425112,Setzingen,Erststimmen,PDH,0,0.0
08425112,Setzingen,Zweitstimmen,PDH,0,0.0
08425123,Untermarchtal,Erststimmen,PDH,0,0.0
08425123,Untermarchtal,Zweitstimmen,PDH,0,0.0
08425124,Unterstadion,Erststimmen,PDH,0,0.0
08425124,Unterstadion,Zweitstimmen,PDH,0,0.0
08425125,Unterwachingen,Erststimmen,PDH,0,0.0
08425125,Unterwachingen,Zweitstimmen,PDH,0,0.0
08425130,Weidenstetten,Erststimmen,PDH,0,0.0
08425130,Weidenstetten,Zweitstimmen,PDH,0,0.0
08425134,Westerheim,Erststimmen,PDH,0,0.0
08425134,Westerheim,Zweitstimmen,PDH,2,0.10683760683760685
08425135,Westerstetten,Erststimmen,PDH,0,0.0
08425135,Westerstetten,Zweitstimmen,PDH,1,0.07530120481927711
08425139,Heroldstatt,Erststimmen,PDH,0,0.0
08425139,Heroldstatt,Zweitstimmen,PDH,0,0.0
08426001,Achstetten,Erststimmen,PDH,0,0.0
08426001,Achstetten,Zweitstimmen,PDH,1,0.033852403520649964
08426005,Alleshausen,Erststimmen,PDH,0,0.0
08426005,Alleshausen,Zweitstimmen,PDH,0,0.0
08426006,Allmannsweiler,Erststimmen,PDH,0,0.0
08426006,Allmannsweiler,Zweitstimmen,PDH,0,0.0
08426008,Altheim,Erststimmen,PDH,0,0.0
08426008,Altheim,Zweitstimmen,PDH,0,0.0
08426011,Attenweiler,Erststimmen,PDH,0,0.0
08426011,Attenweiler,Zweitstimmen,PDH,0,0.0
08426013,"Bad Buchau, Stadt",Erststimmen,PDH,0,0.0
08426013,"Bad Buchau, Stadt",Zweitstimmen,PDH,4,0.14765596160944996
08426014,"Bad Schussenried, Stadt",Erststimmen,PDH,0,0.0
08426014,"Bad Schussenried, Stadt",Zweitstimmen,PDH,1,0.022920009168003668
08426020,Betzenweiler,Erststimmen,PDH,0,0.0
08426020,Betzenweiler,Zweitstimmen,PDH,0,0.0
08426021,"Biberach an der Riß, Stadt",Erststimmen,PDH,0,0.0
08426021,"Biberach an der Riß, Stadt",Zweitstimmen,PDH,10,0.06159911297277319
08426028,Burgrieden,Erststimmen,PDH,0,0.0
08426028,Burgrieden,Zweitstimmen,PDH,1,0.04288164665523156
08426035,Dürmentingen,Erststimmen,PDH,0,0.0
08426035,Dürmentingen,Zweitstimmen,PDH,0,0.0
08426036,Dürnau,Erststimmen,PDH,0,0.0
08426036,Dürnau,Zweitstimmen,PDH,0,0.0
08426038,Eberhardzell,Erststimmen,PDH,0,0.0
08426038,Eberhardzell,Zweitstimmen,PDH,4,0.14897579143389197
08426043,Erlenmoos,Erststimmen,PDH,0,0.0
08426043,Erlenmoos,Zweitstimmen,PDH,0,0.0
08426045,Ertingen,Erststimmen,PDH,0,0.0
08426045,Ertingen,Zweitstimmen,PDH,2,0.06576783952647156
08426058,Hochdorf,Erststimmen,PDH,0,0.0
08426058,Hochdorf,Zweitstimmen,PDH,3,0.2070393374741201
08426062,Ingoldingen,Erststimmen,PDH,0,0.0
08426062,Ingoldingen,Zweitstimmen,PDH,0,0.0
08426064,Kanzach,Erststimmen,PDH,0,0.0
08426064,Kanzach,Zweitstimmen,PDH,0,0.0
08426067,Langenenslingen,Erststimmen,PDH,0,0.0
08426067,Langenenslingen,Zweitstimmen,PDH,1,0.04854368932038835
08426070,"Laupheim, Stadt",Erststimmen,PDH,0,0.0
08426070,"Laupheim, Stadt",Zweitstimmen,PDH,4,0.035984166966534725
08426071,Maselheim,Erststimmen,PDH,0,0.0
08426071,Maselheim,Zweitstimmen,PDH,1,0.03795066413662239
08426073,Mietingen,Erststimmen,PDH,0,0.0
08426073,Mietingen,Zweitstimmen,PDH,0,0.0
08426074,Mittelbiberach,Erststimmen,PDH,0,0.0
08426074,Mittelbiberach,Zweitstimmen,PDH,3,0.11574074074074073
08426078,Moosburg,Erststimmen,PDH,0,0.0
08426078,Moosburg,Zweitstimmen,PDH,0,0.0
08426087,"Ochsenhausen, Stadt",Erststimmen,PDH,0,0.0
08426087,"Ochsenhausen, Stadt",Zweitstimmen,PDH,0,0.0
08426090,Oggelshausen,Erststimmen,PDH,0,0.0
08426090,Oggelshausen,Zweitstimmen,PDH,0,0.0
08426097,"Riedlingen, Stadt",Erststimmen,PDH,0,0.0
08426097,"Riedlingen, Stadt",Zweitstimmen,PDH,1,0.01889287738522577
08426108,Schwendi,Erststimmen,PDH,0,0.0
08426108,Schwendi,Zweitstimmen,PDH,0,0.0
08426109,Seekirch,Erststimmen,PDH,0,0.0
08426109,Seekirch,Zweitstimmen,PDH,0,0.0
08426113,Steinhausen an der Rottum,Erststimmen,PDH,0,0.0
08426113,Steinhausen an der Rottum,Zweitstimmen,PDH,0,0.0
08426118,Tiefenbach,Erststimmen,PDH,0,0.0
08426118,Tiefenbach,Zweitstimmen,PDH,0,0.0
08426120,Ummendorf,Erststimmen,PDH,0,0.0
08426120,Ummendorf,Zweitstimmen,PDH,1,0.039077764751856196
08426121,Unlingen,Erststimmen,PDH,0,0.0
08426121,Unlingen,Zweitstimmen,PDH,0,0.0
08426124,Uttenweiler,Erststimmen,PDH,0,0.0
08426124,Uttenweiler,Zweitstimmen,PDH,0,0.0
08426125,Wain,Erststimmen,PDH,0,0.0
08426125,Wain,Zweitstimmen,PDH,1,0.11337868480725624
08426128,Warthausen,Erststimmen,PDH,0,0.0
08426128,Warthausen,Zweitstimmen,PDH,5,0.17295053614666206
08426134,Schemmerhofen,Erststimmen,PDH,0,0.0
08426134,Schemmerhofen,Zweitstimmen,PDH,0,0.0
08426135,Gutenzell-Hürbel,Erststimmen,PDH,0,0.0
08426135,Gutenzell-Hürbel,Zweitstimmen,PDH,0,0.0
08435005,Bermatingen,Erststimmen,PDH,0,0.0
08435005,Bermatingen,Zweitstimmen,PDH,1,0.043440486533449174
08435010,Daisendorf,Erststimmen,PDH,0,0.0
08435010,Daisendorf,Zweitstimmen,PDH,1,0.10905125408942204
08435013,Eriskirch,Erststimmen,PDH,0,0.0
08435013,Eriskirch,Zweitstimmen,PDH,0,0.0
08435015,Frickingen,Erststimmen,PDH,0,0.0
08435015,Frickingen,Zweitstimmen,PDH,1,0.05359056806002144
08435016,"Friedrichshafen, Stadt",Erststimmen,PDH,0,0.0
08435016,"Friedrichshafen, Stadt",Zweitstimmen,PDH,13,0.049838981751265145
08435018,Hagnau am Bodensee,Erststimmen,PDH,0,0.0
08435018,Hagnau am Bodensee,Zweitstimmen,PDH,1,0.1201923076923077
08435020,Heiligenberg,Erststimmen,PDH,0,0.0
08435020,Heiligenberg,Zweitstimmen,PDH,0,0.0
08435024,Immenstaad am Bodensee,Erststimmen,PDH,0,0.0
08435024,Immenstaad am Bodensee,Zweitstimmen,PDH,0,0.0
08435029,Kressbronn am Bodensee,Erststimmen,PDH,0,0.0
08435029,Kressbronn am Bodensee,Zweitstimmen,PDH,4,0.0839278220730172
08435030,Langenargen,Erststimmen,PDH,0,0.0
08435030,Langenargen,Zweitstimmen,PDH,2,0.04433606739082243
08435034,"Markdorf, Stadt",Erststimmen,PDH,0,0.0
08435034,"Markdorf, Stadt",Zweitstimmen,PDH,2,0.02720348204570185
08435036,"Meersburg, Stadt",Erststimmen,PDH,0,0.0
08435036,"Meersburg, Stadt",Zweitstimmen,PDH,1,0.033036009250082585
08435045,Oberteuringen,Erststimmen,PDH,0,0.0
08435045,Oberteuringen,Zweitstimmen,PDH,2,0.0741839762611276
08435047,Owingen,Erststimmen,PDH,0,0.0
08435047,Owingen,Zweitstimmen,PDH,0,0.0
08435052,Salem,Erststimmen,PDH,0,0.0
08435052,Salem,Zweitstimmen,PDH,3,0.04465614766299494
08435053,Sipplingen,Erststimmen,PDH,0,0.0
08435053,Sipplingen,Zweitstimmen,PDH,0,0.0
08435054,Stetten,Erststimmen,PDH,0,0.0
08435054,Stetten,Zweitstimmen,PDH,0,0.0
08435059,"Überlingen, Stadt",Erststimmen,PDH,0,0.0
08435059,"Überlingen, Stadt",Zweitstimmen,PDH,2,0.016420361247947456
08435066,Uhldingen-Mühlhofen,Erststimmen,PDH,0,0.0
08435066,Uhldingen-Mühlhofen,Zweitstimmen,PDH,0,0.0
08435067,Deggenhausertal,Erststimmen,PDH,0,0.0
08435067,Deggenhausertal,Zweitstimmen,PDH,2,0.07803355442840422
08437005,Beuron,Erststimmen,PDH,0,0.0
08437005,Beuron,Zweitstimmen,PDH,0,0.0
08437008,Bingen,Erststimmen,PDH,0,0.0
08437008,Bingen,Zweitstimmen,PDH,0,0.0
08437031,"Gammertingen, Stadt",Erststimmen,PDH,0,0.0
08437031,"Gammertingen, Stadt",Zweitstimmen,PDH,2,0.06337135614702154
08437044,Herbertingen,Erststimmen,PDH,0,0.0
08437044,Herbertingen,Zweitstimmen,PDH,3,0.11244377811094453
08437047,"Hettingen, Stadt",Erststimmen,PDH,0,0.0
08437047,"Hettingen, Stadt",Zweitstimmen,PDH,0,0.0
08437053,Hohentengen,Erststimmen,PDH,0,0.0
08437053,Hohentengen,Zweitstimmen,PDH,0,0.0
08437056,Illmensee,Erststimmen,PDH,0,0.0
08437056,Illmensee,Zweitstimmen,PDH,0,0.0
08437059,Inzigkofen,Erststimmen,PDH,0,0.0
08437059,Inzigkofen,Zweitstimmen,PDH,2,0.11507479861910241
08437065,Krauchenwies,Erststimmen,PDH,0,0.0
08437065,Krauchenwies,Zweitstimmen,PDH,1,0.037037037037037035
08437072,Leibertingen,Erststimmen,PDH,0,0.0
08437072,Leibertingen,Zweitstimmen,PDH,2,0.13937282229965156
08437076,"Mengen, Stadt",Erststimmen,PDH,0,0.0
08437076,"Mengen, Stadt",Zweitstimmen,PDH,7,0.14227642276422764
08437078,"Meßkirch, Stadt",Erststimmen,PDH,0,0.0
08437078,"Meßkirch, Stadt",Zweitstimmen,PDH,2,0.0484027105517909
08437082,Neufra,Erststimmen,PDH,0,0.0
08437082,Neufra,Zweitstimmen,PDH,0,0.0
08437086,Ostrach,Erststimmen,PDH,0,0.0
08437086,Ostrach,Zweitstimmen,PDH,0,0.0
08437088,"Pfullendorf, Stadt",Erststimmen,PDH,0,0.0
08437088,"Pfullendorf, Stadt",Zweitstimmen,PDH,1,0.0175561797752809
08437100,"Bad Saulgau, Stadt",Erststimmen,PDH,0,0.0
08437100,"Bad Saulgau, Stadt",Zweitstimmen,PDH,5,0.05678591709256105
08437101,"Scheer, Stadt",Erststimmen,PDH,0,0.0
08437101,"Scheer, Stadt",Zweitstimmen,PDH,0,0.0
08437102,Schwenningen,Erststimmen,PDH,0,0.0
08437102,Schwenningen,Zweitstimmen,PDH,0,0.0
08437104,"Sigmaringen, Stadt",Erststimmen,PDH,0,0.0
08437104,"Sigmaringen, Stadt",Zweitstimmen,PDH,5,0.06507874528179097
08437105,Sigmaringendorf,Erststimmen,PDH,0,0.0
08437105,Sigmaringendorf,Zweitstimmen,PDH,1,0.05099439061703213
08437107,Stetten am kalten Markt,Erststimmen,PDH,0,0.0
08437107,Stetten am kalten Markt,Zweitstimmen,PDH,0,0.0
08437114,"Veringenstadt, Stadt",Erststimmen,PDH,0,0.0
08437114,"Veringenstadt, Stadt",Zweitstimmen,PDH,0,0.0
08437118,Wald,Erststimmen,PDH,0,0.0
08437118,Wald,Zweitstimmen,PDH,1,0.06293266205160479
08437123,Sauldorf,Erststimmen,PDH,0,0.0
08437123,Sauldorf,Zweitstimmen,PDH,0,0.0
08437124,Herdwangen-Schönach,Erststimmen,PDH,0,0.0
08437124,Herdwangen-Schönach,Zweitstimmen,PDH,1,0.052056220718375845
08121000,"Heilbronn, Universitätsstadt",Erststimmen,PDR,0,0.0
08121000,"Heilbronn, Universitätsstadt",Zweitstimmen,PDR,86,0.19005104859561114
08125030,Flein,Erststimmen,PDR,0,0.0
08125030,Flein,Zweitstimmen,PDR,4,0.09727626459143969
08125058,"Leingarten, Stadt",Erststimmen,PDR,0,0.0
08125058,"Leingarten, Stadt",Zweitstimmen,PDR,15,0.25848698948819576
08125074,Nordheim,Erststimmen,PDR,0,0.0
08125074,Nordheim,Zweitstimmen,PDR,6,0.13204225352112675
08125094,Talheim,Erststimmen,PDR,0,0.0
08125094,Talheim,Zweitstimmen,PDR,3,0.10463899546564352
08126011,Bretzfeld,Erststimmen,PDR,0,0.0
08126011,Bretzfeld,Zweitstimmen,PDR,12,0.17592728338953234
08126020,Dörzbach,Erststimmen,PDR,0,0.0
08126020,Dörzbach,Zweitstimmen,PDR,1,0.0708215297450425
08126028,"Forchtenberg, Stadt",Erststimmen,PDR,0,0.0
08126028,"Forchtenberg, Stadt",Zweitstimmen,PDR,2,0.0718132854578097
08126039,"Ingelfingen, Stadt",Erststimmen,PDR,0,0.0
08126039,"Ingelfingen, Stadt",Zweitstimmen,PDR,4,0.1333777925975325
08126045,"Krautheim, Stadt",Erststimmen,PDR,0,0.0
08126045,"Krautheim, Stadt",Zweitstimmen,PDR,1,0.04106776180698152
08126046,"Künzelsau, Stadt",Erststimmen,PDR,0,0.0
08126046,"Künzelsau, Stadt",Zweitstimmen,PDR,9,0.12693935119887165
08126047,Kupferzell,Erststimmen,PDR,0,0.0
08126047,Kupferzell,Zweitstimmen,PDR,3,0.09000900090009001
08126056,Mulfingen,Erststimmen,PDR,0,0.0
08126056,Mulfingen,Zweitstimmen,PDR,3,0.1301518438177874
08126058,"Neuenstein, Stadt",Erststimmen,PDR,0,0.0
08126058,"Neuenstein, Stadt",Zweitstimmen,PDR,11,0.3184713375796179
08126060,"Niedernhall, Stadt",Erststimmen,PDR,0,0.0
08126060,"Niedernhall, Stadt",Zweitstimmen,PDR,1,0.050505050505050504
08126066,"Öhringen, Stadt",Erststimmen,PDR,0,0.0
08126066,"Öhringen, Stadt",Zweitstimmen,PDR,20,0.17389792191983305
08126069,Pfedelbach,Erststimmen,PDR,0,0.0
08126069,Pfedelbach,Zweitstimmen,PDR,9,0.18018018018018017
08126072,Schöntal,Erststimmen,PDR,0,0.0
08126072,Schöntal,Zweitstimmen,PDR,3,0.08613264427217916
08126085,"Waldenburg, Stadt",Erststimmen,PDR,0,0.0
08126085,"Waldenburg, Stadt",Zweitstimmen,PDR,5,0.3101736972704715
08126086,Weißbach,Erststimmen,PDR,0,0.0
08126086,Weißbach,Zweitstimmen,PDR,0,0.0
08126094,Zweiflingen,Erststimmen,PDR,0,0.0
08126094,Zweiflingen,Zweitstimmen,PDR,2,0.1890359168241966
08127008,Blaufelden,Erststimmen,PDR,0,0.0
08127008,Blaufelden,Zweitstimmen,PDR,2,0.07272727272727272
08127009,Braunsbach,Erststimmen,PDR,0,0.0
08127009,Braunsbach,Zweitstimmen,PDR,3,0.19828155981493722
08127012,Bühlertann,Erststimmen,PDR,0,0.0
08127012,Bühlertann,Zweitstimmen,PDR,2,0.1201923076923077
08127013,Bühlerzell,Erststimmen,PDR,0,0.0
08127013,Bühlerzell,Zweitstimmen,PDR,5,0.38197097020626436
08127014,"Crailsheim, Stadt",Erststimmen,PDR,0,0.0
08127014,"Crailsheim, Stadt",Zweitstimmen,PDR,18,0.13938361468174074
08127023,Fichtenberg,Erststimmen,PDR,0,0.0
08127023,Fichtenberg,Zweitstimmen,PDR,5,0.3082614056720099
08127025,"Gaildorf, Stadt",Erststimmen,PDR,0,0.0
08127025,"Gaildorf, Stadt",Zweitstimmen,PDR,5,0.09648784253184099
08127032,"Gerabronn, Stadt",Erststimmen,PDR,0,0.0
08127032,"Gerabronn, Stadt",Zweitstimmen,PDR,4,0.1941747572815534
08127043,"Ilshofen, Stadt",Erststimmen,PDR,0,0.0
08127043,"Ilshofen, Stadt",Zweitstimmen,PDR,4,0.11865915158706616
08127046,"Kirchberg an der Jagst, Stadt",Erststimmen,PDR,0,0.0
08127046,"Kirchberg an der Jagst, Stadt",Zweitstimmen,PDR,2,0.09272137227630968
08127047,"Langenburg, Stadt",Erststimmen,PDR,0,0.0
08127047,"Langenburg, Stadt",Zweitstimmen,PDR,3,0.29732408325074333
08127052,Mainhardt,Erststimmen,PDR,0,0.0
08127052,Mainhardt,Zweitstimmen,PDR,3,0.09296560272699102
08127056,Michelbach an der Bilz,Erststimmen,PDR,0,0.0
08127056,Michelbach an der Bilz,Zweitstimmen,PDR,2,0.09940357852882703
08127059,Michelfeld,Erststimmen,PDR,0,0.0
08127059,Michelfeld,Zweitstimmen,PDR,5,0.2319109461966605
08127062,Oberrot,Erststimmen,PDR,0,0.0
08127062,Oberrot,Zweitstimmen,PDR,6,0.33482142857142855
08127063,Obersontheim,Erststimmen,PDR,0,0.0
08127063,Obersontheim,Zweitstimmen,PDR,5,0.18214936247723132
08127071,Rot am See,Erststimmen,PDR,0,0.0
08127071,Rot am See,Zweitstimmen,PDR,3,0.1012829169480081
08127073,Satteldorf,Erststimmen,PDR,0,0.0
08127073,Satteldorf,Zweitstimmen,PDR,3,0.10474860335195531
08127075,"Schrozberg, Stadt",Erststimmen,PDR,0,0.0
08127075,"Schrozberg, Stadt",Zweitstimmen,PDR,4,0.13942140118508192
08127076,"Schwäbisch Hall, Stadt",Erststimmen,PDR,0,0.0
08127076,"Schwäbisch Hall, Stadt",Zweitstimmen,PDR,26,0.1284838900968571
08127079,Sulzbach-Laufen,Erststimmen,PDR,0,0.0
08127079,Sulzbach-Laufen,Zweitstimmen,PDR,2,0.14326647564469913
08127086,Untermünkheim,Erststimmen,PDR,0,0.0
08127086,Untermünkheim,Zweitstimmen,PDR,2,0.10976948408342481
08127089,"Vellberg, Stadt",Erststimmen,PDR,0,0.0
08127089,"Vellberg, Stadt",Zweitstimmen,PDR,0,0.0
08127091,Wallhausen,Erststimmen,PDR,0,0.0
08127091,Wallhausen,Zweitstimmen,PDR,1,0.05333333333333334
08127099,Wolpertshausen,Erststimmen,PDR,0,0.0
08127099,Wolpertshausen,Zweitstimmen,PDR,2,0.16380016380016382
08127100,Rosengarten,Erststimmen,PDR,0,0.0
08127100,Rosengarten,Zweitstimmen,PDR,6,0.20646937370956642
08127101,Kreßberg,Erststimmen,PDR,0,0.0
08127101,Kreßberg,Zweitstimmen,PDR,3,0.14299332697807435
08127102,Fichtenau,Erststimmen,PDR,0,0.0
08127102,Fichtenau,Zweitstimmen,PDR,2,0.08880994671403197
08127103,Frankenhardt,Erststimmen,PDR,0,0.0
08127103,Frankenhardt,Zweitstimmen,PDR,3,0.10668563300142249
08127104,Stimpfach,Erststimmen,PDR,0,0.0
08127104,Stimpfach,Zweitstimmen,PDR,1,0.059844404548174746
08128006,Assamstadt,Erststimmen,PDR,0,0.0
08128006,Assamstadt,Zweitstimmen,PDR,9,0.6617647058823529
08128007,"Bad Mergentheim, Stadt",Erststimmen,PDR,0,0.0
08128007,"Bad Mergentheim, Stadt",Zweitstimmen,PDR,30,0.26654820079964464
08128014,"Boxberg, Stadt",Erststimmen,PDR,0,0.0
08128014,"Boxberg, Stadt",Zweitstimmen,PDR,15,0.3922594142259414
08128020,"Creglingen, Stadt",Erststimmen,PDR,0,0.0
08128020,"Creglingen, Stadt",Zweitstimmen,PDR,7,0.2611940298507463
08128039,"Freudenberg, Stadt",Erststimmen,PDR,0,0.0
08128039,"Freudenberg, Stadt",Zweitstimmen,PDR,4,0.21164021164021166
08128045,Großrinderfeld,Erststimmen,PDR,0,0.0
08128045,Großrinderfeld,Zweitstimmen,PDR,7,0.29548332629801605
08128047,"Grünsfeld, Stadt",Erststimmen,PDR,0,0.0
08128047,"Grünsfeld, Stadt",Zweitstimmen,PDR,3,0.13895321908290875
08128058,Igersheim,Erststimmen,PDR,0,0.0
08128058,Igersheim,Zweitstimmen,PDR,3,0.097624471200781
08128061,Königheim,Erststimmen,PDR,0,0.0
08128061,Königheim,Zweitstimmen,PDR,1,0.05271481286241434
08128064,"Külsheim, Stadt",Erststimmen,PDR,0,0.0
08128064,"Külsheim, Stadt",Zweitstimmen,PDR,4,0.13080444735120994
08128082,"Niederstetten, Stadt",Erststimmen,PDR,0,0.0
08128082,"Niederstetten, Stadt",Zweitstimmen,PDR,6,0.19887305270135897
08128115,"Tauberbischofsheim, Stadt",Erststimmen,PDR,0,0.0
08128115,"Tauberbischofsheim, Stadt",Zweitstimmen,PDR,20,0.29550827423167847
08128126,"Weikersheim, Stadt",Erststimmen,PDR,0,0.0
08128126,"Weikersheim, Stadt",Zweitstimmen,PDR,12,0.2682763246143528
08128128,Werbach,Erststimmen,PDR,0,0.0
08128128,Werbach,Zweitstimmen,PDR,3,0.15479876160990713
08128131,"Wertheim, Stadt",Erststimmen,PDR,0,0.0
08128131,"Wertheim, Stadt",Zweitstimmen,PDR,21,0.19696117051209902
08128137,Wittighausen,Erststimmen,PDR,0,0.0
08128137,Wittighausen,Zweitstimmen,PDR,2,0.19821605550049554
08128138,Ahorn,Erststimmen,PDR,0,0.0
08128138,Ahorn,Zweitstimmen,PDR,3,0.21097046413502107
08128139,"Lauda-Königshofen, Stadt",Erststimmen,PDR,0,0.0
08128139,"Lauda-Königshofen, Stadt",Zweitstimmen,PDR,30,0.40595399188092013
08135010,Dischingen,Erststimmen,PDR,0,0.0
08135010,Dischingen,Zweitstimmen,PDR,3,0.12101653892698667
08135015,Gerstetten,Erststimmen,PDR,0,0.0
08135015,Gerstetten,Zweitstimmen,PDR,8,0.12670256572695598
08135016,"Giengen an der Brenz, Stadt",Erststimmen,PDR,0,0.0
08135016,"Giengen an der Brenz, Stadt",Zweitstimmen,PDR,7,0.09053285049146405
08135019,"Heidenheim an der Brenz, Stadt",Erststimmen,PDR,0,0.0
08135019,"Heidenheim an der Brenz, Stadt",Zweitstimmen,PDR,33,0.1762255687279718
08135020,"Herbrechtingen, Stadt",Erststimmen,PDR,0,0.0
08135020,"Herbrechtingen, Stadt",Zweitstimmen,PDR,12,0.18470063106048948
08135021,Hermaringen,Erststimmen,PDR,0,0.0
08135021,Hermaringen,Zweitstimmen,PDR,1,0.07733952049497293
08135025,Königsbronn,Erststimmen,PDR,0,0.0
08135025,Königsbronn,Zweitstimmen,PDR,6,0.1576458223857068
08135026,Nattheim,Erststimmen,PDR,0,0.0
08135026,Nattheim,Zweitstimmen,PDR,8,0.21516944593867668
08135027,"Niederstotzingen, Stadt",Erststimmen,PDR,0,0.0
08135027,"Niederstotzingen, Stadt",Zweitstimmen,PDR,9,0.3539127015336217
08135031,Sontheim an der Brenz,Erststimmen,PDR,0,0.0
08135031,Sontheim an der Brenz,Zweitstimmen,PDR,8,0.2548582351067219
08135032,Steinheim am Albuch,Erststimmen,PDR,0,0.0
08135032,Steinheim am Albuch,Zweitstimmen,PDR,7,0.15112262521588948
08216002,Au am Rhein,Erststimmen,PDR,0,0.0
08216002,Au am Rhein,Zweitstimmen,PDR,3,0.15447991761071062
08216005,Bietigheim,Erststimmen,PDR,0,0.0
08216005,Bietigheim,Zweitstimmen,PDR,7,0.20509815411661297
08216006,Bischweier,Erststimmen,PDR,0,0.0
08216006,Bischweier,Zweitstimmen,PDR,2,0.1154068090017311
08216009,Durmersheim,Erststimmen,PDR,0,0.0
08216009,Durmersheim,Zweitstimmen,PDR,18,0.3051881993896236
08216012,Elchesheim-Illingen,Erststimmen,PDR,0,0.0
08216012,Elchesheim-Illingen,Zweitstimmen,PDR,2,0.11210762331838565
08216013,Forbach,Erststimmen,PDR,0,0.0
08216013,Forbach,Zweitstimmen,PDR,5,0.20824656393169513
08216015,"Gaggenau, Stadt",Erststimmen,PDR,0,0.0
08216015,"Gaggenau, Stadt",Zweitstimmen,PDR,32,0.22899670817232
08216017,"Gernsbach, Stadt",Erststimmen,PDR,0,0.0
08216017,"Gernsbach, Stadt",Zweitstimmen,PDR,6,0.0858000858000858
08216023,Iffezheim,Erststimmen,PDR,0,0.0
08216023,Iffezheim,Zweitstimmen,PDR,5,0.18839487565938207
08216024,"Kuppenheim, Stadt",Erststimmen,PDR,0,0.0
08216024,"Kuppenheim, Stadt",Zweitstimmen,PDR,8,0.18700327255726976
08216029,Loffenau,Erststimmen,PDR,0,0.0
08216029,Loffenau,Zweitstimmen,PDR,0,0.0
08216033,Muggensturm,Erststimmen,PDR,0,0.0
08216033,Muggensturm,Zweitstimmen,PDR,11,0.3392967304133251
08216039,Ötigheim,Erststimmen,PDR,0,0.0
08216039,Ötigheim,Zweitstimmen,PDR,6,0.2151308712800287
08216043,"Rastatt, Stadt",Erststimmen,PDR,0,0.0
08216043,"Rastatt, Stadt",Zweitstimmen,PDR,29,0.15887799265874103
08216052,Steinmauern,Erststimmen,PDR,0,0.0
08216052,Steinmauern,Zweitstimmen,PDR,3,0.18159806295399517
08216059,Weisenbach,Erststimmen,PDR,0,0.0
08216059,Weisenbach,Zweitstimmen,PDR,2,0.15735641227380015
08231000,"Pforzheim, Stadt",Erststimmen,PDR,0,0.0
08231000,"Pforzheim, Stadt",Zweitstimmen,PDR,81,0.199630314232902
08235006,"Altensteig, Stadt",Erststimmen,PDR,0,0.0
08235006,"Altensteig, Stadt",Zweitstimmen,PDR,8,0.16393442622950818
08235007,Althengstett,Erststimmen,PDR,0,0.0
08235007,Althengstett,Zweitstimmen,PDR,6,0.13091861226271004
08235008,"Bad Liebenzell, Stadt",Erststimmen,PDR,0,0.0
08235008,"Bad Liebenzell, Stadt",Zweitstimmen,PDR,11,0.22731969415168424
08235018,Dobel,Erststimmen,PDR,0,0.0
08235018,Dobel,Zweitstimmen,PDR,0,0.0
08235020,Ebhausen,Erststimmen,PDR,0,0.0
08235020,Ebhausen,Zweitstimmen,PDR,4,0.16576875259013676
08235022,Egenhausen,Erststimmen,PDR,0,0.0
08235022,Egenhausen,Zweitstimmen,PDR,2,0.16992353440951571
08235025,Enzklösterle,Erststimmen,PDR,0,0.0
08235025,Enzklösterle,Zweitstimmen,PDR,1,0.13986013986013987
08235029,Gechingen,Erststimmen,PDR,0,0.0
08235029,Gechingen,Zweitstimmen,PDR,1,0.04716981132075472
08235032,"Haiterbach, Stadt",Erststimmen,PDR,0,0.0
08235032,"Haiterbach, Stadt",Zweitstimmen,PDR,4,0.14487504527345166
08235033,"Bad Herrenalb, Stadt",Erststimmen,PDR,0,0.0
08235033,"Bad Herrenalb, Stadt",Zweitstimmen,PDR,4,0.10652463382157124
08235035,Höfen an der Enz,Erststimmen,PDR,0,0.0
08235035,Höfen an der Enz,Zweitstimmen,PDR,0,0.0
08235046,"Nagold, Stadt",Erststimmen,PDR,0,0.0
08235046,"Nagold, Stadt",Zweitstimmen,PDR,12,0.11306887779138793
08235047,"Neubulach, Stadt",Erststimmen,PDR,0,0.0
08235047,"Neubulach, Stadt",Zweitstimmen,PDR,10,0.3024803387779794
08235050,Neuweiler,Erststimmen,PDR,0,0.0
08235050,Neuweiler,Zweitstimmen,PDR,4,0.21008403361344538
08235055,Oberreichenbach,Erststimmen,PDR,0,0.0
08235055,Oberreichenbach,Zweitstimmen,PDR,6,0.32119914346895073
08235057,Ostelsheim,Erststimmen,PDR,0,0.0
08235057,Ostelsheim,Zweitstimmen,PDR,0,0.0
08235060,Rohrdorf,Erststimmen,PDR,0,0.0
08235060,Rohrdorf,Zweitstimmen,PDR,0,0.0
08235065,Schömberg,Erststimmen,PDR,0,0.0
08235065,Schömberg,Zweitstimmen,PDR,7,0.1896505012191818
08235066,Simmersfeld,Erststimmen,PDR,0,0.0
08235066,Simmersfeld,Zweitstimmen,PDR,2,0.15710919088766695
08235067,Simmozheim,Erststimmen,PDR,0,0.0
08235067,Simmozheim,Zweitstimmen,PDR,3,0.18598884066955984
08235073,Unterreichenbach,Erststimmen,PDR,0,0.0
08235073,Unterreichenbach,Zweitstimmen,PDR,3,0.2633889376646181
08235079,"Bad Wildbad, Stadt",Erststimmen,PDR,0,0.0
08235079,"Bad Wildbad, Stadt",Zweitstimmen,PDR,13,0.30239590602465694
08235080,"Wildberg, Stadt",Erststimmen,PDR,0,0.0
08235080,"Wildberg, Stadt",Zweitstimmen,PDR,12,0.21497671085632392
08235084,"Bad Teinach-Zavelstein, Stadt",Erststimmen,PDR,0,0.0
08235084,"Bad Teinach-Zavelstein, Stadt",Zweitstimmen,PDR,1,0.056593095642331635
08235085,"Calw, Stadt",Erststimmen,PDR,0,0.0
08235085,"Calw, Stadt",Zweitstimmen,PDR,19,0.1790594665912732
08236004,Birkenfeld,Erststimmen,PDR,0,0.0
08236004,Birkenfeld,Zweitstimmen,PDR,10,0.1973164956590371
08236011,Eisingen,Erststimmen,PDR,0,0.0
08236011,Eisingen,Zweitstimmen,PDR,5,0.21213406873143828
08236013,Engelsbrand,Erststimmen,PDR,0,0.0
08236013,Engelsbrand,Zweitstimmen,PDR,3,0.12274959083469722
08236019,Friolzheim,Erststimmen,PDR,0,0.0
08236019,Friolzheim,Zweitstimmen,PDR,3,0.14258555133079848
08236025,"Heimsheim, Stadt",Erststimmen,PDR,0,0.0
08236025,"Heimsheim, Stadt",Zweitstimmen,PDR,8,0.30075187969924816
08236028,Illingen,Erststimmen,PDR,0,0.0
08236028,Illingen,Zweitstimmen,PDR,11,0.2751375687843922
08236030,Ispringen,Erststimmen,PDR,0,0.0
08236030,Ispringen,Zweitstimmen,PDR,11,0.39173789173789175
08236031,Kieselbronn,Erststimmen,PDR,0,0.0
08236031,Kieselbronn,Zweitstimmen,PDR,2,0.12437810945273632
08236033,"Knittlingen, Stadt",Erststimmen,PDR,0,0.0
08236033,"Knittlingen, Stadt",Zweitstimmen,PDR,15,0.37735849056603776
08236038,"Maulbronn, Stadt",Erststimmen,PDR,0,0.0
08236038,"Maulbronn, Stadt",Zweitstimmen,PDR,7,0.21387106630003055
08236039,Mönsheim,Erststimmen,PDR,0,0.0
08236039,Mönsheim,Zweitstimmen,PDR,4,0.25316455696202533
08236040,"Mühlacker, Stadt",Erststimmen,PDR,0,0.0
08236040,"Mühlacker, Stadt",Zweitstimmen,PDR,14,0.13005109150023222
08236043,"Neuenbürg, Stadt",Erststimmen,PDR,0,0.0
08236043,"Neuenbürg, Stadt",Zweitstimmen,PDR,9,0.24390243902439024
08236044,Neuhausen,Erststimmen,PDR,0,0.0
08236044,Neuhausen,Zweitstimmen,PDR,5,0.16393442622950818
08236046,Niefern-Öschelbronn,Erststimmen,PDR,0,0.0
08236046,Niefern-Öschelbronn,Zweitstimmen,PDR,5,0.08946144211844695
08236050,Ötisheim,Erststimmen,PDR,0,0.0
08236050,Ötisheim,Zweitstimmen,PDR,3,0.11797090051120723
08236061,Sternenfels,Erststimmen,PDR,0,0.0
08236061,Sternenfels,Zweitstimmen,PDR,7,0.4498714652956298
08236062,Tiefenbronn,Erststimmen,PDR,0,0.0
08236062,Tiefenbronn,Zweitstimmen,PDR,3,0.09325458501709667
08236065,Wiernsheim,Erststimmen,PDR,0,0.0
08236065,Wiernsheim,Zweitstimmen,PDR,12,0.31233732431025507
08236067,Wimsheim,Erststimmen,PDR,0,0.0
08236067,Wimsheim,Zweitstimmen,PDR,1,0.06142506142506143
08236068,Wurmberg,Erststimmen,PDR,0,0.0
08236068,Wurmberg,Zweitstimmen,PDR,3,0.18404907975460122
08236070,Keltern,Erststimmen,PDR,0,0.0
08236070,Keltern,Zweitstimmen,PDR,19,0.3616292348686715
08236071,Remchingen,Erststimmen,PDR,0,0.0
08236071,Remchingen,Zweitstimmen,PDR,7,0.1080080234531708
08236072,Straubenhardt,Erststimmen,PDR,0,0.0
08236072,Straubenhardt,Zweitstimmen,PDR,12,0.19540791402051783
08236073,Neulingen,Erststimmen,PDR,0,0.0
08236073,Neulingen,Zweitstimmen,PDR,6,0.16233766233766234
08236074,Kämpfelbach,Erststimmen,PDR,0,0.0
08236074,Kämpfelbach,Zweitstimmen,PDR,7,0.19504040122596825
08236075,Ölbronn-Dürrn,Erststimmen,PDR,0,0.0
08236075,Ölbronn-Dürrn,Zweitstimmen,PDR,3,0.15306122448979592
08236076,Königsbach-Stein,Erststimmen,PDR,0,0.0
08236076,Königsbach-Stein,Zweitstimmen,PDR,21,0.37654653039268426
08237002,"Alpirsbach, Stadt",Erststimmen,PDR,0,0.0
08237002,"Alpirsbach, Stadt",Zweitstimmen,PDR,14,0.4511762810183694
08237004,Baiersbronn,Erststimmen,PDR,0,0.0
08237004,Baiersbronn,Zweitstimmen,PDR,7,0.09445418971798678
08237019,"Dornstetten, Stadt",Erststimmen,PDR,0,0.0
08237019,"Dornstetten, Stadt",Zweitstimmen,PDR,9,0.2221673660824488
08237024,Empfingen,Erststimmen,PDR,0,0.0
08237024,Empfingen,Zweitstimmen,PDR,2,0.0899685110211426
08237027,Eutingen im Gäu,Erststimmen,PDR,0,0.0
08237027,Eutingen im Gäu,Zweitstimmen,PDR,6,0.178359096313912
08237028,"Freudenstadt, Stadt",Erststimmen,PDR,0,0.0
08237028,"Freudenstadt, Stadt",Zweitstimmen,PDR,23,0.21302213577845697
08237030,Glatten,Erststimmen,PDR,0,0.0
08237030,Glatten,Zweitstimmen,PDR,1,0.07052186177715092
08237032,Grömbach,Erststimmen,PDR,0,0.0
08237032,Grömbach,Zweitstimmen,PDR,3,1.1320754716981132
08237040,"Horb am Neckar, Stadt",Erststimmen,PDR,0,0.0
08237040,"Horb am Neckar, Stadt",Zweitstimmen,PDR,22,0.1758312020460358
08237045,Loßburg,Erststimmen,PDR,0,0.0
08237045,Loßburg,Zweitstimmen,PDR,5,0.11165698972755694
08237054,Pfalzgrafenweiler,Erststimmen,PDR,0,0.0
08237054,Pfalzgrafenweiler,Zweitstimmen,PDR,5,0.1366120218579235
08237061,Schopfloch,Erststimmen,PDR,0,0.0
08237061,Schopfloch,Zweitstimmen,PDR,4,0.25624599615631005
08237072,Wörnersberg,Erststimmen,PDR,0,0.0
08237072,Wörnersberg,Zweitstimmen,PDR,0,0.0
08237073,Seewald,Erststimmen,PDR,0,0.0
08237073,Seewald,Zweitstimmen,PDR,1,0.08460236886632826
08237074,Waldachtal,Erststimmen,PDR,0,0.0
08237074,Waldachtal,Zweitstimmen,PDR,4,0.1243008079552517
08237075,Bad Rippoldsau-Schapbach,Erststimmen,PDR,0,0.0
08237075,Bad Rippoldsau-Schapbach,Zweitstimmen,PDR,1,0.08006405124099279
08316002,Bahlingen am Kaiserstuhl,Erststimmen,PDR,0,0.0
08316002,Bahlingen am Kaiserstuhl,Zweitstimmen,PDR,2,0.07713073659853452
08316003,Biederbach,Erststimmen,PDR,0,0.0
08316003,Biederbach,Zweitstimmen,PDR,0,0.0
08316009,Denzlingen,Erststimmen,PDR,0,0.0
08316009,Denzlingen,Zweitstimmen,PDR,10,0.13585110718652357
08316010,"Elzach, Stadt",Erststimmen,PDR,0,0.0
08316010,"Elzach, Stadt",Zweitstimmen,PDR,3,0.06986492780624128
08316011,"Emmendingen, Stadt",Erststimmen,PDR,0,0.0
08316011,"Emmendingen, Stadt",Zweitstimmen,PDR,18,0.1278409090909091
08316012,"Endingen am Kaiserstuhl, Stadt",Erststimmen,PDR,0,0.0
08316012,"Endingen am Kaiserstuhl, Stadt",Zweitstimmen,PDR,14,0.24305555555555555
08316013,Forchheim,Erststimmen,PDR,0,0.0
08316013,Forchheim,Zweitstimmen,PDR,0,0.0
08316014,Gutach im Breisgau,Erststimmen,PDR,0,0.0
08316014,Gutach im Breisgau,Zweitstimmen,PDR,1,0.03795066413662239
08316017,"Herbolzheim, Stadt",Erststimmen,PDR,0,0.0
08316017,"Herbolzheim, Stadt",Zweitstimmen,PDR,8,0.15165876777251183
08316020,"Kenzingen, Stadt",Erststimmen,PDR,0,0.0
08316020,"Kenzingen, Stadt",Zweitstimmen,PDR,9,0.16137708445400753
08316024,Malterdingen,Erststimmen,PDR,0,0.0
08316024,Malterdingen,Zweitstimmen,PDR,0,0.0
08316036,Reute,Erststimmen,PDR,0,0.0
08316036,Reute,Zweitstimmen,PDR,3,0.1724137931034483
08316037,Riegel am Kaiserstuhl,Erststimmen,PDR,0,0.0
08316037,Riegel am Kaiserstuhl,Zweitstimmen,PDR,3,0.1485148514851485
08316038,Sasbach am Kaiserstuhl,Erststimmen,PDR,0,0.0
08316038,Sasbach am Kaiserstuhl,Zweitstimmen,PDR,6,0.2921129503407984
08316039,Sexau,Erststimmen,PDR,0,0.0
08316039,Sexau,Zweitstimmen,PDR,4,0.18957345971563982
08316042,Simonswald,Erststimmen,PDR,0,0.0
08316042,Simonswald,Zweitstimmen,PDR,3,0.16930022573363432
08316043,Teningen,Erststimmen,PDR,0,0.0
08316043,Teningen,Zweitstimmen,PDR,15,0.23349937733499376
08316045,Vörstetten,Erststimmen,PDR,0,0.0
08316045,Vörstetten,Zweitstimmen,PDR,2,0.10559662090813093
08316049,Weisweil,Erststimmen,PDR,0,0.0
08316049,Weisweil,Zweitstimmen,PDR,2,0.16
08316051,Wyhl am Kaiserstuhl,Erststimmen,PDR,0,0.0
08316051,Wyhl am Kaiserstuhl,Zweitstimmen,PDR,7,0.33816425120772947
08316053,Rheinhausen im Breisgau,Erststimmen,PDR,0,0.0
08316053,Rheinhausen im Breisgau,Zweitstimmen,PDR,6,0.2640845070422535
08316054,Freiamt,Erststimmen,PDR,0,0.0
08316054,Freiamt,Zweitstimmen,PDR,4,0.15929908403026682
08316055,Winden im Elztal,Erststimmen,PDR,0,0.0
08316055,Winden im Elztal,Zweitstimmen,PDR,5,0.30599755201958384
08316056,"Waldkirch, Stadt",Erststimmen,PDR,0,0.0
08316056,"Waldkirch, Stadt",Zweitstimmen,PDR,22,0.1949317738791423
08325001,Aichhalden,Erststimmen,PDR,0,0.0
08325001,Aichhalden,Zweitstimmen,PDR,4,0.1569242840329541
08325009,Bösingen,Erststimmen,PDR,0,0.0
08325009,Bösingen,Zweitstimmen,PDR,8,0.3870343492985002
08325011,Dietingen,Erststimmen,PDR,0,0.0
08325011,Dietingen,Zweitstimmen,PDR,12,0.5037783375314862
08325012,"Dornhan, Stadt",Erststimmen,PDR,0,0.0
08325012,"Dornhan, Stadt",Zweitstimmen,PDR,8,0.2230275996654586
08325014,Dunningen,Erststimmen,PDR,0,0.0
08325014,Dunningen,Zweitstimmen,PDR,8,0.21516944593867668
08325015,Epfendorf,Erststimmen,PDR,0,0.0
08325015,Epfendorf,Zweitstimmen,PDR,5,0.2767017155506364
08325024,Hardt,Erststimmen,PDR,0,0.0
08325024,Hardt,Zweitstimmen,PDR,2,0.12004801920768307
08325036,Lauterbach,Erststimmen,PDR,0,0.0
08325036,Lauterbach,Zweitstimmen,PDR,2,0.1342281879194631
08325045,"Oberndorf am Neckar, Stadt",Erststimmen,PDR,0,0.0
08325045,"Oberndorf am Neckar, Stadt",Zweitstimmen,PDR,10,0.1561036528254761
08325049,"Rottweil, Stadt",Erststimmen,PDR,0,0.0
08325049,"Rottweil, Stadt",Zweitstimmen,PDR,12,0.09960986137627625
08325050,Schenkenzell,Erststimmen,PDR,0,0.0
08325050,Schenkenzell,Zweitstimmen,PDR,1,0.09633911368015415
08325051,"Schiltach, Stadt",Erststimmen,PDR,0,0.0
08325051,"Schiltach, Stadt",Zweitstimmen,PDR,10,0.4940711462450593
08325053,"Schramberg, Stadt",Erststimmen,PDR,0,0.0
08325053,"Schramberg, Stadt",Zweitstimmen,PDR,21,0.22314313037934333
08325057,"Sulz am Neckar, Stadt",Erststimmen,PDR,0,0.0
08325057,"Sulz am Neckar, Stadt",Zweitstimmen,PDR,16,0.25885779000161785
08325060,Villingendorf,Erststimmen,PDR,0,0.0
08325060,Villingendorf,Zweitstimmen,PDR,6,0.3152916447714136
08325061,Vöhringen,Erststimmen,PDR,0,0.0
08325061,Vöhringen,Zweitstimmen,PDR,4,0.16985138004246286
08325064,Wellendingen,Erststimmen,PDR,0,0.0
08325064,Wellendingen,Zweitstimmen,PDR,0,0.0
08325069,Zimmern ob Rottweil,Erststimmen,PDR,0,0.0
08325069,Zimmern ob Rottweil,Zweitstimmen,PDR,5,0.14947683109118087
08325070,Fluorn-Winzeln,Erststimmen,PDR,0,0.0
08325070,Fluorn-Winzeln,Zweitstimmen,PDR,6,0.33482142857142855
08325071,Eschbronn,Erststimmen,PDR,0,0.0
08325071,Eschbronn,Zweitstimmen,PDR,3,0.23492560689115116
08325072,Deißlingen,Erststimmen,PDR,0,0.0
08325072,Deißlingen,Zweitstimmen,PDR,9,0.2787240631774543
08326003,"Bad Dürrheim, Stadt",Erststimmen,PDR,0,0.0
08326003,"Bad Dürrheim, Stadt",Zweitstimmen,PDR,12,0.17626321974148063
08326005,"Blumberg, Stadt",Erststimmen,PDR,0,0.0
08326005,"Blumberg, Stadt",Zweitstimmen,PDR,10,0.22763487366264512
08326006,"Bräunlingen, Stadt",Erststimmen,PDR,0,0.0
08326006,"Bräunlingen, Stadt",Zweitstimmen,PDR,4,0.12686330478908975
08326010,Dauchingen,Erststimmen,PDR,0,0.0
08326010,Dauchingen,Zweitstimmen,PDR,7,0.3336510962821735
08326012,"Donaueschingen, Stadt",Erststimmen,PDR,0,0.0
08326012,"Donaueschingen, Stadt",Zweitstimmen,PDR,33,0.3131821201480497
08326017,"Furtwangen im Schwarzwald, Stadt",Erststimmen,PDR,0,0.0
08326017,"Furtwangen im Schwarzwald, Stadt",Zweitstimmen,PDR,5,0.125250501002004
08326020,Gütenbach,Erststimmen,PDR,0,0.0
08326020,Gütenbach,Zweitstimmen,PDR,1,0.1779359430604982
08326027,"Hüfingen, Stadt",Erststimmen,PDR,0,0.0
08326027,"Hüfingen, Stadt",Zweitstimmen,PDR,9,0.22779043280182232
08326031,Königsfeld im Schwarzwald,Erststimmen,PDR,0,0.0
08326031,Königsfeld im Schwarzwald,Zweitstimmen,PDR,9,0.254957507082153
08326037,Mönchweiler,Erststimmen,PDR,0,0.0
08326037,Mönchweiler,Zweitstimmen,PDR,3,0.18094089264173704
08326041,Niedereschach,Erststimmen,PDR,0,0.0
08326041,Niedereschach,Zweitstimmen,PDR,0,0.0
08326052,"St. Georgen im Schwarzwald, Stadt",Erststimmen,PDR,0,0.0
08326052,"St. Georgen im Schwarzwald, Stadt",Zweitstimmen,PDR,20,0.3242016534284325
08326054,Schönwald im Schwarzwald,Erststimmen,PDR,0,0.0
08326054,Schönwald im Schwarzwald,Zweitstimmen,PDR,2,0.15071590052750566
08326055,Schonach im Schwarzwald,Erststimmen,PDR,0,0.0
08326055,Schonach im Schwarzwald,Zweitstimmen,PDR,6,0.28476506881822494
08326060,"Triberg im Schwarzwald, Stadt",Erststimmen,PDR,0,0.0
08326060,"Triberg im Schwarzwald, Stadt",Zweitstimmen,PDR,7,0.3910614525139665
08326061,Tuningen,Erststimmen,PDR,0,0.0
08326061,Tuningen,Zweitstimmen,PDR,4,0.24009603841536614
08326065,Unterkirnach,Erststimmen,PDR,0,0.0
08326065,Unterkirnach,Zweitstimmen,PDR,6,0.4780876494023904
08326068,"Vöhrenbach, Stadt",Erststimmen,PDR,0,0.0
08326068,"Vöhrenbach, Stadt",Zweitstimmen,PDR,6,0.3558718861209964
08326074,"Villingen-Schwenningen, Stadt",Erststimmen,PDR,0,0.0
08326074,"Villingen-Schwenningen, Stadt",Zweitstimmen,PDR,83,0.23660205245153934
08326075,Brigachtal,Erststimmen,PDR,0,0.0
08326075,Brigachtal,Zweitstimmen,PDR,4,0.1364721937905152
08327002,Aldingen,Erststimmen,PDR,0,0.0
08327002,Aldingen,Zweitstimmen,PDR,5,0.1545595054095827
08327004,Bärenthal,Erststimmen,PDR,0,0.0
08327004,Bärenthal,Zweitstimmen,PDR,1,0.35842293906810035
08327005,Balgheim,Erststimmen,PDR,0,0.0
08327005,Balgheim,Zweitstimmen,PDR,3,0.4261363636363636
08327006,Böttingen,Erststimmen,PDR,0,0.0
08327006,Böttingen,Zweitstimmen,PDR,2,0.2466091245376079
08327007,Bubsheim,Erststimmen,PDR,0,0.0
08327007,Bubsheim,Zweitstimmen,PDR,1,0.18018018018018017
08327008,Buchheim,Erststimmen,PDR,0,0.0
08327008,Buchheim,Zweitstimmen,PDR,1,0.22123893805309736
08327009,Deilingen,Erststimmen,PDR,0,0.0
08327009,Deilingen,Zweitstimmen,PDR,4,0.4197271773347324
08327010,Denkingen,Erststimmen,PDR,0,0.0
08327010,Denkingen,Zweitstimmen,PDR,2,0.13513513513513514
08327011,Dürbheim,Erststimmen,PDR,0,0.0
08327011,Dürbheim,Zweitstimmen,PDR,1,0.10298661174047373
08327012,Durchhausen,Erststimmen,PDR,0,0.0
08327012,Durchhausen,Zweitstimmen,PDR,0,0.0
08327013,Egesheim,Erststimmen,PDR,0,0.0
08327013,Egesheim,Zweitstimmen,PDR,2,0.7042253521126761
08327016,"Fridingen an der Donau, Stadt",Erststimmen,PDR,0,0.0
08327016,"Fridingen an der Donau, Stadt",Zweitstimmen,PDR,2,0.11940298507462686
08327017,Frittlingen,Erststimmen,PDR,0,0.0
08327017,Frittlingen,Zweitstimmen,PDR,0,0.0
08327018,"Geisingen, Stadt",Erststimmen,PDR,0,0.0
08327018,"Geisingen, Stadt",Zweitstimmen,PDR,4,0.13293452974410103
08327019,Gosheim,Erststimmen,PDR,0,0.0
08327019,Gosheim,Zweitstimmen,PDR,7,0.4039238315060588
08327020,Gunningen,Erststimmen,PDR,0,0.0
08327020,Gunningen,Zweitstimmen,PDR,1,0.24449877750611246
08327023,Hausen ob Verena,Erststimmen,PDR,0,0.0
08327023,Hausen ob Verena,Zweitstimmen,PDR,0,0.0
08327025,Immendingen,Erststimmen,PDR,0,0.0
08327025,Immendingen,Zweitstimmen,PDR,12,0.3953871499176277
08327027,Irndorf,Erststimmen,PDR,0,0.0
08327027,Irndorf,Zweitstimmen,PDR,1,0.22123893805309736
08327029,Königsheim,Erststimmen,PDR,0,0.0
08327029,Königsheim,Zweitstimmen,PDR,0,0.0
08327030,Kolbingen,Erststimmen,PDR,0,0.0
08327030,Kolbingen,Zweitstimmen,PDR,1,0.130718954248366
08327033,Mahlstetten,Erststimmen,PDR,0,0.0
08327033,Mahlstetten,Zweitstimmen,PDR,1,0.2079002079002079
08327036,"Mühlheim an der Donau, Stadt",Erststimmen,PDR,0,0.0
08327036,"Mühlheim an der Donau, Stadt",Zweitstimmen,PDR,2,0.09886307464162135
08327038,Neuhausen ob Eck,Erststimmen,PDR,0,0.0
08327038,Neuhausen ob Eck,Zweitstimmen,PDR,6,0.31185031185031187
08327040,Reichenbach am Heuberg,Erststimmen,PDR,0,0.0
08327040,Reichenbach am Heuberg,Zweitstimmen,PDR,3,1.3636363636363635
08327041,Renquishausen,Erststimmen,PDR,0,0.0
08327041,Renquishausen,Zweitstimmen,PDR,3,0.5988023952095809
08327046,"Spaichingen, Stadt",Erststimmen,PDR,0,0.0
08327046,"Spaichingen, Stadt",Zweitstimmen,PDR,14,0.24217263449230236
08327048,Talheim,Erststimmen,PDR,0,0.0
08327048,Talheim,Zweitstimmen,PDR,2,0.27816411682892905
08327049,"Trossingen, Stadt",Erststimmen,PDR,0,0.0
08327049,"Trossingen, Stadt",Zweitstimmen,PDR,10,0.15410695022345508
08327050,"Tuttlingen, Stadt",Erststimmen,PDR,0,0.0
08327050,"Tuttlingen, Stadt",Zweitstimmen,PDR,20,0.15379883112888343
08327051,Wehingen,Erststimmen,PDR,0,0.0
08327051,Wehingen,Zweitstimmen,PDR,2,0.12911555842479017
08327054,Wurmlingen,Erststimmen,PDR,0,0.0
08327054,Wurmlingen,Zweitstimmen,PDR,5,0.2321262766945218
08327055,Seitingen-Oberflacht,Erststimmen,PDR,0,0.0
08327055,Seitingen-Oberflacht,Zweitstimmen,PDR,3,0.22900763358778628
08327056,Rietheim-Weilheim,Erststimmen,PDR,0,0.0
08327056,Rietheim-Weilheim,Zweitstimmen,PDR,4,0.2772002772002772
08327057,Emmingen-Liptingen,Erststimmen,PDR,0,0.0
08327057,Emmingen-Liptingen,Zweitstimmen,PDR,7,0.2670736360167875
08336004,Aitern,Erststimmen,PDR,0,0.0
08336004,Aitern,Zweitstimmen,PDR,0,0.0
08336006,Bad Bellingen,Erststimmen,PDR,0,0.0
08336006,Bad Bellingen,Zweitstimmen,PDR,1,0.04631773969430292
08336008,Binzen,Erststimmen,PDR,0,0.0
08336008,Binzen,Zweitstimmen,PDR,1,0.06082725060827251
08336010,Böllen,Erststimmen,PDR,0,0.0
08336010,Böllen,Zweitstimmen,PDR,0,0.0
08336014,Efringen-Kirchen,Erststimmen,PDR,0,0.0
08336014,Efringen-Kirchen,Zweitstimmen,PDR,6,0.12526096033402923
08336019,Eimeldingen,Erststimmen,PDR,0,0.0
08336019,Eimeldingen,Zweitstimmen,PDR,5,0.38699690402476783
08336024,Fischingen,Erststimmen,PDR,0,0.0
08336024,Fischingen,Zweitstimmen,PDR,1,0.23923444976076555
08336025,Fröhnd,Erststimmen,PDR,0,0.0
08336025,Fröhnd,Zweitstimmen,PDR,1,0.31645569620253167
08336034,Hasel,Erststimmen,PDR,0,0.0
08336034,Hasel,Zweitstimmen,PDR,0,0.0
08336036,Hausen im Wiesental,Erststimmen,PDR,0,0.0
08336036,Hausen im Wiesental,Zweitstimmen,PDR,2,0.1631321370309951
08336043,Inzlingen,Erststimmen,PDR,0,0.0
08336043,Inzlingen,Zweitstimmen,PDR,1,0.07513148009015778
08336050,"Lörrach, Stadt",Erststimmen,PDR,0,0.0
08336050,"Lörrach, Stadt",Zweitstimmen,PDR,25,0.12158941685715674
08336057,Maulburg,Erststimmen,PDR,0,0.0
08336057,Maulburg,Zweitstimmen,PDR,9,0.4488778054862843
08336069,"Rheinfelden (Baden), Stadt",Erststimmen,PDR,0,0.0
08336069,"Rheinfelden (Baden), Stadt",Zweitstimmen,PDR,23,0.1686217008797654
08336073,Rümmingen,Erststimmen,PDR,0,0.0
08336073,Rümmingen,Zweitstimmen,PDR,0,0.0
08336075,Schallbach,Erststimmen,PDR,0,0.0
08336075,Schallbach,Zweitstimmen,PDR,1,0.2070393374741201
08336079,"Schönau im Schwarzwald, Stadt",Erststimmen,PDR,0,0.0
08336079,"Schönau im Schwarzwald, Stadt",Zweitstimmen,PDR,2,0.3076923076923077
08336080,Schönenberg,Erststimmen,PDR,0,0.0
08336080,Schönenberg,Zweitstimmen,PDR,1,0.6172839506172839
08336081,"Schopfheim, Stadt",Erststimmen,PDR,0,0.0
08336081,"Schopfheim, Stadt",Zweitstimmen,PDR,16,0.1704121844711897
08336082,Schwörstadt,Erststimmen,PDR,0,0.0
08336082,Schwörstadt,Zweitstimmen,PDR,0,0.0
08336084,Steinen,Erststimmen,PDR,0,0.0
08336084,Steinen,Zweitstimmen,PDR,16,0.29985007496251875
08336087,"Todtnau, Stadt",Erststimmen,PDR,0,0.0
08336087,"Todtnau, Stadt",Zweitstimmen,PDR,3,0.11976047904191617
08336089,Tunau,Erststimmen,PDR,0,0.0
08336089,Tunau,Zweitstimmen,PDR,0,0.0
08336090,Utzenfeld,Erststimmen,PDR,0,0.0
08336090,Utzenfeld,Zweitstimmen,PDR,0,0.0
08336091,"Weil am Rhein, Stadt",Erststimmen,PDR,0,0.0
08336091,"Weil am Rhein, Stadt",Zweitstimmen,PDR,15,0.12779008348952123
08336094,Wembach,Erststimmen,PDR,0,0.0
08336094,Wembach,Zweitstimmen,PDR,0,0.0
08336096,Wieden,Erststimmen,PDR,0,0.0
08336096,Wieden,Zweitstimmen,PDR,2,0.5865102639296188
08336100,Wittlingen,Erststimmen,PDR,0,0.0
08336100,Wittlingen,Zweitstimmen,PDR,0,0.0
08336103,"Zell im Wiesental, Stadt",Erststimmen,PDR,0,0.0
08336103,"Zell im Wiesental, Stadt",Zweitstimmen,PDR,3,0.11876484560570072
08336105,Grenzach-Wyhlen,Erststimmen,PDR,0,0.0
08336105,Grenzach-Wyhlen,Zweitstimmen,PDR,10,0.16223231667748217
08336106,Häg-Ehrsberg,Erststimmen,PDR,0,0.0
08336106,Häg-Ehrsberg,Zweitstimmen,PDR,0,0.0
08336107,Kleines Wiesental,Erststimmen,PDR,0,0.0
08336107,Kleines Wiesental,Zweitstimmen,PDR,2,0.12099213551119178
08337002,Albbruck,Erststimmen,PDR,0,0.0
08337002,Albbruck,Zweitstimmen,PDR,1,0.026867275658248254
08337030,Dettighofen,Erststimmen,PDR,0,0.0
08337030,Dettighofen,Zweitstimmen,PDR,0,0.0
08337032,Dogern,Erststimmen,PDR,0,0.0
08337032,Dogern,Zweitstimmen,PDR,2,0.16393442622950818
08337038,Görwihl,Erststimmen,PDR,0,0.0
08337038,Görwihl,Zweitstimmen,PDR,1,0.04164931278633903
08337049,Herrischried,Erststimmen,PDR,0,0.0
08337049,Herrischried,Zweitstimmen,PDR,1,0.07390983000739099
08337053,Hohentengen am Hochrhein,Erststimmen,PDR,0,0.0
08337053,Hohentengen am Hochrhein,Zweitstimmen,PDR,1,0.05307855626326964
08337060,Jestetten,Erststimmen,PDR,0,0.0
08337060,Jestetten,Zweitstimmen,PDR,3,0.14395393474088292
08337062,Klettgau,Erststimmen,PDR,0,0.0
08337062,Klettgau,Zweitstimmen,PDR,9,0.24691358024691357
08337065,Lauchringen,Erststimmen,PDR,0,0.0
08337065,Lauchringen,Zweitstimmen,PDR,8,0.2149959688255845
08337066,"Laufenburg (Baden), Stadt",Erststimmen,PDR,0,0.0
08337066,"Laufenburg (Baden), Stadt",Zweitstimmen,PDR,8,0.214190093708166
08337070,Lottstetten,Erststimmen,PDR,0,0.0
08337070,Lottstetten,Zweitstimmen,PDR,0,0.0
08337076,Murg,Erststimmen,PDR,0,0.0
08337076,Murg,Zweitstimmen,PDR,7,0.2192295646727216
08337090,Rickenbach,Erststimmen,PDR,0,0.0
08337090,Rickenbach,Zweitstimmen,PDR,1,0.04716981132075472
08337096,"Bad Säckingen, Stadt",Erststimmen,PDR,0,0.0
08337096,"Bad Säckingen, Stadt",Zweitstimmen,PDR,9,0.12554052169061236
08337106,"Stühlingen, Stadt",Erststimmen,PDR,0,0.0
08337106,"Stühlingen, Stadt",Zweitstimmen,PDR,6,0.2104524728165556
08337116,"Wehr, Stadt",Erststimmen,PDR,0,0.0
08337116,"Wehr, Stadt",Zweitstimmen,PDR,11,0.20239190432382706
08337118,Weilheim,Erststimmen,PDR,0,0.0
08337118,Weilheim,Zweitstimmen,PDR,4,0.20736132711249353
08337123,Wutöschingen,Erststimmen,PDR,0,0.0
08337123,Wutöschingen,Zweitstimmen,PDR,3,0.09457755359394704
08337124,Eggingen,Erststimmen,PDR,0,0.0
08337124,Eggingen,Zweitstimmen,PDR,0,0.0
08337125,Küssaberg,Erststimmen,PDR,0,0.0
08337125,Küssaberg,Zweitstimmen,PDR,8,0.2822865208186309
08337126,"Waldshut-Tiengen, Stadt",Erststimmen,PDR,0,0.0
08337126,"Waldshut-Tiengen, Stadt",Zweitstimmen,PDR,8,0.08418394191308007
08416006,Bodelshausen,Erststimmen,PDR,0,0.0
08416006,Bodelshausen,Zweitstimmen,PDR,5,0.18975332068311196
08416009,Dettenhausen,Erststimmen,PDR,0,0.0
08416009,Dettenhausen,Zweitstimmen,PDR,3,0.09404388714733543
08416018,Hirrlingen,Erststimmen,PDR,0,0.0
08416018,Hirrlingen,Zweitstimmen,PDR,4,0.22779043280182232
08416025,"Mössingen, Stadt",Erststimmen,PDR,0,0.0
08416025,"Mössingen, Stadt",Zweitstimmen,PDR,11,0.1049317943336831
08416031,Ofterdingen,Erststimmen,PDR,0,0.0
08416031,Ofterdingen,Zweitstimmen,PDR,4,0.14378145219266716
08416036,"Rottenburg am Neckar, Stadt",Erststimmen,PDR,0,0.0
08416036,"Rottenburg am Neckar, Stadt",Zweitstimmen,PDR,31,0.1347064702559423
08416041,"Tübingen, Universitätsstadt",Erststimmen,PDR,0,0.0
08416041,"Tübingen, Universitätsstadt",Zweitstimmen,PDR,50,0.09699885541350611
08416048,Ammerbuch,Erststimmen,PDR,0,0.0
08416048,Ammerbuch,Zweitstimmen,PDR,10,0.14896469536719797
08416049,Neustetten,Erststimmen,PDR,0,0.0
08416049,Neustetten,Zweitstimmen,PDR,1,0.04690431519699812
08416050,Starzach,Erststimmen,PDR,0,0.0
08416050,Starzach,Zweitstimmen,PDR,4,0.1549186676994578
08417002,"Balingen, Stadt",Erststimmen,PDR,0,0.0
08417002,"Balingen, Stadt",Zweitstimmen,PDR,34,0.19365495244062197
08417008,Bisingen,Erststimmen,PDR,0,0.0
08417008,Bisingen,Zweitstimmen,PDR,13,0.26326447954637505
08417010,Bitz,Erststimmen,PDR,0,0.0
08417010,Bitz,Zweitstimmen,PDR,6,0.2960039467192896
08417014,Dautmergen,Erststimmen,PDR,0,0.0
08417014,Dautmergen,Zweitstimmen,PDR,1,0.3875968992248062
08417015,Dormettingen,Erststimmen,PDR,0,0.0
08417015,Dormettingen,Zweitstimmen,PDR,1,0.17064846416382254
08417016,Dotternhausen,Erststimmen,PDR,0,0.0
08417016,Dotternhausen,Zweitstimmen,PDR,1,0.09328358208955223
08417022,"Geislingen, Stadt",Erststimmen,PDR,0,0.0
08417022,"Geislingen, Stadt",Zweitstimmen,PDR,7,0.20734597156398105
08417023,Grosselfingen,Erststimmen,PDR,0,0.0
08417023,Grosselfingen,Zweitstimmen,PDR,6,0.5277044854881267
08417025,"Haigerloch, Stadt",Erststimmen,PDR,0,0.0
08417025,"Haigerloch, Stadt",Zweitstimmen,PDR,11,0.19315188762071994
08417029,Hausen am Tann,Erststimmen,PDR,0,0.0
08417029,Hausen am Tann,Zweitstimmen,PDR,1,0.38314176245210724
08417044,"Meßstetten, Stadt",Erststimmen,PDR,0,0.0
08417044,"Meßstetten, Stadt",Zweitstimmen,PDR,11,0.19844849359552588
08417045,Nusplingen,Erststimmen,PDR,0,0.0
08417045,Nusplingen,Zweitstimmen,PDR,0,0.0
08417047,Obernheim,Erststimmen,PDR,0,0.0
08417047,Obernheim,Zweitstimmen,PDR,0,0.0
08417051,Rangendingen,Erststimmen,PDR,0,0.0
08417051,Rangendingen,Zweitstimmen,PDR,9,0.31435557107928747
08417052,Ratshausen,Erststimmen,PDR,0,0.0
08417052,Ratshausen,Zweitstimmen,PDR,1,0.22123893805309736
08417054,"Rosenfeld, Stadt",Erststimmen,PDR,0,0.0
08417054,"Rosenfeld, Stadt",Zweitstimmen,PDR,7,0.2008032128514056
08417057,"Schömberg, Stadt",Erststimmen,PDR,0,0.0
08417057,"Schömberg, Stadt",Zweitstimmen,PDR,6,0.27210884353741494
08417063,Straßberg,Erststimmen,PDR,0,0.0
08417063,Straßberg,Zweitstimmen,PDR,1,0.06978367062107467
08417071,Weilen unter den Rinnen,Erststimmen,PDR,0,0.0
08417071,Weilen unter den Rinnen,Zweitstimmen,PDR,1,0.2680965147453083
08417075,Winterlingen,Erststimmen,PDR,0,0.0
08417075,Winterlingen,Zweitstimmen,PDR,3,0.09003601440576231
08417078,Zimmern unter der Burg,Erststimmen,PDR,0,0.0
08417078,Zimmern unter der Burg,Zweitstimmen,PDR,0,0.0
08417079,"Albstadt, Stadt",Erststimmen,PDR,0,0.0
08417079,"Albstadt, Stadt",Zweitstimmen,PDR,37,0.1966934240603902
08425002,Allmendingen,Erststimmen,PDR,0,0.0
08425002,Allmendingen,Zweitstimmen,PDR,1,0.03735524841240195
08425004,Altheim,Erststimmen,PDR,0,0.0
08425004,Altheim,Zweitstimmen,PDR,0,0.0
08425005,Altheim (Alb),Erststimmen,PDR,0,0.0
08425005,Altheim (Alb),Zweitstimmen,PDR,3,0.2890173410404624
08425008,Amstetten,Erststimmen,PDR,0,0.0
08425008,Amstetten,Zweitstimmen,PDR,1,0.04533091568449683
08425011,Asselfingen,Erststimmen,PDR,0,0.0
08425011,Asselfingen,Zweitstimmen,PDR,0,0.0
08425013,Ballendorf,Erststimmen,PDR,0,0.0
08425013,Ballendorf,Zweitstimmen,PDR,0,0.0
08425014,Beimerstetten,Erststimmen,PDR,0,0.0
08425014,Beimerstetten,Zweitstimmen,PDR,4,0.2826855123674912
08425017,Berghülen,Erststimmen,PDR,0,0.0
08425017,Berghülen,Zweitstimmen,PDR,3,0.24410089503661514
08425019,Bernstadt,Erststimmen,PDR,0,0.0
08425019,Bernstadt,Zweitstimmen,PDR,1,0.07246376811594203
08425020,"Blaubeuren, Stadt",Erststimmen,PDR,0,0.0
08425020,"Blaubeuren, Stadt",Zweitstimmen,PDR,16,0.26542800265428
08425022,Börslingen,Erststimmen,PDR,0,0.0
08425022,Börslingen,Zweitstimmen,PDR,1,0.9523809523809524
08425024,Breitingen,Erststimmen,PDR,0,0.0
08425024,Breitingen,Zweitstimmen,PDR,0,0.0
08425031,Dornstadt,Erststimmen,PDR,0,0.0
08425031,Dornstadt,Zweitstimmen,PDR,15,0.306873977086743
08425033,"Ehingen (Donau), Stadt",Erststimmen,PDR,0,0.0
08425033,"Ehingen (Donau), Stadt",Zweitstimmen,PDR,23,0.17800479839021746
08425035,Emeringen,Erststimmen,PDR,0,0.0
08425035,Emeringen,Zweitstimmen,PDR,0,0.0
08425036,Emerkingen,Erststimmen,PDR,0,0.0
08425036,Emerkingen,Zweitstimmen,PDR,0,0.0
08425050,Griesingen,Erststimmen,PDR,0,0.0
08425050,Griesingen,Zweitstimmen,PDR,2,0.42283298097251587
08425052,Grundsheim,Erststimmen,PDR,0,0.0
08425052,Grundsheim,Zweitstimmen,PDR,0,0.0
08425055,Hausen am Bussen,Erststimmen,PDR,0,0.0
08425055,Hausen am Bussen,Zweitstimmen,PDR,0,0.0
08425062,Holzkirch,Erststimmen,PDR,0,0.0
08425062,Holzkirch,Zweitstimmen,PDR,0,0.0
08425071,"Laichingen, Stadt",Erststimmen,PDR,0,0.0
08425071,"Laichingen, Stadt",Zweitstimmen,PDR,10,0.16923337282112033
08425072,"Langenau, Stadt",Erststimmen,PDR,0,0.0
08425072,"Langenau, Stadt",Zweitstimmen,PDR,10,0.12370113805047006
08425073,Lauterach,Erststimmen,PDR,0,0.0
08425073,Lauterach,Zweitstimmen,PDR,0,0.0
08425075,Lonsee,Erststimmen,PDR,0,0.0
08425075,Lonsee,Zweitstimmen,PDR,3,0.10799136069114472
08425079,Merklingen,Erststimmen,PDR,0,0.0
08425079,Merklingen,Zweitstimmen,PDR,3,0.24937655860349126
08425081,"Munderkingen, Stadt",Erststimmen,PDR,0,0.0
08425081,"Munderkingen, Stadt",Zweitstimmen,PDR,3,0.13215859030837004
08425083,Neenstetten,Erststimmen,PDR,0,0.0
08425083,Neenstetten,Zweitstimmen,PDR,0,0.0
08425084,Nellingen,Erststimmen,PDR,0,0.0
08425084,Nellingen,Zweitstimmen,PDR,0,0.0
08425085,Nerenstetten,Erststimmen,PDR,0,0.0
08425085,Nerenstetten,Zweitstimmen,PDR,1,0.5208333333333333
08425088,Oberdischingen,Erststimmen,PDR,0,0.0
08425088,Oberdischingen,Zweitstimmen,PDR,3,0.23364485981308408
08425090,Obermarchtal,Erststimmen,PDR,0,0.0
08425090,Obermarchtal,Zweitstimmen,PDR,1,0.12360939431396785
08425091,Oberstadion,Erststimmen,PDR,0,0.0
08425091,Oberstadion,Zweitstimmen,PDR,3,0.29615004935834155
08425092,Öllingen,Erststimmen,PDR,0,0.0
08425092,Öllingen,Zweitstimmen,PDR,1,0.40650406504065045
08425093,Öpfingen,Erststimmen,PDR,0,0.0
08425093,Öpfingen,Zweitstimmen,PDR,6,0.4761904761904762
08425097,Rammingen,Erststimmen,PDR,0,0.0
08425097,Rammingen,Zweitstimmen,PDR,1,0.13089005235602094
08425098,Rechtenstein,Erststimmen,PDR,0,0.0
08425098,Rechtenstein,Zweitstimmen,PDR,0,0.0
08425104,Rottenacker,Erststimmen,PDR,0,0.0
08425104,Rottenacker,Zweitstimmen,PDR,0,0.0
08425108,"Schelklingen, Stadt",Erststimmen,PDR,0,0.0
08425108,"Schelklingen, Stadt",Zweitstimmen,PDR,5,0.1465845793022574
08425112,Setzingen,Erststimmen,PDR,0,0.0
08425112,Setzingen,Zweitstimmen,PDR,1,0.2932551319648094
08425123,Untermarchtal,Erststimmen,PDR,0,0.0
08425123,Untermarchtal,Zweitstimmen,PDR,0,0.0
08425124,Unterstadion,Erststimmen,PDR,0,0.0
08425124,Unterstadion,Zweitstimmen,PDR,0,0.0
08425125,Unterwachingen,Erststimmen,PDR,0,0.0
08425125,Unterwachingen,Zweitstimmen,PDR,0,0.0
08425130,Weidenstetten,Erststimmen,PDR,0,0.0
08425130,Weidenstetten,Zweitstimmen,PDR,1,0.11848341232227488
08425134,Westerheim,Erststimmen,PDR,0,0.0
08425134,Westerheim,Zweitstimmen,PDR,5,0.2670940170940171
08425135,Westerstetten,Erststimmen,PDR,0,0.0
08425135,Westerstetten,Zweitstimmen,PDR,2,0.15060240963855423
08425139,Heroldstatt,Erststimmen,PDR,0,0.0
08425139,Heroldstatt,Zweitstimmen,PDR,6,0.3468208092485549
08426001,Achstetten,Erststimmen,PDR,0,0.0
08426001,Achstetten,Zweitstimmen,PDR,6,0.2031144211238998
08426005,Alleshausen,Erststimmen,PDR,0,0.0
08426005,Alleshausen,Zweitstimmen,PDR,0,0.0
08426006,Allmannsweiler,Erststimmen,PDR,0,0.0
08426006,Allmannsweiler,Zweitstimmen,PDR,0,0.0
08426008,Altheim,Erststimmen,PDR,0,0.0
08426008,Altheim,Zweitstimmen,PDR,2,0.156128024980484
08426011,Attenweiler,Erststimmen,PDR,0,0.0
08426011,Attenweiler,Zweitstimmen,PDR,1,0.08203445447087777
08426013,"Bad Buchau, Stadt",Erststimmen,PDR,0,0.0
08426013,"Bad Buchau, Stadt",Zweitstimmen,PDR,3,0.11074197120708748
08426014,"Bad Schussenried, Stadt",Erststimmen,PDR,0,0.0
08426014,"Bad Schussenried, Stadt",Zweitstimmen,PDR,8,0.18336007334402935
08426020,Betzenweiler,Erststimmen,PDR,0,0.0
08426020,Betzenweiler,Zweitstimmen,PDR,0,0.0
08426021,"Biberach an der Riß, Stadt",Erststimmen,PDR,0,0.0
08426021,"Biberach an der Riß, Stadt",Zweitstimmen,PDR,25,0.153997782431933
08426028,Burgrieden,Erststimmen,PDR,0,0.0
08426028,Burgrieden,Zweitstimmen,PDR,4,0.17152658662092624
08426035,Dürmentingen,Erststimmen,PDR,0,0.0
08426035,Dürmentingen,Zweitstimmen,PDR,3,0.20270270270270271
08426036,Dürnau,Erststimmen,PDR,0,0.0
08426036,Dürnau,Zweitstimmen,PDR,0,0.0
08426038,Eberhardzell,Erststimmen,PDR,0,0.0
08426038,Eberhardzell,Zweitstimmen,PDR,8,0.29795158286778395
08426043,Erlenmoos,Erststimmen,PDR,0,0.0
08426043,Erlenmoos,Zweitstimmen,PDR,2,0.186219739292365
08426045,Ertingen,Erststimmen,PDR,0,0.0
08426045,Ertingen,Zweitstimmen,PDR,3,0.09865175928970733
08426058,Hochdorf,Erststimmen,PDR,0,0.0
08426058,Hochdorf,Zweitstimmen,PDR,3,0.2070393374741201
08426062,Ingoldingen,Erststimmen,PDR,0,0.0
08426062,Ingoldingen,Zweitstimmen,PDR,2,0.10598834128245893
08426064,Kanzach,Erststimmen,PDR,0,0.0
08426064,Kanzach,Zweitstimmen,PDR,0,0.0
08426067,Langenenslingen,Erststimmen,PDR,0,0.0
08426067,Langenenslingen,Zweitstimmen,PDR,4,0.1941747572815534
08426070,"Laupheim, Stadt",Erststimmen,PDR,0,0.0
08426070,"Laupheim, Stadt",Zweitstimmen,PDR,27,0.2428931270241094
08426071,Maselheim,Erststimmen,PDR,0,0.0
08426071,Maselheim,Zweitstimmen,PDR,6,0.22770398481973433
08426073,Mietingen,Erststimmen,PDR,0,0.0
08426073,Mietingen,Zweitstimmen,PDR,4,0.1381692573402418
08426074,Mittelbiberach,Erststimmen,PDR,0,0.0
08426074,Mittelbiberach,Zweitstimmen,PDR,6,0.23148148148148145
08426078,Moosburg,Erststimmen,PDR,0,0.0
08426078,Moosburg,Zweitstimmen,PDR,0,0.0
08426087,"Ochsenhausen, Stadt",Erststimmen,PDR,0,0.0
08426087,"Ochsenhausen, Stadt",Zweitstimmen,PDR,6,0.13207131851199647
08426090,Oggelshausen,Erststimmen,PDR,0,0.0
08426090,Oggelshausen,Zweitstimmen,PDR,0,0.0
08426097,"Riedlingen, Stadt",Erststimmen,PDR,0,0.0
08426097,"Riedlingen, Stadt",Zweitstimmen,PDR,9,0.17003589646703193
08426108,Schwendi,Erststimmen,PDR,0,0.0
08426108,Schwendi,Zweitstimmen,PDR,11,0.29435375970029437
08426109,Seekirch,Erststimmen,PDR,0,0.0
08426109,Seekirch,Zweitstimmen,PDR,0,0.0
08426113,Steinhausen an der Rottum,Erststimmen,PDR,0,0.0
08426113,Steinhausen an der Rottum,Zweitstimmen,PDR,1,0.07468259895444362
08426118,Tiefenbach,Erststimmen,PDR,0,0.0
08426118,Tiefenbach,Zweitstimmen,PDR,0,0.0
08426120,Ummendorf,Erststimmen,PDR,0,0.0
08426120,Ummendorf,Zweitstimmen,PDR,3,0.11723329425556857
08426121,Unlingen,Erststimmen,PDR,0,0.0
08426121,Unlingen,Zweitstimmen,PDR,2,0.1349527665317139
08426124,Uttenweiler,Erststimmen,PDR,0,0.0
08426124,Uttenweiler,Zweitstimmen,PDR,3,0.1323918799646955
08426125,Wain,Erststimmen,PDR,0,0.0
08426125,Wain,Zweitstimmen,PDR,1,0.11337868480725624
08426128,Warthausen,Erststimmen,PDR,0,0.0
08426128,Warthausen,Zweitstimmen,PDR,3,0.10377032168799724
08426134,Schemmerhofen,Erststimmen,PDR,0,0.0
08426134,Schemmerhofen,Zweitstimmen,PDR,8,0.15710919088766695
08426135,Gutenzell-Hürbel,Erststimmen,PDR,0,0.0
08426135,Gutenzell-Hürbel,Zweitstimmen,PDR,3,0.2590673575129534
08435005,Bermatingen,Erststimmen,PDR,0,0.0
08435005,Bermatingen,Zweitstimmen,PDR,6,0.26064291920069504
08435010,Daisendorf,Erststimmen,PDR,0,0.0
08435010,Daisendorf,Zweitstimmen,PDR,3,0.3271537622682661
08435013,Eriskirch,Erststimmen,PDR,0,0.0
08435013,Eriskirch,Zweitstimmen,PDR,5,0.19409937888198758
08435015,Frickingen,Erststimmen,PDR,0,0.0
08435015,Frickingen,Zweitstimmen,PDR,3,0.1607717041800643
08435016,"Friedrichshafen, Stadt",Erststimmen,PDR,0,0.0
08435016,"Friedrichshafen, Stadt",Zweitstimmen,PDR,40,0.15335071308081583
08435018,Hagnau am Bodensee,Erststimmen,PDR,0,0.0
08435018,Hagnau am Bodensee,Zweitstimmen,PDR,2,0.2403846153846154
08435020,Heiligenberg,Erststimmen,PDR,0,0.0
08435020,Heiligenberg,Zweitstimmen,PDR,4,0.2352941176470588
08435024,Immenstaad am Bodensee,Erststimmen,PDR,0,0.0
08435024,Immenstaad am Bodensee,Zweitstimmen,PDR,8,0.22896393817973668
08435029,Kressbronn am Bodensee,Erststimmen,PDR,0,0.0
08435029,Kressbronn am Bodensee,Zweitstimmen,PDR,7,0.1468736886277801
08435030,Langenargen,Erststimmen,PDR,0,0.0
08435030,Langenargen,Zweitstimmen,PDR,10,0.22168033695411216
08435034,"Markdorf, Stadt",Erststimmen,PDR,0,0.0
08435034,"Markdorf, Stadt",Zweitstimmen,PDR,13,0.17682263329706202
08435036,"Meersburg, Stadt",Erststimmen,PDR,0,0.0
08435036,"Meersburg, Stadt",Zweitstimmen,PDR,6,0.19821605550049554
08435045,Oberteuringen,Erststimmen,PDR,0,0.0
08435045,Oberteuringen,Zweitstimmen,PDR,2,0.0741839762611276
08435047,Owingen,Erststimmen,PDR,0,0.0
08435047,Owingen,Zweitstimmen,PDR,2,0.08077544426494346
08435052,Salem,Erststimmen,PDR,0,0.0
08435052,Salem,Zweitstimmen,PDR,12,0.17862459065197975
08435053,Sipplingen,Erststimmen,PDR,0,0.0
08435053,Sipplingen,Zweitstimmen,PDR,6,0.495458298926507
08435054,Stetten,Erststimmen,PDR,0,0.0
08435054,Stetten,Zweitstimmen,PDR,0,0.0
08435059,"Überlingen, Stadt",Erststimmen,PDR,0,0.0
08435059,"Überlingen, Stadt",Zweitstimmen,PDR,17,0.13957307060755336
08435066,Uhldingen-Mühlhofen,Erststimmen,PDR,0,0.0
08435066,Uhldingen-Mühlhofen,Zweitstimmen,PDR,7,0.1638960430812456
08435067,Deggenhausertal,Erststimmen,PDR,0,0.0
08435067,Deggenhausertal,Zweitstimmen,PDR,6,0.23410066328521262
08437005,Beuron,Erststimmen,PDR,0,0.0
08437005,Beuron,Zweitstimmen,PDR,1,0.25380710659898476
08437008,Bingen,Erststimmen,PDR,0,0.0
08437008,Bingen,Zweitstimmen,PDR,0,0.0
08437031,"Gammertingen, Stadt",Erststimmen,PDR,0,0.0
08437031,"Gammertingen, Stadt",Zweitstimmen,PDR,6,0.19011406844106463
08437044,Herbertingen,Erststimmen,PDR,0,0.0
08437044,Herbertingen,Zweitstimmen,PDR,13,0.4872563718140929
08437047,"Hettingen, Stadt",Erststimmen,PDR,0,0.0
08437047,"Hettingen, Stadt",Zweitstimmen,PDR,3,0.25295109612141653
08437053,Hohentengen,Erststimmen,PDR,0,0.0
08437053,Hohentengen,Zweitstimmen,PDR,4,0.16233766233766234
08437056,Illmensee,Erststimmen,PDR,0,0.0
08437056,Illmensee,Zweitstimmen,PDR,1,0.08084074373484236
08437059,Inzigkofen,Erststimmen,PDR,0,0.0
08437059,Inzigkofen,Zweitstimmen,PDR,3,0.17261219792865362
08437065,Krauchenwies,Erststimmen,PDR,0,0.0
08437065,Krauchenwies,Zweitstimmen,PDR,2,0.07407407407407407
08437072,Leibertingen,Erststimmen,PDR,0,0.0
08437072,Leibertingen,Zweitstimmen,PDR,5,0.34843205574912894
08437076,"Mengen, Stadt",Erststimmen,PDR,0,0.0
08437076,"Mengen, Stadt",Zweitstimmen,PDR,8,0.16260162601626016
08437078,"Meßkirch, Stadt",Erststimmen,PDR,0,0.0
08437078,"Meßkirch, Stadt",Zweitstimmen,PDR,7,0.16940948693126814
08437082,Neufra,Erststimmen,PDR,0,0.0
08437082,Neufra,Zweitstimmen,PDR,1,0.09652509652509653
08437086,Ostrach,Erststimmen,PDR,0,0.0
08437086,Ostrach,Zweitstimmen,PDR,5,0.12909888974954814
08437088,"Pfullendorf, Stadt",Erststimmen,PDR,0,0.0
08437088,"Pfullendorf, Stadt",Zweitstimmen,PDR,11,0.19311797752808987
08437100,"Bad Saulgau, Stadt",Erststimmen,PDR,0,0.0
08437100,"Bad Saulgau, Stadt",Zweitstimmen,PDR,19,0.21578648495173194
08437101,"Scheer, Stadt",Erststimmen,PDR,0,0.0
08437101,"Scheer, Stadt",Zweitstimmen,PDR,4,0.3127443315089914
08437102,Schwenningen,Erststimmen,PDR,0,0.0
08437102,Schwenningen,Zweitstimmen,PDR,4,0.3972194637537239
08437104,"Sigmaringen, Stadt",Erststimmen,PDR,0,0.0
08437104,"Sigmaringen, Stadt",Zweitstimmen,PDR,22,0.2863464792398802
08437105,Sigmaringendorf,Erststimmen,PDR,0,0.0
08437105,Sigmaringendorf,Zweitstimmen,PDR,6,0.3059663437021928
08437107,Stetten am kalten Markt,Erststimmen,PDR,0,0.0
08437107,Stetten am kalten Markt,Zweitstimmen,PDR,11,0.40219378427787933
08437114,"Veringenstadt, Stadt",Erststimmen,PDR,0,0.0
08437114,"Veringenstadt, Stadt",Zweitstimmen,PDR,3,0.2566295979469632
08437118,Wald,Erststimmen,PDR,0,0.0
08437118,Wald,Zweitstimmen,PDR,0,0.0
08437123,Sauldorf,Erststimmen,PDR,0,0.0
08437123,Sauldorf,Zweitstimmen,PDR,3,0.18796992481203006
08437124,Herdwangen-Schönach,Erststimmen,PDR,0,0.0
08437124,Herdwangen-Schönach,Zweitstimmen,PDR,7,0.3643935450286309
08426001,Achstetten,Erststimmen,PIRATEN,13,0.43933761405880367
08426001,Achstetten,Zweitstimmen,PIRATEN,0,0.0
08426005,Alleshausen,Erststimmen,PIRATEN,1,0.3472222222222222
08426005,Alleshausen,Zweitstimmen,PIRATEN,0,0.0
08426006,Allmannsweiler,Erststimmen,PIRATEN,0,0.0
08426006,Allmannsweiler,Zweitstimmen,PIRATEN,0,0.0
08426008,Altheim,Erststimmen,PIRATEN,2,0.15600624024961
08426008,Altheim,Zweitstimmen,PIRATEN,0,0.0
08426011,Attenweiler,Erststimmen,PIRATEN,5,0.4108463434675432
08426011,Attenweiler,Zweitstimmen,PIRATEN,0,0.0
08426013,"Bad Buchau, Stadt",Erststimmen,PIRATEN,17,0.6315007429420505
08426013,"Bad Buchau, Stadt",Zweitstimmen,PIRATEN,0,0.0
08426014,"Bad Schussenried, Stadt",Erststimmen,PIRATEN,18,0.41265474552957354
08426014,"Bad Schussenried, Stadt",Zweitstimmen,PIRATEN,0,0.0
08426020,Betzenweiler,Erststimmen,PIRATEN,0,0.0
08426020,Betzenweiler,Zweitstimmen,PIRATEN,0,0.0
08426021,"Biberach an der Riß, Stadt",Erststimmen,PIRATEN,59,0.3637260341532581
08426021,"Biberach an der Riß, Stadt",Zweitstimmen,PIRATEN,0,0.0
08426028,Burgrieden,Erststimmen,PIRATEN,2,0.08605851979345956
08426028,Burgrieden,Zweitstimmen,PIRATEN,0,0.0
08426035,Dürmentingen,Erststimmen,PIRATEN,6,0.40431266846361186
08426035,Dürmentingen,Zweitstimmen,PIRATEN,0,0.0
08426036,Dürnau,Erststimmen,PIRATEN,0,0.0
08426036,Dürnau,Zweitstimmen,PIRATEN,0,0.0
08426038,Eberhardzell,Erststimmen,PIRATEN,10,0.37160906726124115
08426038,Eberhardzell,Zweitstimmen,PIRATEN,0,0.0
08426043,Erlenmoos,Erststimmen,PIRATEN,3,0.2788104089219331
08426043,Erlenmoos,Zweitstimmen,PIRATEN,0,0.0
08426045,Ertingen,Erststimmen,PIRATEN,10,0.3284072249589491
08426045,Ertingen,Zweitstimmen,PIRATEN,0,0.0
08426058,Hochdorf,Erststimmen,PIRATEN,5,0.34458993797381116
08426058,Hochdorf,Zweitstimmen,PIRATEN,0,0.0
08426062,Ingoldingen,Erststimmen,PIRATEN,5,0.2649708532061473
08426062,Ingoldingen,Zweitstimmen,PIRATEN,0,0.0
08426064,Kanzach,Erststimmen,PIRATEN,4,1.6326530612244898
08426064,Kanzach,Zweitstimmen,PIRATEN,0,0.0
08426067,Langenenslingen,Erststimmen,PIRATEN,8,0.38929440389294406
08426067,Langenenslingen,Zweitstimmen,PIRATEN,0,0.0
08426070,"Laupheim, Stadt",Erststimmen,PIRATEN,45,0.405295865982167
08426070,"Laupheim, Stadt",Zweitstimmen,PIRATEN,0,0.0
08426071,Maselheim,Erststimmen,PIRATEN,7,0.26555386949924126
08426071,Maselheim,Zweitstimmen,PIRATEN,0,0.0
08426073,Mietingen,Erststimmen,PIRATEN,5,0.17271157167530224
08426073,Mietingen,Zweitstimmen,PIRATEN,0,0.0
08426074,Mittelbiberach,Erststimmen,PIRATEN,8,0.30971738288811457
08426074,Mittelbiberach,Zweitstimmen,PIRATEN,0,0.0
08426078,Moosburg,Erststimmen,PIRATEN,0,0.0
08426078,Moosburg,Zweitstimmen,PIRATEN,0,0.0
08426087,"Ochsenhausen, Stadt",Erststimmen,PIRATEN,17,0.37502757555702626
08426087,"Ochsenhausen, Stadt",Zweitstimmen,PIRATEN,0,0.0
08426090,Oggelshausen,Erststimmen,PIRATEN,0,0.0
08426090,Oggelshausen,Zweitstimmen,PIRATEN,0,0.0
08426097,"Riedlingen, Stadt",Erststimmen,PIRATEN,19,0.3585582185317984
08426097,"Riedlingen, Stadt",Zweitstimmen,PIRATEN,0,0.0
08426108,Schwendi,Erststimmen,PIRATEN,13,0.34796573875802994
08426108,Schwendi,Zweitstimmen,PIRATEN,0,0.0
08426109,Seekirch,Erststimmen,PIRATEN,0,0.0
08426109,Seekirch,Zweitstimmen,PIRATEN,0,0.0
08426113,Steinhausen an der Rottum,Erststimmen,PIRATEN,4,0.2991772625280479
08426113,Steinhausen an der Rottum,Zweitstimmen,PIRATEN,0,0.0
08426118,Tiefenbach,Erststimmen,PIRATEN,1,0.4524886877828055
08426118,Tiefenbach,Zweitstimmen,PIRATEN,0,0.0
08426120,Ummendorf,Erststimmen,PIRATEN,5,0.1954652071931196
08426120,Ummendorf,Zweitstimmen,PIRATEN,0,0.0
08426121,Unlingen,Erststimmen,PIRATEN,6,0.40650406504065045
08426121,Unlingen,Zweitstimmen,PIRATEN,0,0.0
08426124,Uttenweiler,Erststimmen,PIRATEN,3,0.13233348037053375
08426124,Uttenweiler,Zweitstimmen,PIRATEN,0,0.0
08426125,Wain,Erststimmen,PIRATEN,9,1.0250569476082005
08426125,Wain,Zweitstimmen,PIRATEN,0,0.0
08426128,Warthausen,Erststimmen,PIRATEN,12,0.41450777202072536
08426128,Warthausen,Zweitstimmen,PIRATEN,0,0.0
08426134,Schemmerhofen,Erststimmen,PIRATEN,10,0.1966955153422502
08426134,Schemmerhofen,Zweitstimmen,PIRATEN,0,0.0
08426135,Gutenzell-Hürbel,Erststimmen,PIRATEN,6,0.5185825410544511
08426135,Gutenzell-Hürbel,Zweitstimmen,PIRATEN,0,0.0
08121000,"Heilbronn, Universitätsstadt",Erststimmen,PdF,0,0.0
08121000,"Heilbronn, Universitätsstadt",Zweitstimmen,PdF,28,0.06187708558926875
08125030,Flein,Erststimmen,PdF,0,0.0
08125030,Flein,Zweitstimmen,PdF,2,0.048638132295719845
08125058,"Leingarten, Stadt",Erststimmen,PdF,0,0.0
08125058,"Leingarten, Stadt",Zweitstimmen,PdF,2,0.03446493193175943
08125074,Nordheim,Erststimmen,PdF,0,0.0
08125074,Nordheim,Zweitstimmen,PdF,2,0.04401408450704226
08125094,Talheim,Erststimmen,PdF,0,0.0
08125094,Talheim,Zweitstimmen,PdF,4,0.13951866062085805
08126011,Bretzfeld,Erststimmen,PdF,0,0.0
08126011,Bretzfeld,Zweitstimmen,PdF,4,0.05864242779651077
08126020,Dörzbach,Erststimmen,PdF,0,0.0
08126020,Dörzbach,Zweitstimmen,PdF,2,0.141643059490085
08126028,"Forchtenberg, Stadt",Erststimmen,PdF,0,0.0
08126028,"Forchtenberg, Stadt",Zweitstimmen,PdF,2,0.0718132854578097
08126039,"Ingelfingen, Stadt",Erststimmen,PdF,0,0.0
08126039,"Ingelfingen, Stadt",Zweitstimmen,PdF,1,0.03334444814938312
08126045,"Krautheim, Stadt",Erststimmen,PdF,0,0.0
08126045,"Krautheim, Stadt",Zweitstimmen,PdF,0,0.0
08126046,"Künzelsau, Stadt",Erststimmen,PdF,0,0.0
08126046,"Künzelsau, Stadt",Zweitstimmen,PdF,10,0.14104372355430184
08126047,Kupferzell,Erststimmen,PdF,0,0.0
08126047,Kupferzell,Zweitstimmen,PdF,0,0.0
08126056,Mulfingen,Erststimmen,PdF,0,0.0
08126056,Mulfingen,Zweitstimmen,PdF,1,0.04338394793926247
08126058,"Neuenstein, Stadt",Erststimmen,PdF,0,0.0
08126058,"Neuenstein, Stadt",Zweitstimmen,PdF,0,0.0
08126060,"Niedernhall, Stadt",Erststimmen,PdF,0,0.0
08126060,"Niedernhall, Stadt",Zweitstimmen,PdF,1,0.050505050505050504
08126066,"Öhringen, Stadt",Erststimmen,PdF,0,0.0
08126066,"Öhringen, Stadt",Zweitstimmen,PdF,4,0.03477958438396661
08126069,Pfedelbach,Erststimmen,PdF,0,0.0
08126069,Pfedelbach,Zweitstimmen,PdF,1,0.02002002002002002
08126072,Schöntal,Erststimmen,PdF,0,0.0
08126072,Schöntal,Zweitstimmen,PdF,2,0.057421762848119444
08126085,"Waldenburg, Stadt",Erststimmen,PdF,0,0.0
08126085,"Waldenburg, Stadt",Zweitstimmen,PdF,2,0.12406947890818859
08126086,Weißbach,Erststimmen,PdF,0,0.0
08126086,Weißbach,Zweitstimmen,PdF,2,0.23837902264600713
08126094,Zweiflingen,Erststimmen,PdF,0,0.0
08126094,Zweiflingen,Zweitstimmen,PdF,0,0.0
08127008,Blaufelden,Erststimmen,PdF,0,0.0
08127008,Blaufelden,Zweitstimmen,PdF,1,0.03636363636363636
08127009,Braunsbach,Erststimmen,PdF,0,0.0
08127009,Braunsbach,Zweitstimmen,PdF,1,0.06609385327164573
08127012,Bühlertann,Erststimmen,PdF,0,0.0
08127012,Bühlertann,Zweitstimmen,PdF,0,0.0
08127013,Bühlerzell,Erststimmen,PdF,0,0.0
08127013,Bühlerzell,Zweitstimmen,PdF,0,0.0
08127014,"Crailsheim, Stadt",Erststimmen,PdF,0,0.0
08127014,"Crailsheim, Stadt",Zweitstimmen,PdF,5,0.03871767074492798
08127023,Fichtenberg,Erststimmen,PdF,0,0.0
08127023,Fichtenberg,Zweitstimmen,PdF,1,0.06165228113440197
08127025,"Gaildorf, Stadt",Erststimmen,PdF,0,0.0
08127025,"Gaildorf, Stadt",Zweitstimmen,PdF,3,0.05789270551910459
08127032,"Gerabronn, Stadt",Erststimmen,PdF,0,0.0
08127032,"Gerabronn, Stadt",Zweitstimmen,PdF,2,0.0970873786407767
08127043,"Ilshofen, Stadt",Erststimmen,PdF,0,0.0
08127043,"Ilshofen, Stadt",Zweitstimmen,PdF,1,0.02966478789676654
08127046,"Kirchberg an der Jagst, Stadt",Erststimmen,PdF,0,0.0
08127046,"Kirchberg an der Jagst, Stadt",Zweitstimmen,PdF,0,0.0
08127047,"Langenburg, Stadt",Erststimmen,PdF,0,0.0
08127047,"Langenburg, Stadt",Zweitstimmen,PdF,2,0.19821605550049554
08127052,Mainhardt,Erststimmen,PdF,0,0.0
08127052,Mainhardt,Zweitstimmen,PdF,3,0.09296560272699102
08127056,Michelbach an der Bilz,Erststimmen,PdF,0,0.0
08127056,Michelbach an der Bilz,Zweitstimmen,PdF,1,0.049701789264413515
08127059,Michelfeld,Erststimmen,PdF,0,0.0
08127059,Michelfeld,Zweitstimmen,PdF,1,0.0463821892393321
08127062,Oberrot,Erststimmen,PdF,0,0.0
08127062,Oberrot,Zweitstimmen,PdF,3,0.16741071428571427
08127063,Obersontheim,Erststimmen,PdF,0,0.0
08127063,Obersontheim,Zweitstimmen,PdF,0,0.0
08127071,Rot am See,Erststimmen,PdF,0,0.0
08127071,Rot am See,Zweitstimmen,PdF,4,0.1350438892640108
08127073,Satteldorf,Erststimmen,PdF,0,0.0
08127073,Satteldorf,Zweitstimmen,PdF,5,0.17458100558659218
08127075,"Schrozberg, Stadt",Erststimmen,PdF,0,0.0
08127075,"Schrozberg, Stadt",Zweitstimmen,PdF,2,0.06971070059254096
08127076,"Schwäbisch Hall, Stadt",Erststimmen,PdF,0,0.0
08127076,"Schwäbisch Hall, Stadt",Zweitstimmen,PdF,15,0.07412532120972525
08127079,Sulzbach-Laufen,Erststimmen,PdF,0,0.0
08127079,Sulzbach-Laufen,Zweitstimmen,PdF,0,0.0
08127086,Untermünkheim,Erststimmen,PdF,0,0.0
08127086,Untermünkheim,Zweitstimmen,PdF,0,0.0
08127089,"Vellberg, Stadt",Erststimmen,PdF,0,0.0
08127089,"Vellberg, Stadt",Zweitstimmen,PdF,2,0.0779423226812159
08127091,Wallhausen,Erststimmen,PdF,0,0.0
08127091,Wallhausen,Zweitstimmen,PdF,1,0.05333333333333334
08127099,Wolpertshausen,Erststimmen,PdF,0,0.0
08127099,Wolpertshausen,Zweitstimmen,PdF,2,0.16380016380016382
08127100,Rosengarten,Erststimmen,PdF,0,0.0
08127100,Rosengarten,Zweitstimmen,PdF,1,0.034411562284927734
08127101,Kreßberg,Erststimmen,PdF,0,0.0
08127101,Kreßberg,Zweitstimmen,PdF,0,0.0
08127102,Fichtenau,Erststimmen,PdF,0,0.0
08127102,Fichtenau,Zweitstimmen,PdF,0,0.0
08127103,Frankenhardt,Erststimmen,PdF,0,0.0
08127103,Frankenhardt,Zweitstimmen,PdF,1,0.03556187766714083
08127104,Stimpfach,Erststimmen,PdF,0,0.0
08127104,Stimpfach,Zweitstimmen,PdF,4,0.23937761819269898
08128006,Assamstadt,Erststimmen,PdF,0,0.0
08128006,Assamstadt,Zweitstimmen,PdF,2,0.14705882352941177
08128007,"Bad Mergentheim, Stadt",Erststimmen,PdF,0,0.0
08128007,"Bad Mergentheim, Stadt",Zweitstimmen,PdF,4,0.035539760106619286
08128014,"Boxberg, Stadt",Erststimmen,PdF,0,0.0
08128014,"Boxberg, Stadt",Zweitstimmen,PdF,3,0.07845188284518828
08128020,"Creglingen, Stadt",Erststimmen,PdF,0,0.0
08128020,"Creglingen, Stadt",Zweitstimmen,PdF,2,0.0746268656716418
08128039,"Freudenberg, Stadt",Erststimmen,PdF,0,0.0
08128039,"Freudenberg, Stadt",Zweitstimmen,PdF,0,0.0
08128045,Großrinderfeld,Erststimmen,PdF,0,0.0
08128045,Großrinderfeld,Zweitstimmen,PdF,3,0.1266357112705783
08128047,"Grünsfeld, Stadt",Erststimmen,PdF,0,0.0
08128047,"Grünsfeld, Stadt",Zweitstimmen,PdF,1,0.04631773969430292
08128058,Igersheim,Erststimmen,PdF,0,0.0
08128058,Igersheim,Zweitstimmen,PdF,4,0.13016596160104132
08128061,Königheim,Erststimmen,PdF,0,0.0
08128061,Königheim,Zweitstimmen,PdF,1,0.05271481286241434
08128064,"Külsheim, Stadt",Erststimmen,PdF,0,0.0
08128064,"Külsheim, Stadt",Zweitstimmen,PdF,3,0.09810333551340746
08128082,"Niederstetten, Stadt",Erststimmen,PdF,0,0.0
08128082,"Niederstetten, Stadt",Zweitstimmen,PdF,6,0.19887305270135897
08128115,"Tauberbischofsheim, Stadt",Erststimmen,PdF,0,0.0
08128115,"Tauberbischofsheim, Stadt",Zweitstimmen,PdF,7,0.10342789598108747
08128126,"Weikersheim, Stadt",Erststimmen,PdF,0,0.0
08128126,"Weikersheim, Stadt",Zweitstimmen,PdF,3,0.0670690811535882
08128128,Werbach,Erststimmen,PdF,0,0.0
08128128,Werbach,Zweitstimmen,PdF,1,0.05159958720330237
08128131,"Wertheim, Stadt",Erststimmen,PdF,0,0.0
08128131,"Wertheim, Stadt",Zweitstimmen,PdF,7,0.06565372350403302
08128137,Wittighausen,Erststimmen,PdF,0,0.0
08128137,Wittighausen,Zweitstimmen,PdF,3,0.29732408325074333
08128138,Ahorn,Erststimmen,PdF,0,0.0
08128138,Ahorn,Zweitstimmen,PdF,1,0.07032348804500703
08128139,"Lauda-Königshofen, Stadt",Erststimmen,PdF,0,0.0
08128139,"Lauda-Königshofen, Stadt",Zweitstimmen,PdF,2,0.027063599458728015
08135010,Dischingen,Erststimmen,PdF,0,0.0
08135010,Dischingen,Zweitstimmen,PdF,2,0.08067769261799113
08135015,Gerstetten,Erststimmen,PdF,0,0.0
08135015,Gerstetten,Zweitstimmen,PdF,4,0.06335128286347799
08135016,"Giengen an der Brenz, Stadt",Erststimmen,PdF,0,0.0
08135016,"Giengen an der Brenz, Stadt",Zweitstimmen,PdF,5,0.06466632177961718
08135019,"Heidenheim an der Brenz, Stadt",Erststimmen,PdF,0,0.0
08135019,"Heidenheim an der Brenz, Stadt",Zweitstimmen,PdF,15,0.08010253123998719
08135020,"Herbrechtingen, Stadt",Erststimmen,PdF,0,0.0
08135020,"Herbrechtingen, Stadt",Zweitstimmen,PdF,8,0.12313375404032631
08135021,Hermaringen,Erststimmen,PdF,0,0.0
08135021,Hermaringen,Zweitstimmen,PdF,0,0.0
08135025,Königsbronn,Erststimmen,PdF,0,0.0
08135025,Königsbronn,Zweitstimmen,PdF,3,0.0788229111928534
08135026,Nattheim,Erststimmen,PdF,0,0.0
08135026,Nattheim,Zweitstimmen,PdF,0,0.0
08135027,"Niederstotzingen, Stadt",Erststimmen,PdF,0,0.0
08135027,"Niederstotzingen, Stadt",Zweitstimmen,PdF,2,0.07864726700747149
08135031,Sontheim an der Brenz,Erststimmen,PdF,0,0.0
08135031,Sontheim an der Brenz,Zweitstimmen,PdF,3,0.0955718381650207
08135032,Steinheim am Albuch,Erststimmen,PdF,0,0.0
08135032,Steinheim am Albuch,Zweitstimmen,PdF,7,0.15112262521588948
08216002,Au am Rhein,Erststimmen,PdF,0,0.0
08216002,Au am Rhein,Zweitstimmen,PdF,0,0.0
08216005,Bietigheim,Erststimmen,PdF,0,0.0
08216005,Bietigheim,Zweitstimmen,PdF,5,0.1464986815118664
08216006,Bischweier,Erststimmen,PdF,0,0.0
08216006,Bischweier,Zweitstimmen,PdF,1,0.05770340450086555
08216009,Durmersheim,Erststimmen,PdF,0,0.0
08216009,Durmersheim,Zweitstimmen,PdF,18,0.3051881993896236
08216012,Elchesheim-Illingen,Erststimmen,PdF,0,0.0
08216012,Elchesheim-Illingen,Zweitstimmen,PdF,2,0.11210762331838565
08216013,Forbach,Erststimmen,PdF,0,0.0
08216013,Forbach,Zweitstimmen,PdF,2,0.08329862557267806
08216015,"Gaggenau, Stadt",Erststimmen,PdF,0,0.0
08216015,"Gaggenau, Stadt",Zweitstimmen,PdF,7,0.050093029912695
08216017,"Gernsbach, Stadt",Erststimmen,PdF,0,0.0
08216017,"Gernsbach, Stadt",Zweitstimmen,PdF,5,0.0715000715000715
08216023,Iffezheim,Erststimmen,PdF,0,0.0
08216023,Iffezheim,Zweitstimmen,PdF,2,0.07535795026375283
08216024,"Kuppenheim, Stadt",Erststimmen,PdF,0,0.0
08216024,"Kuppenheim, Stadt",Zweitstimmen,PdF,2,0.04675081813931744
08216029,Loffenau,Erststimmen,PdF,0,0.0
08216029,Loffenau,Zweitstimmen,PdF,0,0.0
08216033,Muggensturm,Erststimmen,PdF,0,0.0
08216033,Muggensturm,Zweitstimmen,PdF,1,0.030845157310302282
08216039,Ötigheim,Erststimmen,PdF,0,0.0
08216039,Ötigheim,Zweitstimmen,PdF,0,0.0
08216043,"Rastatt, Stadt",Erststimmen,PdF,0,0.0
08216043,"Rastatt, Stadt",Zweitstimmen,PdF,16,0.08765682353585712
08216052,Steinmauern,Erststimmen,PdF,0,0.0
08216052,Steinmauern,Zweitstimmen,PdF,2,0.12106537530266344
08216059,Weisenbach,Erststimmen,PdF,0,0.0
08216059,Weisenbach,Zweitstimmen,PdF,2,0.15735641227380015
08231000,"Pforzheim, Stadt",Erststimmen,PdF,0,0.0
08231000,"Pforzheim, Stadt",Zweitstimmen,PdF,28,0.06900800985828712
08235006,"Altensteig, Stadt",Erststimmen,PdF,0,0.0
08235006,"Altensteig, Stadt",Zweitstimmen,PdF,3,0.06147540983606558
08235007,Althengstett,Erststimmen,PdF,0,0.0
08235007,Althengstett,Zweitstimmen,PdF,2,0.04363953742090334
08235008,"Bad Liebenzell, Stadt",Erststimmen,PdF,0,0.0
08235008,"Bad Liebenzell, Stadt",Zweitstimmen,PdF,3,0.06199628022318661
08235018,Dobel,Erststimmen,PdF,0,0.0
08235018,Dobel,Zweitstimmen,PdF,0,0.0
08235020,Ebhausen,Erststimmen,PdF,0,0.0
08235020,Ebhausen,Zweitstimmen,PdF,1,0.04144218814753419
08235022,Egenhausen,Erststimmen,PdF,0,0.0
08235022,Egenhausen,Zweitstimmen,PdF,0,0.0
08235025,Enzklösterle,Erststimmen,PdF,0,0.0
08235025,Enzklösterle,Zweitstimmen,PdF,0,0.0
08235029,Gechingen,Erststimmen,PdF,0,0.0
08235029,Gechingen,Zweitstimmen,PdF,0,0.0
08235032,"Haiterbach, Stadt",Erststimmen,PdF,0,0.0
08235032,"Haiterbach, Stadt",Zweitstimmen,PdF,0,0.0
08235033,"Bad Herrenalb, Stadt",Erststimmen,PdF,0,0.0
08235033,"Bad Herrenalb, Stadt",Zweitstimmen,PdF,1,0.02663115845539281
08235035,Höfen an der Enz,Erststimmen,PdF,0,0.0
08235035,Höfen an der Enz,Zweitstimmen,PdF,0,0.0
08235046,"Nagold, Stadt",Erststimmen,PdF,0,0.0
08235046,"Nagold, Stadt",Zweitstimmen,PdF,2,0.01884481296523132
08235047,"Neubulach, Stadt",Erststimmen,PdF,0,0.0
08235047,"Neubulach, Stadt",Zweitstimmen,PdF,2,0.06049606775559589
08235050,Neuweiler,Erststimmen,PdF,0,0.0
08235050,Neuweiler,Zweitstimmen,PdF,0,0.0
08235055,Oberreichenbach,Erststimmen,PdF,0,0.0
08235055,Oberreichenbach,Zweitstimmen,PdF,1,0.05353319057815846
08235057,Ostelsheim,Erststimmen,PdF,0,0.0
08235057,Ostelsheim,Zweitstimmen,PdF,1,0.06963788300835655
08235060,Rohrdorf,Erststimmen,PdF,0,0.0
08235060,Rohrdorf,Zweitstimmen,PdF,0,0.0
08235065,Schömberg,Erststimmen,PdF,0,0.0
08235065,Schömberg,Zweitstimmen,PdF,2,0.0541858574911948
08235066,Simmersfeld,Erststimmen,PdF,0,0.0
08235066,Simmersfeld,Zweitstimmen,PdF,0,0.0
08235067,Simmozheim,Erststimmen,PdF,0,0.0
08235067,Simmozheim,Zweitstimmen,PdF,2,0.12399256044637322
08235073,Unterreichenbach,Erststimmen,PdF,0,0.0
08235073,Unterreichenbach,Zweitstimmen,PdF,1,0.08779631255487269
08235079,"Bad Wildbad, Stadt",Erststimmen,PdF,0,0.0
08235079,"Bad Wildbad, Stadt",Zweitstimmen,PdF,0,0.0
08235080,"Wildberg, Stadt",Erststimmen,PdF,0,0.0
08235080,"Wildberg, Stadt",Zweitstimmen,PdF,3,0.05374417771408098
08235084,"Bad Teinach-Zavelstein, Stadt",Erststimmen,PdF,0,0.0
08235084,"Bad Teinach-Zavelstein, Stadt",Zweitstimmen,PdF,1,0.056593095642331635
08235085,"Calw, Stadt",Erststimmen,PdF,0,0.0
08235085,"Calw, Stadt",Zweitstimmen,PdF,6,0.05654509471303364
08236004,Birkenfeld,Erststimmen,PdF,0,0.0
08236004,Birkenfeld,Zweitstimmen,PdF,1,0.01973164956590371
08236011,Eisingen,Erststimmen,PdF,0,0.0
08236011,Eisingen,Zweitstimmen,PdF,3,0.12728044123886295
08236013,Engelsbrand,Erststimmen,PdF,0,0.0
08236013,Engelsbrand,Zweitstimmen,PdF,1,0.04091653027823241
08236019,Friolzheim,Erststimmen,PdF,0,0.0
08236019,Friolzheim,Zweitstimmen,PdF,2,0.09505703422053231
08236025,"Heimsheim, Stadt",Erststimmen,PdF,0,0.0
08236025,"Heimsheim, Stadt",Zweitstimmen,PdF,4,0.15037593984962408
08236028,Illingen,Erststimmen,PdF,0,0.0
08236028,Illingen,Zweitstimmen,PdF,2,0.05002501250625312
08236030,Ispringen,Erststimmen,PdF,0,0.0
08236030,Ispringen,Zweitstimmen,PdF,2,0.07122507122507123
08236031,Kieselbronn,Erststimmen,PdF,0,0.0
08236031,Kieselbronn,Zweitstimmen,PdF,0,0.0
08236033,"Knittlingen, Stadt",Erststimmen,PdF,0,0.0
08236033,"Knittlingen, Stadt",Zweitstimmen,PdF,1,0.025157232704402514
08236038,"Maulbronn, Stadt",Erststimmen,PdF,0,0.0
08236038,"Maulbronn, Stadt",Zweitstimmen,PdF,3,0.09165902841429881
08236039,Mönsheim,Erststimmen,PdF,0,0.0
08236039,Mönsheim,Zweitstimmen,PdF,2,0.12658227848101267
08236040,"Mühlacker, Stadt",Erststimmen,PdF,0,0.0
08236040,"Mühlacker, Stadt",Zweitstimmen,PdF,4,0.03715745471435206
08236043,"Neuenbürg, Stadt",Erststimmen,PdF,0,0.0
08236043,"Neuenbürg, Stadt",Zweitstimmen,PdF,5,0.13550135501355012
08236044,Neuhausen,Erststimmen,PdF,0,0.0
08236044,Neuhausen,Zweitstimmen,PdF,4,0.13114754098360656
08236046,Niefern-Öschelbronn,Erststimmen,PdF,0,0.0
08236046,Niefern-Öschelbronn,Zweitstimmen,PdF,6,0.10735373054213634
08236050,Ötisheim,Erststimmen,PdF,0,0.0
08236050,Ötisheim,Zweitstimmen,PdF,2,0.07864726700747149
08236061,Sternenfels,Erststimmen,PdF,0,0.0
08236061,Sternenfels,Zweitstimmen,PdF,0,0.0
08236062,Tiefenbronn,Erststimmen,PdF,0,0.0
08236062,Tiefenbronn,Zweitstimmen,PdF,4,0.12433944668946223
08236065,Wiernsheim,Erststimmen,PdF,0,0.0
08236065,Wiernsheim,Zweitstimmen,PdF,3,0.07808433107756377
08236067,Wimsheim,Erststimmen,PdF,0,0.0
08236067,Wimsheim,Zweitstimmen,PdF,1,0.06142506142506143
08236068,Wurmberg,Erststimmen,PdF,0,0.0
08236068,Wurmberg,Zweitstimmen,PdF,1,0.06134969325153375
08236070,Keltern,Erststimmen,PdF,0,0.0
08236070,Keltern,Zweitstimmen,PdF,5,0.0951655881233346
08236071,Remchingen,Erststimmen,PdF,0,0.0
08236071,Remchingen,Zweitstimmen,PdF,5,0.0771485881808363
08236072,Straubenhardt,Erststimmen,PdF,0,0.0
08236072,Straubenhardt,Zweitstimmen,PdF,4,0.06513597134017261
08236073,Neulingen,Erststimmen,PdF,0,0.0
08236073,Neulingen,Zweitstimmen,PdF,2,0.05411255411255411
08236074,Kämpfelbach,Erststimmen,PdF,0,0.0
08236074,Kämpfelbach,Zweitstimmen,PdF,0,0.0
08236075,Ölbronn-Dürrn,Erststimmen,PdF,0,0.0
08236075,Ölbronn-Dürrn,Zweitstimmen,PdF,3,0.15306122448979592
08236076,Königsbach-Stein,Erststimmen,PdF,0,0.0
08236076,Königsbach-Stein,Zweitstimmen,PdF,7,0.12551551013089476
08237002,"Alpirsbach, Stadt",Erststimmen,PdF,0,0.0
08237002,"Alpirsbach, Stadt",Zweitstimmen,PdF,2,0.06445375443119562
08237004,Baiersbronn,Erststimmen,PdF,0,0.0
08237004,Baiersbronn,Zweitstimmen,PdF,2,0.026986911347996224
08237019,"Dornstetten, Stadt",Erststimmen,PdF,0,0.0
08237019,"Dornstetten, Stadt",Zweitstimmen,PdF,1,0.024685262898049863
08237024,Empfingen,Erststimmen,PdF,0,0.0
08237024,Empfingen,Zweitstimmen,PdF,0,0.0
08237027,Eutingen im Gäu,Erststimmen,PdF,0,0.0
08237027,Eutingen im Gäu,Zweitstimmen,PdF,1,0.029726516052318665
08237028,"Freudenstadt, Stadt",Erststimmen,PdF,0,0.0
08237028,"Freudenstadt, Stadt",Zweitstimmen,PdF,9,0.08335648791330925
08237030,Glatten,Erststimmen,PdF,0,0.0
08237030,Glatten,Zweitstimmen,PdF,0,0.0
08237032,Grömbach,Erststimmen,PdF,0,0.0
08237032,Grömbach,Zweitstimmen,PdF,1,0.37735849056603776
08237040,"Horb am Neckar, Stadt",Erststimmen,PdF,0,0.0
08237040,"Horb am Neckar, Stadt",Zweitstimmen,PdF,4,0.0319693094629156
08237045,Loßburg,Erststimmen,PdF,0,0.0
08237045,Loßburg,Zweitstimmen,PdF,2,0.044662795891022775
08237054,Pfalzgrafenweiler,Erststimmen,PdF,0,0.0
08237054,Pfalzgrafenweiler,Zweitstimmen,PdF,2,0.0546448087431694
08237061,Schopfloch,Erststimmen,PdF,0,0.0
08237061,Schopfloch,Zweitstimmen,PdF,1,0.06406149903907751
08237072,Wörnersberg,Erststimmen,PdF,0,0.0
08237072,Wörnersberg,Zweitstimmen,PdF,0,0.0
08237073,Seewald,Erststimmen,PdF,0,0.0
08237073,Seewald,Zweitstimmen,PdF,1,0.08460236886632826
08237074,Waldachtal,Erststimmen,PdF,0,0.0
08237074,Waldachtal,Zweitstimmen,PdF,2,0.06215040397762585
08237075,Bad Rippoldsau-Schapbach,Erststimmen,PdF,0,0.0
08237075,Bad Rippoldsau-Schapbach,Zweitstimmen,PdF,0,0.0
08316002,Bahlingen am Kaiserstuhl,Erststimmen,PdF,0,0.0
08316002,Bahlingen am Kaiserstuhl,Zweitstimmen,PdF,3,0.11569610489780179
08316003,Biederbach,Erststimmen,PdF,0,0.0
08316003,Biederbach,Zweitstimmen,PdF,1,0.09727626459143969
08316009,Denzlingen,Erststimmen,PdF,0,0.0
08316009,Denzlingen,Zweitstimmen,PdF,6,0.08151066431191414
08316010,"Elzach, Stadt",Erststimmen,PdF,0,0.0
08316010,"Elzach, Stadt",Zweitstimmen,PdF,2,0.04657661853749418
08316011,"Emmendingen, Stadt",Erststimmen,PdF,0,0.0
08316011,"Emmendingen, Stadt",Zweitstimmen,PdF,8,0.056818181818181816
08316012,"Endingen am Kaiserstuhl, Stadt",Erststimmen,PdF,0,0.0
08316012,"Endingen am Kaiserstuhl, Stadt",Zweitstimmen,PdF,5,0.08680555555555555
08316013,Forchheim,Erststimmen,PdF,0,0.0
08316013,Forchheim,Zweitstimmen,PdF,1,0.12091898428053204
08316014,Gutach im Breisgau,Erststimmen,PdF,0,0.0
08316014,Gutach im Breisgau,Zweitstimmen,PdF,1,0.03795066413662239
08316017,"Herbolzheim, Stadt",Erststimmen,PdF,0,0.0
08316017,"Herbolzheim, Stadt",Zweitstimmen,PdF,4,0.07582938388625592
08316020,"Kenzingen, Stadt",Erststimmen,PdF,0,0.0
08316020,"Kenzingen, Stadt",Zweitstimmen,PdF,6,0.10758472296933834
08316024,Malterdingen,Erststimmen,PdF,0,0.0
08316024,Malterdingen,Zweitstimmen,PdF,0,0.0
08316036,Reute,Erststimmen,PdF,0,0.0
08316036,Reute,Zweitstimmen,PdF,2,0.11494252873563218
08316037,Riegel am Kaiserstuhl,Erststimmen,PdF,0,0.0
08316037,Riegel am Kaiserstuhl,Zweitstimmen,PdF,0,0.0
08316038,Sasbach am Kaiserstuhl,Erststimmen,PdF,0,0.0
08316038,Sasbach am Kaiserstuhl,Zweitstimmen,PdF,17,0.8276533592989289
08316039,Sexau,Erststimmen,PdF,0,0.0
08316039,Sexau,Zweitstimmen,PdF,1,0.047393364928909956
08316042,Simonswald,Erststimmen,PdF,0,0.0
08316042,Simonswald,Zweitstimmen,PdF,1,0.0564334085778781
08316043,Teningen,Erststimmen,PdF,0,0.0
08316043,Teningen,Zweitstimmen,PdF,4,0.062266500622665005
08316045,Vörstetten,Erststimmen,PdF,0,0.0
08316045,Vörstetten,Zweitstimmen,PdF,0,0.0
08316049,Weisweil,Erststimmen,PdF,0,0.0
08316049,Weisweil,Zweitstimmen,PdF,2,0.16
08316051,Wyhl am Kaiserstuhl,Erststimmen,PdF,0,0.0
08316051,Wyhl am Kaiserstuhl,Zweitstimmen,PdF,2,0.0966183574879227
08316053,Rheinhausen im Breisgau,Erststimmen,PdF,0,0.0
08316053,Rheinhausen im Breisgau,Zweitstimmen,PdF,2,0.08802816901408451
08316054,Freiamt,Erststimmen,PdF,0,0.0
08316054,Freiamt,Zweitstimmen,PdF,1,0.039824771007566706
08316055,Winden im Elztal,Erststimmen,PdF,0,0.0
08316055,Winden im Elztal,Zweitstimmen,PdF,0,0.0
08316056,"Waldkirch, Stadt",Erststimmen,PdF,0,0.0
08316056,"Waldkirch, Stadt",Zweitstimmen,PdF,10,0.0886053517632465
08325001,Aichhalden,Erststimmen,PdF,0,0.0
08325001,Aichhalden,Zweitstimmen,PdF,0,0.0
08325009,Bösingen,Erststimmen,PdF,0,0.0
08325009,Bösingen,Zweitstimmen,PdF,2,0.09675858732462506
08325011,Dietingen,Erststimmen,PdF,0,0.0
08325011,Dietingen,Zweitstimmen,PdF,0,0.0
08325012,"Dornhan, Stadt",Erststimmen,PdF,0,0.0
08325012,"Dornhan, Stadt",Zweitstimmen,PdF,2,0.05575689991636465
08325014,Dunningen,Erststimmen,PdF,0,0.0
08325014,Dunningen,Zweitstimmen,PdF,7,0.18827326519634213
08325015,Epfendorf,Erststimmen,PdF,0,0.0
08325015,Epfendorf,Zweitstimmen,PdF,1,0.05534034311012728
08325024,Hardt,Erststimmen,PdF,0,0.0
08325024,Hardt,Zweitstimmen,PdF,0,0.0
08325036,Lauterbach,Erststimmen,PdF,0,0.0
08325036,Lauterbach,Zweitstimmen,PdF,1,0.06711409395973154
08325045,"Oberndorf am Neckar, Stadt",Erststimmen,PdF,0,0.0
08325045,"Oberndorf am Neckar, Stadt",Zweitstimmen,PdF,6,0.09366219169528567
08325049,"Rottweil, Stadt",Erststimmen,PdF,0,0.0
08325049,"Rottweil, Stadt",Zweitstimmen,PdF,11,0.0913090395949199
08325050,Schenkenzell,Erststimmen,PdF,0,0.0
08325050,Schenkenzell,Zweitstimmen,PdF,0,0.0
08325051,"Schiltach, Stadt",Erststimmen,PdF,0,0.0
08325051,"Schiltach, Stadt",Zweitstimmen,PdF,1,0.04940711462450593
08325053,"Schramberg, Stadt",Erststimmen,PdF,0,0.0
08325053,"Schramberg, Stadt",Zweitstimmen,PdF,5,0.053129316756986504
08325057,"Sulz am Neckar, Stadt",Erststimmen,PdF,0,0.0
08325057,"Sulz am Neckar, Stadt",Zweitstimmen,PdF,4,0.06471444750040446
08325060,Villingendorf,Erststimmen,PdF,0,0.0
08325060,Villingendorf,Zweitstimmen,PdF,1,0.05254860746190226
08325061,Vöhringen,Erststimmen,PdF,0,0.0
08325061,Vöhringen,Zweitstimmen,PdF,3,0.12738853503184713
08325064,Wellendingen,Erststimmen,PdF,0,0.0
08325064,Wellendingen,Zweitstimmen,PdF,1,0.06024096385542169
08325069,Zimmern ob Rottweil,Erststimmen,PdF,0,0.0
08325069,Zimmern ob Rottweil,Zweitstimmen,PdF,3,0.08968609865470852
08325070,Fluorn-Winzeln,Erststimmen,PdF,0,0.0
08325070,Fluorn-Winzeln,Zweitstimmen,PdF,0,0.0
08325071,Eschbronn,Erststimmen,PdF,0,0.0
08325071,Eschbronn,Zweitstimmen,PdF,0,0.0
08325072,Deißlingen,Erststimmen,PdF,0,0.0
08325072,Deißlingen,Zweitstimmen,PdF,6,0.18581604211830288
08326003,"Bad Dürrheim, Stadt",Erststimmen,PdF,0,0.0
08326003,"Bad Dürrheim, Stadt",Zweitstimmen,PdF,4,0.05875440658049354
08326005,"Blumberg, Stadt",Erststimmen,PdF,0,0.0
08326005,"Blumberg, Stadt",Zweitstimmen,PdF,0,0.0
08326006,"Bräunlingen, Stadt",Erststimmen,PdF,0,0.0
08326006,"Bräunlingen, Stadt",Zweitstimmen,PdF,1,0.03171582619727244
08326010,Dauchingen,Erststimmen,PdF,0,0.0
08326010,Dauchingen,Zweitstimmen,PdF,1,0.047664442326024785
08326012,"Donaueschingen, Stadt",Erststimmen,PdF,0,0.0
08326012,"Donaueschingen, Stadt",Zweitstimmen,PdF,10,0.09490367277213628
08326017,"Furtwangen im Schwarzwald, Stadt",Erststimmen,PdF,0,0.0
08326017,"Furtwangen im Schwarzwald, Stadt",Zweitstimmen,PdF,3,0.07515030060120241
08326020,Gütenbach,Erststimmen,PdF,0,0.0
08326020,Gütenbach,Zweitstimmen,PdF,0,0.0
08326027,"Hüfingen, Stadt",Erststimmen,PdF,0,0.0
08326027,"Hüfingen, Stadt",Zweitstimmen,PdF,3,0.07593014426727411
08326031,Königsfeld im Schwarzwald,Erststimmen,PdF,0,0.0
08326031,Königsfeld im Schwarzwald,Zweitstimmen,PdF,2,0.05665722379603399
08326037,Mönchweiler,Erststimmen,PdF,0,0.0
08326037,Mönchweiler,Zweitstimmen,PdF,1,0.060313630880579006
08326041,Niedereschach,Erststimmen,PdF,0,0.0
08326041,Niedereschach,Zweitstimmen,PdF,2,0.06007810153199159
08326052,"St. Georgen im Schwarzwald, Stadt",Erststimmen,PdF,0,0.0
08326052,"St. Georgen im Schwarzwald, Stadt",Zweitstimmen,PdF,9,0.14589074404279462
08326054,Schönwald im Schwarzwald,Erststimmen,PdF,0,0.0
08326054,Schönwald im Schwarzwald,Zweitstimmen,PdF,0,0.0
08326055,Schonach im Schwarzwald,Erststimmen,PdF,0,0.0
08326055,Schonach im Schwarzwald,Zweitstimmen,PdF,0,0.0
08326060,"Triberg im Schwarzwald, Stadt",Erststimmen,PdF,0,0.0
08326060,"Triberg im Schwarzwald, Stadt",Zweitstimmen,PdF,2,0.11173184357541899
08326061,Tuningen,Erststimmen,PdF,0,0.0
08326061,Tuningen,Zweitstimmen,PdF,2,0.12004801920768307
08326065,Unterkirnach,Erststimmen,PdF,0,0.0
08326065,Unterkirnach,Zweitstimmen,PdF,2,0.1593625498007968
08326068,"Vöhrenbach, Stadt",Erststimmen,PdF,0,0.0
08326068,"Vöhrenbach, Stadt",Zweitstimmen,PdF,0,0.0
08326074,"Villingen-Schwenningen, Stadt",Erststimmen,PdF,0,0.0
08326074,"Villingen-Schwenningen, Stadt",Zweitstimmen,PdF,23,0.06556442417331812
08326075,Brigachtal,Erststimmen,PdF,0,0.0
08326075,Brigachtal,Zweitstimmen,PdF,2,0.0682360968952576
08327002,Aldingen,Erststimmen,PdF,0,0.0
08327002,Aldingen,Zweitstimmen,PdF,4,0.12364760432766615
08327004,Bärenthal,Erststimmen,PdF,0,0.0
08327004,Bärenthal,Zweitstimmen,PdF,0,0.0
08327005,Balgheim,Erststimmen,PdF,0,0.0
08327005,Balgheim,Zweitstimmen,PdF,2,0.2840909090909091
08327006,Böttingen,Erststimmen,PdF,0,0.0
08327006,Böttingen,Zweitstimmen,PdF,0,0.0
08327007,Bubsheim,Erststimmen,PdF,0,0.0
08327007,Bubsheim,Zweitstimmen,PdF,2,0.36036036036036034
08327008,Buchheim,Erststimmen,PdF,0,0.0
08327008,Buchheim,Zweitstimmen,PdF,2,0.4424778761061947
08327009,Deilingen,Erststimmen,PdF,0,0.0
08327009,Deilingen,Zweitstimmen,PdF,1,0.1049317943336831
08327010,Denkingen,Erststimmen,PdF,0,0.0
08327010,Denkingen,Zweitstimmen,PdF,2,0.13513513513513514
08327011,Dürbheim,Erststimmen,PdF,0,0.0
08327011,Dürbheim,Zweitstimmen,PdF,0,0.0
08327012,Durchhausen,Erststimmen,PdF,0,0.0
08327012,Durchhausen,Zweitstimmen,PdF,2,0.3780718336483932
08327013,Egesheim,Erststimmen,PdF,0,0.0
08327013,Egesheim,Zweitstimmen,PdF,0,0.0
08327016,"Fridingen an der Donau, Stadt",Erststimmen,PdF,0,0.0
08327016,"Fridingen an der Donau, Stadt",Zweitstimmen,PdF,1,0.05970149253731343
08327017,Frittlingen,Erststimmen,PdF,0,0.0
08327017,Frittlingen,Zweitstimmen,PdF,1,0.09182736455463728
08327018,"Geisingen, Stadt",Erststimmen,PdF,0,0.0
08327018,"Geisingen, Stadt",Zweitstimmen,PdF,1,0.03323363243602526
08327019,Gosheim,Erststimmen,PdF,0,0.0
08327019,Gosheim,Zweitstimmen,PdF,0,0.0
08327020,Gunningen,Erststimmen,PdF,0,0.0
08327020,Gunningen,Zweitstimmen,PdF,0,0.0
08327023,Hausen ob Verena,Erststimmen,PdF,0,0.0
08327023,Hausen ob Verena,Zweitstimmen,PdF,0,0.0
08327025,Immendingen,Erststimmen,PdF,0,0.0
08327025,Immendingen,Zweitstimmen,PdF,1,0.032948929159802305
08327027,Irndorf,Erststimmen,PdF,0,0.0
08327027,Irndorf,Zweitstimmen,PdF,0,0.0
08327029,Königsheim,Erststimmen,PdF,0,0.0
08327029,Königsheim,Zweitstimmen,PdF,0,0.0
08327030,Kolbingen,Erststimmen,PdF,0,0.0
08327030,Kolbingen,Zweitstimmen,PdF,1,0.130718954248366
08327033,Mahlstetten,Erststimmen,PdF,0,0.0
08327033,Mahlstetten,Zweitstimmen,PdF,0,0.0
08327036,"Mühlheim an der Donau, Stadt",Erststimmen,PdF,0,0.0
08327036,"Mühlheim an der Donau, Stadt",Zweitstimmen,PdF,0,0.0
08327038,Neuhausen ob Eck,Erststimmen,PdF,0,0.0
08327038,Neuhausen ob Eck,Zweitstimmen,PdF,1,0.05197505197505198
08327040,Reichenbach am Heuberg,Erststimmen,PdF,0,0.0
08327040,Reichenbach am Heuberg,Zweitstimmen,PdF,0,0.0
08327041,Renquishausen,Erststimmen,PdF,0,0.0
08327041,Renquishausen,Zweitstimmen,PdF,2,0.39920159680638717
08327046,"Spaichingen, Stadt",Erststimmen,PdF,0,0.0
08327046,"Spaichingen, Stadt",Zweitstimmen,PdF,5,0.0864902266043937
08327048,Talheim,Erststimmen,PdF,0,0.0
08327048,Talheim,Zweitstimmen,PdF,0,0.0
08327049,"Trossingen, Stadt",Erststimmen,PdF,0,0.0
08327049,"Trossingen, Stadt",Zweitstimmen,PdF,5,0.07705347511172754
08327050,"Tuttlingen, Stadt",Erststimmen,PdF,0,0.0
08327050,"Tuttlingen, Stadt",Zweitstimmen,PdF,6,0.046139649338665024
08327051,Wehingen,Erststimmen,PdF,0,0.0
08327051,Wehingen,Zweitstimmen,PdF,2,0.12911555842479017
08327054,Wurmlingen,Erststimmen,PdF,0,0.0
08327054,Wurmlingen,Zweitstimmen,PdF,0,0.0
08327055,Seitingen-Oberflacht,Erststimmen,PdF,0,0.0
08327055,Seitingen-Oberflacht,Zweitstimmen,PdF,2,0.15267175572519084
08327056,Rietheim-Weilheim,Erststimmen,PdF,0,0.0
08327056,Rietheim-Weilheim,Zweitstimmen,PdF,0,0.0
08327057,Emmingen-Liptingen,Erststimmen,PdF,0,0.0
08327057,Emmingen-Liptingen,Zweitstimmen,PdF,1,0.03815337657382679
08336004,Aitern,Erststimmen,PdF,0,0.0
08336004,Aitern,Zweitstimmen,PdF,1,0.32573289902280134
08336006,Bad Bellingen,Erststimmen,PdF,0,0.0
08336006,Bad Bellingen,Zweitstimmen,PdF,2,0.09263547938860583
08336008,Binzen,Erststimmen,PdF,0,0.0
08336008,Binzen,Zweitstimmen,PdF,1,0.06082725060827251
08336010,Böllen,Erststimmen,PdF,0,0.0
08336010,Böllen,Zweitstimmen,PdF,0,0.0
08336014,Efringen-Kirchen,Erststimmen,PdF,0,0.0
08336014,Efringen-Kirchen,Zweitstimmen,PdF,6,0.12526096033402923
08336019,Eimeldingen,Erststimmen,PdF,0,0.0
08336019,Eimeldingen,Zweitstimmen,PdF,2,0.15479876160990713
08336024,Fischingen,Erststimmen,PdF,0,0.0
08336024,Fischingen,Zweitstimmen,PdF,1,0.23923444976076555
08336025,Fröhnd,Erststimmen,PdF,0,0.0
08336025,Fröhnd,Zweitstimmen,PdF,0,0.0
08336034,Hasel,Erststimmen,PdF,0,0.0
08336034,Hasel,Zweitstimmen,PdF,0,0.0
08336036,Hausen im Wiesental,Erststimmen,PdF,0,0.0
08336036,Hausen im Wiesental,Zweitstimmen,PdF,0,0.0
08336043,Inzlingen,Erststimmen,PdF,0,0.0
08336043,Inzlingen,Zweitstimmen,PdF,2,0.15026296018031557
08336050,"Lörrach, Stadt",Erststimmen,PdF,0,0.0
08336050,"Lörrach, Stadt",Zweitstimmen,PdF,20,0.0972715334857254
08336057,Maulburg,Erststimmen,PdF,0,0.0
08336057,Maulburg,Zweitstimmen,PdF,2,0.0997506234413965
08336069,"Rheinfelden (Baden), Stadt",Erststimmen,PdF,0,0.0
08336069,"Rheinfelden (Baden), Stadt",Zweitstimmen,PdF,19,0.13929618768328447
08336073,Rümmingen,Erststimmen,PdF,0,0.0
08336073,Rümmingen,Zweitstimmen,PdF,0,0.0
08336075,Schallbach,Erststimmen,PdF,0,0.0
08336075,Schallbach,Zweitstimmen,PdF,0,0.0
08336079,"Schönau im Schwarzwald, Stadt",Erststimmen,PdF,0,0.0
08336079,"Schönau im Schwarzwald, Stadt",Zweitstimmen,PdF,0,0.0
08336080,Schönenberg,Erststimmen,PdF,0,0.0
08336080,Schönenberg,Zweitstimmen,PdF,0,0.0
08336081,"Schopfheim, Stadt",Erststimmen,PdF,0,0.0
08336081,"Schopfheim, Stadt",Zweitstimmen,PdF,8,0.08520609223559485
08336082,Schwörstadt,Erststimmen,PdF,0,0.0
08336082,Schwörstadt,Zweitstimmen,PdF,2,0.1697792869269949
08336084,Steinen,Erststimmen,PdF,0,0.0
08336084,Steinen,Zweitstimmen,PdF,3,0.05622188905547226
08336087,"Todtnau, Stadt",Erststimmen,PdF,0,0.0
08336087,"Todtnau, Stadt",Zweitstimmen,PdF,0,0.0
08336089,Tunau,Erststimmen,PdF,0,0.0
08336089,Tunau,Zweitstimmen,PdF,0,0.0
08336090,Utzenfeld,Erststimmen,PdF,0,0.0
08336090,Utzenfeld,Zweitstimmen,PdF,0,0.0
08336091,"Weil am Rhein, Stadt",Erststimmen,PdF,0,0.0
08336091,"Weil am Rhein, Stadt",Zweitstimmen,PdF,9,0.07667405009371273
08336094,Wembach,Erststimmen,PdF,0,0.0
08336094,Wembach,Zweitstimmen,PdF,0,0.0
08336096,Wieden,Erststimmen,PdF,0,0.0
08336096,Wieden,Zweitstimmen,PdF,0,0.0
08336100,Wittlingen,Erststimmen,PdF,0,0.0
08336100,Wittlingen,Zweitstimmen,PdF,0,0.0
08336103,"Zell im Wiesental, Stadt",Erststimmen,PdF,0,0.0
08336103,"Zell im Wiesental, Stadt",Zweitstimmen,PdF,3,0.11876484560570072
08336105,Grenzach-Wyhlen,Erststimmen,PdF,0,0.0
08336105,Grenzach-Wyhlen,Zweitstimmen,PdF,3,0.04866969500324465
08336106,Häg-Ehrsberg,Erststimmen,PdF,0,0.0
08336106,Häg-Ehrsberg,Zweitstimmen,PdF,0,0.0
08336107,Kleines Wiesental,Erststimmen,PdF,0,0.0
08336107,Kleines Wiesental,Zweitstimmen,PdF,0,0.0
08337002,Albbruck,Erststimmen,PdF,0,0.0
08337002,Albbruck,Zweitstimmen,PdF,2,0.05373455131649651
08337030,Dettighofen,Erststimmen,PdF,0,0.0
08337030,Dettighofen,Zweitstimmen,PdF,1,0.17574692442882248
08337032,Dogern,Erststimmen,PdF,0,0.0
08337032,Dogern,Zweitstimmen,PdF,0,0.0
08337038,Görwihl,Erststimmen,PdF,0,0.0
08337038,Görwihl,Zweitstimmen,PdF,1,0.04164931278633903
08337049,Herrischried,Erststimmen,PdF,0,0.0
08337049,Herrischried,Zweitstimmen,PdF,3,0.22172949002217296
08337053,Hohentengen am Hochrhein,Erststimmen,PdF,0,0.0
08337053,Hohentengen am Hochrhein,Zweitstimmen,PdF,0,0.0
08337060,Jestetten,Erststimmen,PdF,0,0.0
08337060,Jestetten,Zweitstimmen,PdF,7,0.33589251439539347
08337062,Klettgau,Erststimmen,PdF,0,0.0
08337062,Klettgau,Zweitstimmen,PdF,5,0.1371742112482853
08337065,Lauchringen,Erststimmen,PdF,0,0.0
08337065,Lauchringen,Zweitstimmen,PdF,2,0.053748992206396125
08337066,"Laufenburg (Baden), Stadt",Erststimmen,PdF,0,0.0
08337066,"Laufenburg (Baden), Stadt",Zweitstimmen,PdF,7,0.18741633199464525
08337070,Lottstetten,Erststimmen,PdF,0,0.0
08337070,Lottstetten,Zweitstimmen,PdF,4,0.44493882091212456
08337076,Murg,Erststimmen,PdF,0,0.0
08337076,Murg,Zweitstimmen,PdF,3,0.09395552771688068
08337090,Rickenbach,Erststimmen,PdF,0,0.0
08337090,Rickenbach,Zweitstimmen,PdF,0,0.0
08337096,"Bad Säckingen, Stadt",Erststimmen,PdF,0,0.0
08337096,"Bad Säckingen, Stadt",Zweitstimmen,PdF,6,0.08369368112707491
08337106,"Stühlingen, Stadt",Erststimmen,PdF,0,0.0
08337106,"Stühlingen, Stadt",Zweitstimmen,PdF,2,0.07015082427218519
08337116,"Wehr, Stadt",Erststimmen,PdF,0,0.0
08337116,"Wehr, Stadt",Zweitstimmen,PdF,4,0.07359705611775529
08337118,Weilheim,Erststimmen,PdF,0,0.0
08337118,Weilheim,Zweitstimmen,PdF,1,0.05184033177812338
08337123,Wutöschingen,Erststimmen,PdF,0,0.0
08337123,Wutöschingen,Zweitstimmen,PdF,2,0.06305170239596469
08337124,Eggingen,Erststimmen,PdF,0,0.0
08337124,Eggingen,Zweitstimmen,PdF,2,0.21436227224008575
08337125,Küssaberg,Erststimmen,PdF,0,0.0
08337125,Küssaberg,Zweitstimmen,PdF,3,0.1058574453069866
08337126,"Waldshut-Tiengen, Stadt",Erststimmen,PdF,0,0.0
08337126,"Waldshut-Tiengen, Stadt",Zweitstimmen,PdF,6,0.06313795643481006
08416006,Bodelshausen,Erststimmen,PdF,0,0.0
08416006,Bodelshausen,Zweitstimmen,PdF,0,0.0
08416009,Dettenhausen,Erststimmen,PdF,0,0.0
08416009,Dettenhausen,Zweitstimmen,PdF,4,0.12539184952978058
08416018,Hirrlingen,Erststimmen,PdF,0,0.0
08416018,Hirrlingen,Zweitstimmen,PdF,0,0.0
08416025,"Mössingen, Stadt",Erststimmen,PdF,0,0.0
08416025,"Mössingen, Stadt",Zweitstimmen,PdF,8,0.07631403224267863
08416031,Ofterdingen,Erststimmen,PdF,0,0.0
08416031,Ofterdingen,Zweitstimmen,PdF,0,0.0
08416036,"Rottenburg am Neckar, Stadt",Erststimmen,PdF,0,0.0
08416036,"Rottenburg am Neckar, Stadt",Zweitstimmen,PdF,18,0.07821666014861164
08416041,"Tübingen, Universitätsstadt",Erststimmen,PdF,0,0.0
08416041,"Tübingen, Universitätsstadt",Zweitstimmen,PdF,34,0.06595922168118416
08416048,Ammerbuch,Erststimmen,PdF,0,0.0
08416048,Ammerbuch,Zweitstimmen,PdF,6,0.08937881722031879
08416049,Neustetten,Erststimmen,PdF,0,0.0
08416049,Neustetten,Zweitstimmen,PdF,2,0.09380863039399624
08416050,Starzach,Erststimmen,PdF,0,0.0
08416050,Starzach,Zweitstimmen,PdF,2,0.0774593338497289
08417002,"Balingen, Stadt",Erststimmen,PdF,0,0.0
08417002,"Balingen, Stadt",Zweitstimmen,PdF,9,0.0512616050578117
08417008,Bisingen,Erststimmen,PdF,0,0.0
08417008,Bisingen,Zweitstimmen,PdF,3,0.060753341433778855
08417010,Bitz,Erststimmen,PdF,0,0.0
08417010,Bitz,Zweitstimmen,PdF,4,0.19733596447952642
08417014,Dautmergen,Erststimmen,PdF,0,0.0
08417014,Dautmergen,Zweitstimmen,PdF,0,0.0
08417015,Dormettingen,Erststimmen,PdF,0,0.0
08417015,Dormettingen,Zweitstimmen,PdF,0,0.0
08417016,Dotternhausen,Erststimmen,PdF,0,0.0
08417016,Dotternhausen,Zweitstimmen,PdF,1,0.09328358208955223
08417022,"Geislingen, Stadt",Erststimmen,PdF,0,0.0
08417022,"Geislingen, Stadt",Zweitstimmen,PdF,0,0.0
08417023,Grosselfingen,Erststimmen,PdF,0,0.0
08417023,Grosselfingen,Zweitstimmen,PdF,1,0.08795074758135445
08417025,"Haigerloch, Stadt",Erststimmen,PdF,0,0.0
08417025,"Haigerloch, Stadt",Zweitstimmen,PdF,2,0.03511852502194908
08417029,Hausen am Tann,Erststimmen,PdF,0,0.0
08417029,Hausen am Tann,Zweitstimmen,PdF,0,0.0
08417044,"Meßstetten, Stadt",Erststimmen,PdF,0,0.0
08417044,"Meßstetten, Stadt",Zweitstimmen,PdF,2,0.036081544290095614
08417045,Nusplingen,Erststimmen,PdF,0,0.0
08417045,Nusplingen,Zweitstimmen,PdF,1,0.1002004008016032
08417047,Obernheim,Erststimmen,PdF,0,0.0
08417047,Obernheim,Zweitstimmen,PdF,2,0.23391812865497078
08417051,Rangendingen,Erststimmen,PdF,0,0.0
08417051,Rangendingen,Zweitstimmen,PdF,4,0.13971358714635
08417052,Ratshausen,Erststimmen,PdF,0,0.0
08417052,Ratshausen,Zweitstimmen,PdF,1,0.22123893805309736
08417054,"Rosenfeld, Stadt",Erststimmen,PdF,0,0.0
08417054,"Rosenfeld, Stadt",Zweitstimmen,PdF,2,0.05737234652897303
08417057,"Schömberg, Stadt",Erststimmen,PdF,0,0.0
08417057,"Schömberg, Stadt",Zweitstimmen,PdF,1,0.045351473922902494
08417063,Straßberg,Erststimmen,PdF,0,0.0
08417063,Straßberg,Zweitstimmen,PdF,0,0.0
08417071,Weilen unter den Rinnen,Erststimmen,PdF,0,0.0
08417071,Weilen unter den Rinnen,Zweitstimmen,PdF,0,0.0
08417075,Winterlingen,Erststimmen,PdF,0,0.0
08417075,Winterlingen,Zweitstimmen,PdF,5,0.15006002400960386
08417078,Zimmern unter der Burg,Erststimmen,PdF,0,0.0
08417078,Zimmern unter der Burg,Zweitstimmen,PdF,0,0.0
08417079,"Albstadt, Stadt",Erststimmen,PdF,0,0.0
08417079,"Albstadt, Stadt",Zweitstimmen,PdF,12,0.06379246185742385
08425002,Allmendingen,Erststimmen,PdF,0,0.0
08425002,Allmendingen,Zweitstimmen,PdF,0,0.0
08425004,Altheim,Erststimmen,PdF,0,0.0
08425004,Altheim,Zweitstimmen,PdF,0,0.0
08425005,Altheim (Alb),Erststimmen,PdF,0,0.0
08425005,Altheim (Alb),Zweitstimmen,PdF,0,0.0
08425008,Amstetten,Erststimmen,PdF,0,0.0
08425008,Amstetten,Zweitstimmen,PdF,2,0.09066183136899365
08425011,Asselfingen,Erststimmen,PdF,0,0.0
08425011,Asselfingen,Zweitstimmen,PdF,1,0.18867924528301888
08425013,Ballendorf,Erststimmen,PdF,0,0.0
08425013,Ballendorf,Zweitstimmen,PdF,0,0.0
08425014,Beimerstetten,Erststimmen,PdF,0,0.0
08425014,Beimerstetten,Zweitstimmen,PdF,1,0.0706713780918728
08425017,Berghülen,Erststimmen,PdF,0,0.0
08425017,Berghülen,Zweitstimmen,PdF,3,0.24410089503661514
08425019,Bernstadt,Erststimmen,PdF,0,0.0
08425019,Bernstadt,Zweitstimmen,PdF,1,0.07246376811594203
08425020,"Blaubeuren, Stadt",Erststimmen,PdF,0,0.0
08425020,"Blaubeuren, Stadt",Zweitstimmen,PdF,8,0.13271400132714
08425022,Börslingen,Erststimmen,PdF,0,0.0
08425022,Börslingen,Zweitstimmen,PdF,0,0.0
08425024,Breitingen,Erststimmen,PdF,0,0.0
08425024,Breitingen,Zweitstimmen,PdF,0,0.0
08425031,Dornstadt,Erststimmen,PdF,0,0.0
08425031,Dornstadt,Zweitstimmen,PdF,7,0.1432078559738134
08425033,"Ehingen (Donau), Stadt",Erststimmen,PdF,0,0.0
08425033,"Ehingen (Donau), Stadt",Zweitstimmen,PdF,2,0.015478678120888476
08425035,Emeringen,Erststimmen,PdF,0,0.0
08425035,Emeringen,Zweitstimmen,PdF,0,0.0
08425036,Emerkingen,Erststimmen,PdF,0,0.0
08425036,Emerkingen,Zweitstimmen,PdF,0,0.0
08425050,Griesingen,Erststimmen,PdF,0,0.0
08425050,Griesingen,Zweitstimmen,PdF,0,0.0
08425052,Grundsheim,Erststimmen,PdF,0,0.0
08425052,Grundsheim,Zweitstimmen,PdF,1,0.7633587786259541
08425055,Hausen am Bussen,Erststimmen,PdF,0,0.0
08425055,Hausen am Bussen,Zweitstimmen,PdF,1,0.7042253521126761
08425062,Holzkirch,Erststimmen,PdF,0,0.0
08425062,Holzkirch,Zweitstimmen,PdF,0,0.0
08425071,"Laichingen, Stadt",Erststimmen,PdF,0,0.0
08425071,"Laichingen, Stadt",Zweitstimmen,PdF,1,0.016923337282112032
08425072,"Langenau, Stadt",Erststimmen,PdF,0,0.0
08425072,"Langenau, Stadt",Zweitstimmen,PdF,10,0.12370113805047006
08425073,Lauterach,Erststimmen,PdF,0,0.0
08425073,Lauterach,Zweitstimmen,PdF,0,0.0
08425075,Lonsee,Erststimmen,PdF,0,0.0
08425075,Lonsee,Zweitstimmen,PdF,3,0.10799136069114472
08425079,Merklingen,Erststimmen,PdF,0,0.0
08425079,Merklingen,Zweitstimmen,PdF,1,0.0831255195344971
08425081,"Munderkingen, Stadt",Erststimmen,PdF,0,0.0
08425081,"Munderkingen, Stadt",Zweitstimmen,PdF,0,0.0
08425083,Neenstetten,Erststimmen,PdF,0,0.0
08425083,Neenstetten,Zweitstimmen,PdF,0,0.0
08425084,Nellingen,Erststimmen,PdF,0,0.0
08425084,Nellingen,Zweitstimmen,PdF,1,0.07680491551459294
08425085,Nerenstetten,Erststimmen,PdF,0,0.0
08425085,Nerenstetten,Zweitstimmen,PdF,0,0.0
08425088,Oberdischingen,Erststimmen,PdF,0,0.0
08425088,Oberdischingen,Zweitstimmen,PdF,0,0.0
08425090,Obermarchtal,Erststimmen,PdF,0,0.0
08425090,Obermarchtal,Zweitstimmen,PdF,0,0.0
08425091,Oberstadion,Erststimmen,PdF,0,0.0
08425091,Oberstadion,Zweitstimmen,PdF,1,0.09871668311944717
08425092,Öllingen,Erststimmen,PdF,0,0.0
08425092,Öllingen,Zweitstimmen,PdF,0,0.0
08425093,Öpfingen,Erststimmen,PdF,0,0.0
08425093,Öpfingen,Zweitstimmen,PdF,1,0.07936507936507936
08425097,Rammingen,Erststimmen,PdF,0,0.0
08425097,Rammingen,Zweitstimmen,PdF,0,0.0
08425098,Rechtenstein,Erststimmen,PdF,0,0.0
08425098,Rechtenstein,Zweitstimmen,PdF,0,0.0
08425104,Rottenacker,Erststimmen,PdF,0,0.0
08425104,Rottenacker,Zweitstimmen,PdF,1,0.08196721311475409
08425108,"Schelklingen, Stadt",Erststimmen,PdF,0,0.0
08425108,"Schelklingen, Stadt",Zweitstimmen,PdF,1,0.02931691586045148
08425112,Setzingen,Erststimmen,PdF,0,0.0
08425112,Setzingen,Zweitstimmen,PdF,0,0.0
08425123,Untermarchtal,Erststimmen,PdF,0,0.0
08425123,Untermarchtal,Zweitstimmen,PdF,0,0.0
08425124,Unterstadion,Erststimmen,PdF,0,0.0
08425124,Unterstadion,Zweitstimmen,PdF,0,0.0
08425125,Unterwachingen,Erststimmen,PdF,0,0.0
08425125,Unterwachingen,Zweitstimmen,PdF,0,0.0
08425130,Weidenstetten,Erststimmen,PdF,0,0.0
08425130,Weidenstetten,Zweitstimmen,PdF,0,0.0
08425134,Westerheim,Erststimmen,PdF,0,0.0
08425134,Westerheim,Zweitstimmen,PdF,1,0.05341880341880342
08425135,Westerstetten,Erststimmen,PdF,0,0.0
08425135,Westerstetten,Zweitstimmen,PdF,1,0.07530120481927711
08425139,Heroldstatt,Erststimmen,PdF,0,0.0
08425139,Heroldstatt,Zweitstimmen,PdF,1,0.05780346820809249
08426001,Achstetten,Erststimmen,PdF,0,0.0
08426001,Achstetten,Zweitstimmen,PdF,2,0.06770480704129993
08426005,Alleshausen,Erststimmen,PdF,0,0.0
08426005,Alleshausen,Zweitstimmen,PdF,0,0.0
08426006,Allmannsweiler,Erststimmen,PdF,0,0.0
08426006,Allmannsweiler,Zweitstimmen,PdF,0,0.0
08426008,Altheim,Erststimmen,PdF,0,0.0
08426008,Altheim,Zweitstimmen,PdF,0,0.0
08426011,Attenweiler,Erststimmen,PdF,0,0.0
08426011,Attenweiler,Zweitstimmen,PdF,1,0.08203445447087777
08426013,"Bad Buchau, Stadt",Erststimmen,PdF,0,0.0
08426013,"Bad Buchau, Stadt",Zweitstimmen,PdF,6,0.22148394241417496
08426014,"Bad Schussenried, Stadt",Erststimmen,PdF,0,0.0
08426014,"Bad Schussenried, Stadt",Zweitstimmen,PdF,1,0.022920009168003668
08426020,Betzenweiler,Erststimmen,PdF,0,0.0
08426020,Betzenweiler,Zweitstimmen,PdF,0,0.0
08426021,"Biberach an der Riß, Stadt",Erststimmen,PdF,0,0.0
08426021,"Biberach an der Riß, Stadt",Zweitstimmen,PdF,13,0.08007884686460515
08426028,Burgrieden,Erststimmen,PdF,0,0.0
08426028,Burgrieden,Zweitstimmen,PdF,2,0.08576329331046312
08426035,Dürmentingen,Erststimmen,PdF,0,0.0
08426035,Dürmentingen,Zweitstimmen,PdF,1,0.06756756756756757
08426036,Dürnau,Erststimmen,PdF,0,0.0
08426036,Dürnau,Zweitstimmen,PdF,0,0.0
08426038,Eberhardzell,Erststimmen,PdF,0,0.0
08426038,Eberhardzell,Zweitstimmen,PdF,2,0.07448789571694599
08426043,Erlenmoos,Erststimmen,PdF,0,0.0
08426043,Erlenmoos,Zweitstimmen,PdF,2,0.186219739292365
08426045,Ertingen,Erststimmen,PdF,0,0.0
08426045,Ertingen,Zweitstimmen,PdF,2,0.06576783952647156
08426058,Hochdorf,Erststimmen,PdF,0,0.0
08426058,Hochdorf,Zweitstimmen,PdF,1,0.06901311249137336
08426062,Ingoldingen,Erststimmen,PdF,0,0.0
08426062,Ingoldingen,Zweitstimmen,PdF,0,0.0
08426064,Kanzach,Erststimmen,PdF,0,0.0
08426064,Kanzach,Zweitstimmen,PdF,0,0.0
08426067,Langenenslingen,Erststimmen,PdF,0,0.0
08426067,Langenenslingen,Zweitstimmen,PdF,2,0.0970873786407767
08426070,"Laupheim, Stadt",Erststimmen,PdF,0,0.0
08426070,"Laupheim, Stadt",Zweitstimmen,PdF,6,0.05397625044980209
08426071,Maselheim,Erststimmen,PdF,0,0.0
08426071,Maselheim,Zweitstimmen,PdF,3,0.11385199240986717
08426073,Mietingen,Erststimmen,PdF,0,0.0
08426073,Mietingen,Zweitstimmen,PdF,3,0.10362694300518134
08426074,Mittelbiberach,Erststimmen,PdF,0,0.0
08426074,Mittelbiberach,Zweitstimmen,PdF,2,0.07716049382716049
08426078,Moosburg,Erststimmen,PdF,0,0.0
08426078,Moosburg,Zweitstimmen,PdF,0,0.0
08426087,"Ochsenhausen, Stadt",Erststimmen,PdF,0,0.0
08426087,"Ochsenhausen, Stadt",Zweitstimmen,PdF,6,0.13207131851199647
08426090,Oggelshausen,Erststimmen,PdF,0,0.0
08426090,Oggelshausen,Zweitstimmen,PdF,0,0.0
08426097,"Riedlingen, Stadt",Erststimmen,PdF,0,0.0
08426097,"Riedlingen, Stadt",Zweitstimmen,PdF,0,0.0
08426108,Schwendi,Erststimmen,PdF,0,0.0
08426108,Schwendi,Zweitstimmen,PdF,0,0.0
08426109,Seekirch,Erststimmen,PdF,0,0.0
08426109,Seekirch,Zweitstimmen,PdF,0,0.0
08426113,Steinhausen an der Rottum,Erststimmen,PdF,0,0.0
08426113,Steinhausen an der Rottum,Zweitstimmen,PdF,0,0.0
08426118,Tiefenbach,Erststimmen,PdF,0,0.0
08426118,Tiefenbach,Zweitstimmen,PdF,0,0.0
08426120,Ummendorf,Erststimmen,PdF,0,0.0
08426120,Ummendorf,Zweitstimmen,PdF,3,0.11723329425556857
08426121,Unlingen,Erststimmen,PdF,0,0.0
08426121,Unlingen,Zweitstimmen,PdF,1,0.06747638326585695
08426124,Uttenweiler,Erststimmen,PdF,0,0.0
08426124,Uttenweiler,Zweitstimmen,PdF,1,0.0441306266548985
08426125,Wain,Erststimmen,PdF,0,0.0
08426125,Wain,Zweitstimmen,PdF,0,0.0
08426128,Warthausen,Erststimmen,PdF,0,0.0
08426128,Warthausen,Zweitstimmen,PdF,3,0.10377032168799724
08426134,Schemmerhofen,Erststimmen,PdF,0,0.0
08426134,Schemmerhofen,Zweitstimmen,PdF,7,0.13747054202670855
08426135,Gutenzell-Hürbel,Erststimmen,PdF,0,0.0
08426135,Gutenzell-Hürbel,Zweitstimmen,PdF,2,0.17271157167530224
08435005,Bermatingen,Erststimmen,PdF,0,0.0
08435005,Bermatingen,Zweitstimmen,PdF,1,0.043440486533449174
08435010,Daisendorf,Erststimmen,PdF,0,0.0
08435010,Daisendorf,Zweitstimmen,PdF,2,0.21810250817884408
08435013,Eriskirch,Erststimmen,PdF,0,0.0
08435013,Eriskirch,Zweitstimmen,PdF,2,0.07763975155279502
08435015,Frickingen,Erststimmen,PdF,0,0.0
08435015,Frickingen,Zweitstimmen,PdF,1,0.05359056806002144
08435016,"Friedrichshafen, Stadt",Erststimmen,PdF,0,0.0
08435016,"Friedrichshafen, Stadt",Zweitstimmen,PdF,17,0.06517405305934672
08435018,Hagnau am Bodensee,Erststimmen,PdF,0,0.0
08435018,Hagnau am Bodensee,Zweitstimmen,PdF,1,0.1201923076923077
08435020,Heiligenberg,Erststimmen,PdF,0,0.0
08435020,Heiligenberg,Zweitstimmen,PdF,0,0.0
08435024,Immenstaad am Bodensee,Erststimmen,PdF,0,0.0
08435024,Immenstaad am Bodensee,Zweitstimmen,PdF,7,0.20034344590726963
08435029,Kressbronn am Bodensee,Erststimmen,PdF,0,0.0
08435029,Kressbronn am Bodensee,Zweitstimmen,PdF,4,0.0839278220730172
08435030,Langenargen,Erststimmen,PdF,0,0.0
08435030,Langenargen,Zweitstimmen,PdF,3,0.06650410108623366
08435034,"Markdorf, Stadt",Erststimmen,PdF,0,0.0
08435034,"Markdorf, Stadt",Zweitstimmen,PdF,7,0.09521218715995648
08435036,"Meersburg, Stadt",Erststimmen,PdF,0,0.0
08435036,"Meersburg, Stadt",Zweitstimmen,PdF,2,0.06607201850016517
08435045,Oberteuringen,Erststimmen,PdF,0,0.0
08435045,Oberteuringen,Zweitstimmen,PdF,0,0.0
08435047,Owingen,Erststimmen,PdF,0,0.0
08435047,Owingen,Zweitstimmen,PdF,3,0.12116316639741519
08435052,Salem,Erststimmen,PdF,0,0.0
08435052,Salem,Zweitstimmen,PdF,1,0.014885382554331647
08435053,Sipplingen,Erststimmen,PdF,0,0.0
08435053,Sipplingen,Zweitstimmen,PdF,0,0.0
08435054,Stetten,Erststimmen,PdF,0,0.0
08435054,Stetten,Zweitstimmen,PdF,0,0.0
08435059,"Überlingen, Stadt",Erststimmen,PdF,0,0.0
08435059,"Überlingen, Stadt",Zweitstimmen,PdF,9,0.07389162561576355
08435066,Uhldingen-Mühlhofen,Erststimmen,PdF,0,0.0
08435066,Uhldingen-Mühlhofen,Zweitstimmen,PdF,3,0.07024116132053383
08435067,Deggenhausertal,Erststimmen,PdF,0,0.0
08435067,Deggenhausertal,Zweitstimmen,PdF,2,0.07803355442840422
08437005,Beuron,Erststimmen,PdF,0,0.0
08437005,Beuron,Zweitstimmen,PdF,0,0.0
08437008,Bingen,Erststimmen,PdF,0,0.0
08437008,Bingen,Zweitstimmen,PdF,4,0.25252525252525254
08437031,"Gammertingen, Stadt",Erststimmen,PdF,0,0.0
08437031,"Gammertingen, Stadt",Zweitstimmen,PdF,4,0.12674271229404308
08437044,Herbertingen,Erststimmen,PdF,0,0.0
08437044,Herbertingen,Zweitstimmen,PdF,1,0.037481259370314844
08437047,"Hettingen, Stadt",Erststimmen,PdF,0,0.0
08437047,"Hettingen, Stadt",Zweitstimmen,PdF,0,0.0
08437053,Hohentengen,Erststimmen,PdF,0,0.0
08437053,Hohentengen,Zweitstimmen,PdF,0,0.0
08437056,Illmensee,Erststimmen,PdF,0,0.0
08437056,Illmensee,Zweitstimmen,PdF,1,0.08084074373484236
08437059,Inzigkofen,Erststimmen,PdF,0,0.0
08437059,Inzigkofen,Zweitstimmen,PdF,1,0.05753739930955121
08437065,Krauchenwies,Erststimmen,PdF,0,0.0
08437065,Krauchenwies,Zweitstimmen,PdF,3,0.1111111111111111
08437072,Leibertingen,Erststimmen,PdF,0,0.0
08437072,Leibertingen,Zweitstimmen,PdF,0,0.0
08437076,"Mengen, Stadt",Erststimmen,PdF,0,0.0
08437076,"Mengen, Stadt",Zweitstimmen,PdF,9,0.1829268292682927
08437078,"Meßkirch, Stadt",Erststimmen,PdF,0,0.0
08437078,"Meßkirch, Stadt",Zweitstimmen,PdF,4,0.0968054211035818
08437082,Neufra,Erststimmen,PdF,0,0.0
08437082,Neufra,Zweitstimmen,PdF,0,0.0
08437086,Ostrach,Erststimmen,PdF,0,0.0
08437086,Ostrach,Zweitstimmen,PdF,4,0.10327911179963851
08437088,"Pfullendorf, Stadt",Erststimmen,PdF,0,0.0
08437088,"Pfullendorf, Stadt",Zweitstimmen,PdF,5,0.08778089887640449
08437100,"Bad Saulgau, Stadt",Erststimmen,PdF,0,0.0
08437100,"Bad Saulgau, Stadt",Zweitstimmen,PdF,3,0.034071550255536626
08437101,"Scheer, Stadt",Erststimmen,PdF,0,0.0
08437101,"Scheer, Stadt",Zweitstimmen,PdF,2,0.1563721657544957
08437102,Schwenningen,Erststimmen,PdF,0,0.0
08437102,Schwenningen,Zweitstimmen,PdF,2,0.19860973187686196
08437104,"Sigmaringen, Stadt",Erststimmen,PdF,0,0.0
08437104,"Sigmaringen, Stadt",Zweitstimmen,PdF,4,0.05206299622543278
08437105,Sigmaringendorf,Erststimmen,PdF,0,0.0
08437105,Sigmaringendorf,Zweitstimmen,PdF,1,0.05099439061703213
08437107,Stetten am kalten Markt,Erststimmen,PdF,0,0.0
08437107,Stetten am kalten Markt,Zweitstimmen,PdF,2,0.07312614259597806
08437114,"Veringenstadt, Stadt",Erststimmen,PdF,0,0.0
08437114,"Veringenstadt, Stadt",Zweitstimmen,PdF,1,0.0855431993156544
08437118,Wald,Erststimmen,PdF,0,0.0
08437118,Wald,Zweitstimmen,PdF,0,0.0
08437123,Sauldorf,Erststimmen,PdF,0,0.0
08437123,Sauldorf,Zweitstimmen,PdF,0,0.0
08437124,Herdwangen-Schönach,Erststimmen,PdF,0,0.0
08437124,Herdwangen-Schönach,Zweitstimmen,PdF,0,0.0
08121000,"Heilbronn, Universitätsstadt",Erststimmen,SPD,4179,9.251920564989263
08121000,"Heilbronn, Universitätsstadt",Zweitstimmen,SPD,3065,6.7733309761110245
08125030,Flein,Erststimmen,SPD,324,7.902439024390244
08125030,Flein,Zweitstimmen,SPD,236,5.739299610894942
08125058,"Leingarten, Stadt",Erststimmen,SPD,422,7.274607826236856
08125058,"Leingarten, Stadt",Zweitstimmen,SPD,384,6.617266930897811
08125074,Nordheim,Erststimmen,SPD,334,7.366563740626378
08125074,Nordheim,Zweitstimmen,SPD,254,5.589788732394366
08125094,Talheim,Erststimmen,SPD,154,5.386498775795732
08125094,Talheim,Zweitstimmen,SPD,121,4.220439483780956
08126011,Bretzfeld,Erststimmen,SPD,458,6.725403817914831
08126011,Bretzfeld,Zweitstimmen,SPD,379,5.556370033719396
08126020,Dörzbach,Erststimmen,SPD,93,6.595744680851063
08126020,Dörzbach,Zweitstimmen,SPD,74,5.240793201133145
08126028,"Forchtenberg, Stadt",Erststimmen,SPD,171,6.146657081236521
08126028,"Forchtenberg, Stadt",Zweitstimmen,SPD,134,4.81149012567325
08126039,"Ingelfingen, Stadt",Erststimmen,SPD,199,6.64218958611482
08126039,"Ingelfingen, Stadt",Zweitstimmen,SPD,165,5.501833944648216
08126045,"Krautheim, Stadt",Erststimmen,SPD,133,5.464256368118324
08126045,"Krautheim, Stadt",Zweitstimmen,SPD,111,4.558521560574948
08126046,"Künzelsau, Stadt",Erststimmen,SPD,450,6.346967559943582
08126046,"Künzelsau, Stadt",Zweitstimmen,SPD,328,4.6262341325811
08126047,Kupferzell,Erststimmen,SPD,230,6.917293233082707
08126047,Kupferzell,Zweitstimmen,SPD,167,5.0105010501050105
08126056,Mulfingen,Erststimmen,SPD,120,5.201560468140442
08126056,Mulfingen,Zweitstimmen,SPD,99,4.295010845986985
08126058,"Neuenstein, Stadt",Erststimmen,SPD,276,7.997681831353232
08126058,"Neuenstein, Stadt",Zweitstimmen,SPD,193,5.587724377533295
08126060,"Niedernhall, Stadt",Erststimmen,SPD,161,8.147773279352228
08126060,"Niedernhall, Stadt",Zweitstimmen,SPD,125,6.313131313131313
08126066,"Öhringen, Stadt",Erststimmen,SPD,928,8.077291322134215
08126066,"Öhringen, Stadt",Zweitstimmen,SPD,655,5.695156942874532
08126069,Pfedelbach,Erststimmen,SPD,294,5.894145950280674
08126069,Pfedelbach,Zweitstimmen,SPD,256,5.125125125125125
08126072,Schöntal,Erststimmen,SPD,174,5.011520737327189
08126072,Schöntal,Zweitstimmen,SPD,152,4.364053976457077
08126085,"Waldenburg, Stadt",Erststimmen,SPD,110,6.819590824550527
08126085,"Waldenburg, Stadt",Zweitstimmen,SPD,82,5.086848635235732
08126086,Weißbach,Erststimmen,SPD,63,7.491082045184304
08126086,Weißbach,Zweitstimmen,SPD,59,7.032181168057211
08126094,Zweiflingen,Erststimmen,SPD,64,6.049149338374291
08126094,Zweiflingen,Zweitstimmen,SPD,48,4.536862003780719
08127008,Blaufelden,Erststimmen,SPD,140,5.0927610040014555
08127008,Blaufelden,Zweitstimmen,SPD,126,4.581818181818182
08127009,Braunsbach,Erststimmen,SPD,90,5.980066445182724
08127009,Braunsbach,Zweitstimmen,SPD,78,5.155320555188368
08127012,Bühlertann,Erststimmen,SPD,61,3.659268146370726
08127012,Bühlertann,Zweitstimmen,SPD,57,3.4254807692307696
08127013,Bühlerzell,Erststimmen,SPD,44,3.3716475095785436
08127013,Bühlerzell,Zweitstimmen,SPD,50,3.819709702062643
08127014,"Crailsheim, Stadt",Erststimmen,SPD,761,5.907009236978965
08127014,"Crailsheim, Stadt",Zweitstimmen,SPD,635,4.917144184605854
08127023,Fichtenberg,Erststimmen,SPD,107,6.604938271604937
08127023,Fichtenberg,Zweitstimmen,SPD,90,5.548705302096177
08127025,"Gaildorf, Stadt",Erststimmen,SPD,397,7.678916827852998
08127025,"Gaildorf, Stadt",Zweitstimmen,SPD,326,6.291007333076032
08127032,"Gerabronn, Stadt",Erststimmen,SPD,128,6.207565470417071
08127032,"Gerabronn, Stadt",Zweitstimmen,SPD,104,5.048543689320388
08127043,"Ilshofen, Stadt",Erststimmen,SPD,181,5.380499405469679
08127043,"Ilshofen, Stadt",Zweitstimmen,SPD,143,4.242064669237615
08127046,"Kirchberg an der Jagst, Stadt",Erststimmen,SPD,112,5.211726384364821
08127046,"Kirchberg an der Jagst, Stadt",Zweitstimmen,SPD,109,5.053314789058878
08127047,"Langenburg, Stadt",Erststimmen,SPD,72,7.114624505928854
08127047,"Langenburg, Stadt",Zweitstimmen,SPD,63,6.2438057482656095
08127052,Mainhardt,Erststimmen,SPD,143,4.432734035957842
08127052,Mainhardt,Zweitstimmen,SPD,106,3.284784629687016
08127056,Michelbach an der Bilz,Erststimmen,SPD,146,7.2781655034895305
08127056,Michelbach an der Bilz,Zweitstimmen,SPD,127,6.312127236580517
08127059,Michelfeld,Erststimmen,SPD,132,6.128133704735376
08127059,Michelfeld,Zweitstimmen,SPD,101,4.684601113172541
08127062,Oberrot,Erststimmen,SPD,106,5.938375350140055
08127062,Oberrot,Zweitstimmen,SPD,86,4.799107142857143
08127063,Obersontheim,Erststimmen,SPD,148,5.39948923750456
08127063,Obersontheim,Zweitstimmen,SPD,120,4.371584699453552
08127071,Rot am See,Erststimmen,SPD,111,3.7474679270763
08127071,Rot am See,Zweitstimmen,SPD,130,4.388926401080351
08127073,Satteldorf,Erststimmen,SPD,120,4.207573632538569
08127073,Satteldorf,Zweitstimmen,SPD,124,4.329608938547486
08127075,"Schrozberg, Stadt",Erststimmen,SPD,159,5.543933054393305
08127075,"Schrozberg, Stadt",Zweitstimmen,SPD,138,4.810038340885326
08127076,"Schwäbisch Hall, Stadt",Erststimmen,SPD,1455,7.203683533023071
08127076,"Schwäbisch Hall, Stadt",Zweitstimmen,SPD,1055,5.213480925084009
08127079,Sulzbach-Laufen,Erststimmen,SPD,68,4.867573371510379
08127079,Sulzbach-Laufen,Zweitstimmen,SPD,68,4.871060171919771
08127086,Untermünkheim,Erststimmen,SPD,83,4.570484581497798
08127086,Untermünkheim,Zweitstimmen,SPD,71,3.8968166849615806
08127089,"Vellberg, Stadt",Erststimmen,SPD,142,5.533904910366329
08127089,"Vellberg, Stadt",Zweitstimmen,SPD,110,4.286827747466875
08127091,Wallhausen,Erststimmen,SPD,82,4.385026737967915
08127091,Wallhausen,Zweitstimmen,SPD,96,5.12
08127099,Wolpertshausen,Erststimmen,SPD,74,6.075533661740558
08127099,Wolpertshausen,Zweitstimmen,SPD,56,4.586404586404586
08127100,Rosengarten,Erststimmen,SPD,229,7.912923289564616
08127100,Rosengarten,Zweitstimmen,SPD,169,5.815554026152787
08127101,Kreßberg,Erststimmen,SPD,89,4.2461832061068705
08127101,Kreßberg,Zweitstimmen,SPD,91,4.337464251668256
08127102,Fichtenau,Erststimmen,SPD,82,3.6379769299023956
08127102,Fichtenau,Zweitstimmen,SPD,100,4.440497335701599
08127103,Frankenhardt,Erststimmen,SPD,134,4.775481111903065
08127103,Frankenhardt,Zweitstimmen,SPD,133,4.72972972972973
08127104,Stimpfach,Erststimmen,SPD,54,3.2277346084877463
08127104,Stimpfach,Zweitstimmen,SPD,82,4.90724117295033
08128006,Assamstadt,Erststimmen,SPD,43,3.161764705882353
08128006,Assamstadt,Zweitstimmen,SPD,41,3.014705882352941
08128007,"Bad Mergentheim, Stadt",Erststimmen,SPD,655,5.843518601124097
08128007,"Bad Mergentheim, Stadt",Zweitstimmen,SPD,542,4.8156374944469125
08128014,"Boxberg, Stadt",Erststimmen,SPD,314,8.274044795783926
08128014,"Boxberg, Stadt",Zweitstimmen,SPD,248,6.485355648535565
08128020,"Creglingen, Stadt",Erststimmen,SPD,157,5.88455772113943
08128020,"Creglingen, Stadt",Zweitstimmen,SPD,141,5.2611940298507465
08128039,"Freudenberg, Stadt",Erststimmen,SPD,133,7.0557029177718835
08128039,"Freudenberg, Stadt",Zweitstimmen,SPD,98,5.185185185185185
08128045,Großrinderfeld,Erststimmen,SPD,135,5.734919286321156
08128045,Großrinderfeld,Zweitstimmen,SPD,118,4.981004643309413
08128047,"Grünsfeld, Stadt",Erststimmen,SPD,126,5.863192182410423
08128047,"Grünsfeld, Stadt",Zweitstimmen,SPD,105,4.863362667901806
08128058,Igersheim,Erststimmen,SPD,172,5.620915032679739
08128058,Igersheim,Zweitstimmen,SPD,142,4.6208916368369675
08128061,Königheim,Erststimmen,SPD,90,4.761904761904762
08128061,Königheim,Zweitstimmen,SPD,83,4.37532946758039
08128064,"Külsheim, Stadt",Erststimmen,SPD,214,7.055720408836136
08128064,"Külsheim, Stadt",Zweitstimmen,SPD,172,5.624591236102027
08128082,"Niederstetten, Stadt",Erststimmen,SPD,122,4.0693795863909275
08128082,"Niederstetten, Stadt",Zweitstimmen,SPD,118,3.91117003646006
08128115,"Tauberbischofsheim, Stadt",Erststimmen,SPD,441,6.574239713774597
08128115,"Tauberbischofsheim, Stadt",Zweitstimmen,SPD,351,5.1861702127659575
08128126,"Weikersheim, Stadt",Erststimmen,SPD,298,6.698134412227468
08128126,"Weikersheim, Stadt",Zweitstimmen,SPD,238,5.320813771517996
08128128,Werbach,Erststimmen,SPD,131,6.805194805194806
08128128,Werbach,Zweitstimmen,SPD,110,5.675954592363261
08128131,"Wertheim, Stadt",Erststimmen,SPD,1281,12.053067369213398
08128131,"Wertheim, Stadt",Zweitstimmen,SPD,856,8.028512474207465
08128137,Wittighausen,Erststimmen,SPD,48,4.766633565044687
08128137,Wittighausen,Zweitstimmen,SPD,35,3.468780971258672
08128138,Ahorn,Erststimmen,SPD,93,6.549295774647887
08128138,Ahorn,Zweitstimmen,SPD,81,5.69620253164557
08128139,"Lauda-Königshofen, Stadt",Erststimmen,SPD,558,7.59493670886076
08128139,"Lauda-Königshofen, Stadt",Zweitstimmen,SPD,423,5.723951285520974
08135010,Dischingen,Erststimmen,SPD,260,10.483870967741936
08135010,Dischingen,Zweitstimmen,SPD,129,5.203711173860428
08135015,Gerstetten,Erststimmen,SPD,933,14.823641563393707
08135015,Gerstetten,Zweitstimmen,SPD,486,7.697180867912576
08135016,"Giengen an der Brenz, Stadt",Erststimmen,SPD,1423,18.439808215627835
08135016,"Giengen an der Brenz, Stadt",Zweitstimmen,SPD,706,9.130884635281946
08135019,"Heidenheim an der Brenz, Stadt",Erststimmen,SPD,3159,16.903895547945204
08135019,"Heidenheim an der Brenz, Stadt",Zweitstimmen,SPD,1690,9.02488518637189
08135020,"Herbrechtingen, Stadt",Erststimmen,SPD,1012,15.619694397283531
08135020,"Herbrechtingen, Stadt",Zweitstimmen,SPD,536,8.249961520701863
08135021,Hermaringen,Erststimmen,SPD,251,19.51788491446345
08135021,Hermaringen,Zweitstimmen,SPD,108,8.352668213457076
08135025,Königsbronn,Erststimmen,SPD,684,18.004738088970782
08135025,Königsbronn,Zweitstimmen,SPD,367,9.642669469259065
08135026,Nattheim,Erststimmen,SPD,594,16.054054054054053
08135026,Nattheim,Zweitstimmen,SPD,348,9.359870898332437
08135027,"Niederstotzingen, Stadt",Erststimmen,SPD,278,10.970797158642462
08135027,"Niederstotzingen, Stadt",Zweitstimmen,SPD,152,5.977192292567833
08135031,Sontheim an der Brenz,Erststimmen,SPD,478,15.286216821234412
08135031,Sontheim an der Brenz,Zweitstimmen,SPD,258,8.21917808219178
08135032,Steinheim am Albuch,Erststimmen,SPD,600,12.9926375054136
08135032,Steinheim am Albuch,Zweitstimmen,SPD,337,7.275474956822108
08216002,Au am Rhein,Erststimmen,SPD,175,9.067357512953368
08216002,Au am Rhein,Zweitstimmen,SPD,104,5.355303810504634
08216005,Bietigheim,Erststimmen,SPD,362,10.640799529688419
08216005,Bietigheim,Zweitstimmen,SPD,243,7.119835921476707
08216006,Bischweier,Erststimmen,SPD,195,11.304347826086957
08216006,Bischweier,Zweitstimmen,SPD,118,6.809001731102135
08216009,Durmersheim,Erststimmen,SPD,588,10.039269250469523
08216009,Durmersheim,Zweitstimmen,SPD,373,6.3241776873516455
08216012,Elchesheim-Illingen,Erststimmen,SPD,166,9.357384441939121
08216012,Elchesheim-Illingen,Zweitstimmen,SPD,114,6.390134529147982
08216013,Forbach,Erststimmen,SPD,348,14.518147684605756
08216013,Forbach,Zweitstimmen,SPD,203,8.454810495626822
08216015,"Gaggenau, Stadt",Erststimmen,SPD,1579,11.325491321187778
08216015,"Gaggenau, Stadt",Zweitstimmen,SPD,1132,8.10075855159582
08216017,"Gernsbach, Stadt",Erststimmen,SPD,856,12.29355163004452
08216017,"Gernsbach, Stadt",Zweitstimmen,SPD,529,7.5647075647075654
08216023,Iffezheim,Erststimmen,SPD,263,9.950813469542187
08216023,Iffezheim,Zweitstimmen,SPD,157,5.9155990957045965
08216024,"Kuppenheim, Stadt",Erststimmen,SPD,435,10.247349823321555
08216024,"Kuppenheim, Stadt",Zweitstimmen,SPD,281,6.5684899485741
08216029,Loffenau,Erststimmen,SPD,173,13.027108433734941
08216029,Loffenau,Zweitstimmen,SPD,106,7.963936889556725
08216033,Muggensturm,Erststimmen,SPD,480,14.837712519319938
08216033,Muggensturm,Zweitstimmen,SPD,294,9.06847624922887
08216039,Ötigheim,Erststimmen,SPD,232,8.333333333333332
08216039,Ötigheim,Zweitstimmen,SPD,176,6.310505557547508
08216043,"Rastatt, Stadt",Erststimmen,SPD,2263,12.453224741360334
08216043,"Rastatt, Stadt",Zweitstimmen,SPD,1259,6.897496301977757
08216052,Steinmauern,Erststimmen,SPD,138,8.394160583941606
08216052,Steinmauern,Zweitstimmen,SPD,85,5.145278450363197
08216059,Weisenbach,Erststimmen,SPD,154,12.202852614896988
08216059,Weisenbach,Zweitstimmen,SPD,100,7.867820613690007
08231000,"Pforzheim, Stadt",Erststimmen,SPD,3299,8.166852333209555
08231000,"Pforzheim, Stadt",Zweitstimmen,SPD,1948,4.800985828712261
08235006,"Altensteig, Stadt",Erststimmen,SPD,461,9.471953975755085
08235006,"Altensteig, Stadt",Zweitstimmen,SPD,215,4.405737704918033
08235007,Althengstett,Erststimmen,SPD,443,9.714912280701753
08235007,Althengstett,Zweitstimmen,SPD,237,5.171285184377045
08235008,"Bad Liebenzell, Stadt",Erststimmen,SPD,376,7.8251821019771075
08235008,"Bad Liebenzell, Stadt",Zweitstimmen,SPD,193,3.988427361025005
08235018,Dobel,Erststimmen,SPD,118,9.874476987447698
08235018,Dobel,Zweitstimmen,SPD,76,6.3439065108514185
08235020,Ebhausen,Erststimmen,SPD,246,10.262828535669586
08235020,Ebhausen,Zweitstimmen,SPD,108,4.4757563199336925
08235022,Egenhausen,Erststimmen,SPD,77,6.536502546689304
08235022,Egenhausen,Zweitstimmen,SPD,41,3.4834324553950724
08235025,Enzklösterle,Erststimmen,SPD,56,7.898448519040903
08235025,Enzklösterle,Zweitstimmen,SPD,32,4.475524475524476
08235029,Gechingen,Erststimmen,SPD,210,9.966777408637874
08235029,Gechingen,Zweitstimmen,SPD,106,5.0
08235032,"Haiterbach, Stadt",Erststimmen,SPD,253,9.2
08235032,"Haiterbach, Stadt",Zweitstimmen,SPD,119,4.310032596885187
08235033,"Bad Herrenalb, Stadt",Erststimmen,SPD,310,8.308764406325382
08235033,"Bad Herrenalb, Stadt",Zweitstimmen,SPD,213,5.672436750998668
08235035,Höfen an der Enz,Erststimmen,SPD,54,6.78391959798995
08235035,Höfen an der Enz,Zweitstimmen,SPD,36,4.51693851944793
08235046,"Nagold, Stadt",Erststimmen,SPD,1534,14.492205951818612
08235046,"Nagold, Stadt",Zweitstimmen,SPD,597,5.625176670121549
08235047,"Neubulach, Stadt",Erststimmen,SPD,244,7.423182233039245
08235047,"Neubulach, Stadt",Zweitstimmen,SPD,117,3.539019963702359
08235050,Neuweiler,Erststimmen,SPD,130,6.845708267509215
08235050,Neuweiler,Zweitstimmen,SPD,60,3.1512605042016806
08235055,Oberreichenbach,Erststimmen,SPD,140,7.567567567567568
08235055,Oberreichenbach,Zweitstimmen,SPD,89,4.764453961456103
08235057,Ostelsheim,Erststimmen,SPD,121,8.461538461538462
08235057,Ostelsheim,Zweitstimmen,SPD,64,4.456824512534819
08235060,Rohrdorf,Erststimmen,SPD,90,10.273972602739725
08235060,Rohrdorf,Zweitstimmen,SPD,34,3.859250851305335
08235065,Schömberg,Erststimmen,SPD,315,8.615973741794312
08235065,Schömberg,Zweitstimmen,SPD,185,5.012191817935518
08235066,Simmersfeld,Erststimmen,SPD,88,6.912804399057344
08235066,Simmersfeld,Zweitstimmen,SPD,47,3.6920659858601725
08235067,Simmozheim,Erststimmen,SPD,137,8.5625
08235067,Simmozheim,Zweitstimmen,SPD,78,4.835709857408556
08235073,Unterreichenbach,Erststimmen,SPD,77,6.784140969162995
08235073,Unterreichenbach,Zweitstimmen,SPD,56,4.916593503072871
08235079,"Bad Wildbad, Stadt",Erststimmen,SPD,385,9.024847632442569
08235079,"Bad Wildbad, Stadt",Zweitstimmen,SPD,225,5.2337752965806
08235080,"Wildberg, Stadt",Erststimmen,SPD,565,10.15821646889608
08235080,"Wildberg, Stadt",Zweitstimmen,SPD,290,5.19527051236116
08235084,"Bad Teinach-Zavelstein, Stadt",Erststimmen,SPD,175,9.937535491198183
08235084,"Bad Teinach-Zavelstein, Stadt",Zweitstimmen,SPD,96,5.432937181663837
08235085,"Calw, Stadt",Erststimmen,SPD,1150,10.90978085570629
08235085,"Calw, Stadt",Zweitstimmen,SPD,567,5.343511450381679
08236004,Birkenfeld,Erststimmen,SPD,438,8.659549228944247
08236004,Birkenfeld,Zweitstimmen,SPD,289,5.7024467245461725
08236011,Eisingen,Erststimmen,SPD,127,5.427350427350428
08236011,Eisingen,Zweitstimmen,SPD,81,3.4365719134493005
08236013,Engelsbrand,Erststimmen,SPD,173,7.125205930807249
08236013,Engelsbrand,Zweitstimmen,SPD,105,4.296235679214402
08236019,Friolzheim,Erststimmen,SPD,152,7.265774378585086
08236019,Friolzheim,Zweitstimmen,SPD,110,5.228136882129278
08236025,"Heimsheim, Stadt",Erststimmen,SPD,207,7.790741437711706
08236025,"Heimsheim, Stadt",Zweitstimmen,SPD,142,5.338345864661654
08236028,Illingen,Erststimmen,SPD,295,7.389779559118237
08236028,Illingen,Zweitstimmen,SPD,205,5.127563781890945
08236030,Ispringen,Erststimmen,SPD,267,9.54253037884203
08236030,Ispringen,Zweitstimmen,SPD,164,5.84045584045584
08236031,Kieselbronn,Erststimmen,SPD,142,8.858390517779165
08236031,Kieselbronn,Zweitstimmen,SPD,87,5.410447761194029
08236033,"Knittlingen, Stadt",Erststimmen,SPD,329,8.333333333333332
08236033,"Knittlingen, Stadt",Zweitstimmen,SPD,264,6.6415094339622645
08236038,"Maulbronn, Stadt",Erststimmen,SPD,265,8.121360711002145
08236038,"Maulbronn, Stadt",Zweitstimmen,SPD,198,6.049495875343721
08236039,Mönsheim,Erststimmen,SPD,108,6.852791878172589
08236039,Mönsheim,Zweitstimmen,SPD,78,4.936708860759493
08236040,"Mühlacker, Stadt",Erststimmen,SPD,836,7.791965700438065
08236040,"Mühlacker, Stadt",Zweitstimmen,SPD,562,5.220622387366465
08236043,"Neuenbürg, Stadt",Erststimmen,SPD,234,6.36388360076149
08236043,"Neuenbürg, Stadt",Zweitstimmen,SPD,187,5.067750677506775
08236044,Neuhausen,Erststimmen,SPD,158,5.178629957391019
08236044,Neuhausen,Zweitstimmen,SPD,127,4.163934426229508
08236046,Niefern-Öschelbronn,Erststimmen,SPD,263,4.714106470693673
08236046,Niefern-Öschelbronn,Zweitstimmen,SPD,245,4.383610663803901
08236050,Ötisheim,Erststimmen,SPD,177,6.979495268138801
08236050,Ötisheim,Zweitstimmen,SPD,126,4.954777821470704
08236061,Sternenfels,Erststimmen,SPD,205,13.251454427925017
08236061,Sternenfels,Zweitstimmen,SPD,132,8.483290488431876
08236062,Tiefenbronn,Erststimmen,SPD,189,5.900718076802997
08236062,Tiefenbronn,Zweitstimmen,SPD,125,3.885607709045695
08236065,Wiernsheim,Erststimmen,SPD,199,5.1985370950888194
08236065,Wiernsheim,Zweitstimmen,SPD,174,4.5288912024986985
08236067,Wimsheim,Erststimmen,SPD,99,6.084818684695759
08236067,Wimsheim,Zweitstimmen,SPD,76,4.668304668304668
08236068,Wurmberg,Erststimmen,SPD,75,4.598405885959534
08236068,Wurmberg,Zweitstimmen,SPD,71,4.355828220858895
08236070,Keltern,Erststimmen,SPD,411,7.854003439709535
08236070,Keltern,Zweitstimmen,SPD,273,5.196041111534069
08236071,Remchingen,Erststimmen,SPD,423,6.553059643687065
08236071,Remchingen,Zweitstimmen,SPD,311,4.798642184848017
08236072,Straubenhardt,Erststimmen,SPD,463,7.559183673469387
08236072,Straubenhardt,Zweitstimmen,SPD,348,5.6668295065950165
08236073,Neulingen,Erststimmen,SPD,363,9.856095574260113
08236073,Neulingen,Zweitstimmen,SPD,222,6.0064935064935066
08236074,Kämpfelbach,Erststimmen,SPD,279,7.7824267782426775
08236074,Kämpfelbach,Zweitstimmen,SPD,182,5.071050431875174
08236075,Ölbronn-Dürrn,Erststimmen,SPD,122,6.285419886656363
08236075,Ölbronn-Dürrn,Zweitstimmen,SPD,74,3.7755102040816326
08236076,Königsbach-Stein,Erststimmen,SPD,388,6.984698469846985
08236076,Königsbach-Stein,Zweitstimmen,SPD,270,4.8413125336202265
08237002,"Alpirsbach, Stadt",Erststimmen,SPD,209,6.7571936631102485
08237002,"Alpirsbach, Stadt",Zweitstimmen,SPD,172,5.543022881082823
08237004,Baiersbronn,Erststimmen,SPD,540,7.3081607795371495
08237004,Baiersbronn,Zweitstimmen,SPD,409,5.518823370665228
08237019,"Dornstetten, Stadt",Erststimmen,SPD,230,5.6972999752291305
08237019,"Dornstetten, Stadt",Zweitstimmen,SPD,170,4.196494692668477
08237024,Empfingen,Erststimmen,SPD,96,4.343891402714932
08237024,Empfingen,Zweitstimmen,SPD,64,2.8789923526765633
08237027,Eutingen im Gäu,Erststimmen,SPD,177,5.264723378941107
08237027,Eutingen im Gäu,Zweitstimmen,SPD,146,4.340071343638526
08237028,"Freudenstadt, Stadt",Erststimmen,SPD,845,7.845139727044842
08237028,"Freudenstadt, Stadt",Zweitstimmen,SPD,563,5.214411410577012
08237030,Glatten,Erststimmen,SPD,51,3.606789250353607
08237030,Glatten,Zweitstimmen,SPD,36,2.538787023977433
08237032,Grömbach,Erststimmen,SPD,9,3.3707865168539324
08237032,Grömbach,Zweitstimmen,SPD,6,2.2641509433962264
08237040,"Horb am Neckar, Stadt",Erststimmen,SPD,742,5.951712521055587
08237040,"Horb am Neckar, Stadt",Zweitstimmen,SPD,492,3.9322250639386187
08237045,Loßburg,Erststimmen,SPD,237,5.29608938547486
08237045,Loßburg,Zweitstimmen,SPD,190,4.242965609647164
08237054,Pfalzgrafenweiler,Erststimmen,SPD,206,5.642289783620926
08237054,Pfalzgrafenweiler,Zweitstimmen,SPD,134,3.66120218579235
08237061,Schopfloch,Erststimmen,SPD,65,4.17201540436457
08237061,Schopfloch,Zweitstimmen,SPD,64,4.099935938500961
08237072,Wörnersberg,Erststimmen,SPD,3,3.3333333333333335
08237072,Wörnersberg,Zweitstimmen,SPD,3,3.3333333333333335
08237073,Seewald,Erststimmen,SPD,50,4.248088360237893
08237073,Seewald,Zweitstimmen,SPD,43,3.6379018612521152
08237074,Waldachtal,Erststimmen,SPD,139,4.3423930021868165
08237074,Waldachtal,Zweitstimmen,SPD,117,3.6357986326911127
08237075,Bad Rippoldsau-Schapbach,Erststimmen,SPD,76,6.124093473005641
08237075,Bad Rippoldsau-Schapbach,Zweitstimmen,SPD,64,5.124099279423539
08316002,Bahlingen am Kaiserstuhl,Erststimmen,SPD,213,8.236658932714617
08316002,Bahlingen am Kaiserstuhl,Zweitstimmen,SPD,158,6.093328191284226
08316003,Biederbach,Erststimmen,SPD,43,4.1910331384015596
08316003,Biederbach,Zweitstimmen,SPD,40,3.8910505836575875
08316009,Denzlingen,Erststimmen,SPD,699,9.51797385620915
08316009,Denzlingen,Zweitstimmen,SPD,534,7.254449123760359
08316010,"Elzach, Stadt",Erststimmen,SPD,285,6.648005598320504
08316010,"Elzach, Stadt",Zweitstimmen,SPD,241,5.612482533768048
08316011,"Emmendingen, Stadt",Erststimmen,SPD,1478,10.51433449526926
08316011,"Emmendingen, Stadt",Zweitstimmen,SPD,1090,7.7414772727272725
08316012,"Endingen am Kaiserstuhl, Stadt",Erststimmen,SPD,650,11.294526498696786
08316012,"Endingen am Kaiserstuhl, Stadt",Zweitstimmen,SPD,359,6.232638888888889
08316013,Forchheim,Erststimmen,SPD,74,8.937198067632849
08316013,Forchheim,Zweitstimmen,SPD,49,5.92503022974607
08316014,Gutach im Breisgau,Erststimmen,SPD,165,6.261859582542694
08316014,Gutach im Breisgau,Zweitstimmen,SPD,149,5.654648956356737
08316017,"Herbolzheim, Stadt",Erststimmen,SPD,443,8.422053231939163
08316017,"Herbolzheim, Stadt",Zweitstimmen,SPD,313,5.9336492890995265
08316020,"Kenzingen, Stadt",Erststimmen,SPD,537,9.65480043149946
08316020,"Kenzingen, Stadt",Zweitstimmen,SPD,419,7.512999820692129
08316024,Malterdingen,Erststimmen,SPD,194,10.20515518148343
08316024,Malterdingen,Zweitstimmen,SPD,158,8.302679978980557
08316036,Reute,Erststimmen,SPD,146,8.414985590778098
08316036,Reute,Zweitstimmen,SPD,127,7.2988505747126435
08316037,Riegel am Kaiserstuhl,Erststimmen,SPD,218,10.770750988142293
08316037,Riegel am Kaiserstuhl,Zweitstimmen,SPD,154,7.623762376237623
08316038,Sasbach am Kaiserstuhl,Erststimmen,SPD,200,9.75609756097561
08316038,Sasbach am Kaiserstuhl,Zweitstimmen,SPD,148,7.205452775073027
08316039,Sexau,Erststimmen,SPD,234,11.116389548693586
08316039,Sexau,Zweitstimmen,SPD,169,8.009478672985782
08316042,Simonswald,Erststimmen,SPD,90,5.064715813168261
08316042,Simonswald,Zweitstimmen,SPD,73,4.119638826185101
08316043,Teningen,Erststimmen,SPD,758,11.84375
08316043,Teningen,Zweitstimmen,SPD,574,8.935242839352428
08316045,Vörstetten,Erststimmen,SPD,181,9.55649419218585
08316045,Vörstetten,Zweitstimmen,SPD,145,7.655755015839494
08316049,Weisweil,Erststimmen,SPD,173,13.851080864691752
08316049,Weisweil,Zweitstimmen,SPD,131,10.48
08316051,Wyhl am Kaiserstuhl,Erststimmen,SPD,170,8.212560386473431
08316051,Wyhl am Kaiserstuhl,Zweitstimmen,SPD,123,5.942028985507246
08316053,Rheinhausen im Breisgau,Erststimmen,SPD,180,7.971656333038086
08316053,Rheinhausen im Breisgau,Zweitstimmen,SPD,124,5.457746478873239
08316054,Freiamt,Erststimmen,SPD,211,8.40972499003587
08316054,Freiamt,Zweitstimmen,SPD,184,7.327757865392274
08316055,Winden im Elztal,Erststimmen,SPD,104,6.376456161863888
08316055,Winden im Elztal,Zweitstimmen,SPD,98,5.997552019583844
08316056,"Waldkirch, Stadt",Erststimmen,SPD,889,7.891699955614737
08316056,"Waldkirch, Stadt",Zweitstimmen,SPD,697,6.175793017898281
08325001,Aichhalden,Erststimmen,SPD,171,6.708513142408788
08325001,Aichhalden,Zweitstimmen,SPD,124,4.864652805021577
08325009,Bösingen,Erststimmen,SPD,62,3.003875968992248
08325009,Bösingen,Zweitstimmen,SPD,64,3.096274794388002
08325011,Dietingen,Erststimmen,SPD,82,3.4410407049937053
08325011,Dietingen,Zweitstimmen,SPD,70,2.938706968933669
08325012,"Dornhan, Stadt",Erststimmen,SPD,185,5.160390516039052
08325012,"Dornhan, Stadt",Zweitstimmen,SPD,171,4.7672149428491775
08325014,Dunningen,Erststimmen,SPD,176,4.736275565123789
08325014,Dunningen,Zweitstimmen,SPD,131,3.523399677245831
08325015,Epfendorf,Erststimmen,SPD,58,3.2097399003873823
08325015,Epfendorf,Zweitstimmen,SPD,55,3.0437188710570005
08325024,Hardt,Erststimmen,SPD,84,5.032953864589575
08325024,Hardt,Zweitstimmen,SPD,61,3.6614645858343335
08325036,Lauterbach,Erststimmen,SPD,83,5.585464333781965
08325036,Lauterbach,Zweitstimmen,SPD,62,4.1610738255033555
08325045,"Oberndorf am Neckar, Stadt",Erststimmen,SPD,340,5.307524196066188
08325045,"Oberndorf am Neckar, Stadt",Zweitstimmen,SPD,277,4.324071183265688
08325049,"Rottweil, Stadt",Erststimmen,SPD,653,5.426743123078202
08325049,"Rottweil, Stadt",Zweitstimmen,SPD,471,3.909687059018843
08325050,Schenkenzell,Erststimmen,SPD,66,6.389157792836399
08325050,Schenkenzell,Zweitstimmen,SPD,60,5.780346820809249
08325051,"Schiltach, Stadt",Erststimmen,SPD,179,8.870168483647175
08325051,"Schiltach, Stadt",Zweitstimmen,SPD,153,7.559288537549406
08325053,"Schramberg, Stadt",Erststimmen,SPD,651,6.935123042505594
08325053,"Schramberg, Stadt",Zweitstimmen,SPD,481,5.111040272022102
08325057,"Sulz am Neckar, Stadt",Erststimmen,SPD,317,5.138596206840655
08325057,"Sulz am Neckar, Stadt",Zweitstimmen,SPD,269,4.3520465944022
08325060,Villingendorf,Erststimmen,SPD,108,5.684210526315789
08325060,Villingendorf,Zweitstimmen,SPD,92,4.834471886495008
08325061,Vöhringen,Erststimmen,SPD,101,4.305200341005968
08325061,Vöhringen,Zweitstimmen,SPD,91,3.8641188959660298
08325064,Wellendingen,Erststimmen,SPD,62,3.7439613526570046
08325064,Wellendingen,Zweitstimmen,SPD,48,2.891566265060241
08325069,Zimmern ob Rottweil,Erststimmen,SPD,142,4.243873281530186
08325069,Zimmern ob Rottweil,Zweitstimmen,SPD,113,3.3781763826606874
08325070,Fluorn-Winzeln,Erststimmen,SPD,71,3.9731393396754333
08325070,Fluorn-Winzeln,Zweitstimmen,SPD,78,4.352678571428571
08325071,Eschbronn,Erststimmen,SPD,78,6.098514464425333
08325071,Eschbronn,Zweitstimmen,SPD,66,5.168363351605325
08325072,Deißlingen,Erststimmen,SPD,185,5.748912367930392
08325072,Deißlingen,Zweitstimmen,SPD,163,5.048002477547228
08326003,"Bad Dürrheim, Stadt",Erststimmen,SPD,515,7.604843473124631
08326003,"Bad Dürrheim, Stadt",Zweitstimmen,SPD,317,4.656286721504112
08326005,"Blumberg, Stadt",Erststimmen,SPD,227,5.1862005940141644
08326005,"Blumberg, Stadt",Zweitstimmen,SPD,202,4.598224447985431
08326006,"Bräunlingen, Stadt",Erststimmen,SPD,207,6.59025787965616
08326006,"Bräunlingen, Stadt",Zweitstimmen,SPD,151,4.7890897557881384
08326010,Dauchingen,Erststimmen,SPD,220,10.52128168340507
08326010,Dauchingen,Zweitstimmen,SPD,113,5.386081982840801
08326012,"Donaueschingen, Stadt",Erststimmen,SPD,534,5.0925042914362
08326012,"Donaueschingen, Stadt",Zweitstimmen,SPD,461,4.375059314795482
08326017,"Furtwangen im Schwarzwald, Stadt",Erststimmen,SPD,255,6.418323684872893
08326017,"Furtwangen im Schwarzwald, Stadt",Zweitstimmen,SPD,201,5.0350701402805615
08326020,Gütenbach,Erststimmen,SPD,26,4.6263345195729535
08326020,Gütenbach,Zweitstimmen,SPD,23,4.092526690391459
08326027,"Hüfingen, Stadt",Erststimmen,SPD,191,4.861287859506236
08326027,"Hüfingen, Stadt",Zweitstimmen,SPD,178,4.505188559858263
08326031,Königsfeld im Schwarzwald,Erststimmen,SPD,316,8.992601024473535
08326031,Königsfeld im Schwarzwald,Zweitstimmen,SPD,187,5.2974504249291785
08326037,Mönchweiler,Erststimmen,SPD,128,7.757575757575758
08326037,Mönchweiler,Zweitstimmen,SPD,77,4.644149577804583
08326041,Niedereschach,Erststimmen,SPD,211,6.355421686746989
08326041,Niedereschach,Zweitstimmen,SPD,125,3.7548813457494745
08326052,"St. Georgen im Schwarzwald, Stadt",Erststimmen,SPD,574,9.36531244901289
08326052,"St. Georgen im Schwarzwald, Stadt",Zweitstimmen,SPD,427,6.921705300697035
08326054,Schönwald im Schwarzwald,Erststimmen,SPD,80,6.0652009097801365
08326054,Schönwald im Schwarzwald,Zweitstimmen,SPD,64,4.822908816880181
08326055,Schonach im Schwarzwald,Erststimmen,SPD,131,6.244041944709247
08326055,Schonach im Schwarzwald,Zweitstimmen,SPD,93,4.413858566682487
08326060,"Triberg im Schwarzwald, Stadt",Erststimmen,SPD,125,7.0106561974200785
08326060,"Triberg im Schwarzwald, Stadt",Zweitstimmen,SPD,83,4.636871508379889
08326061,Tuningen,Erststimmen,SPD,142,8.57487922705314
08326061,Tuningen,Zweitstimmen,SPD,73,4.3817527010804325
08326065,Unterkirnach,Erststimmen,SPD,79,6.3099041533546325
08326065,Unterkirnach,Zweitstimmen,SPD,41,3.266932270916335
08326068,"Vöhrenbach, Stadt",Erststimmen,SPD,109,6.488095238095239
08326068,"Vöhrenbach, Stadt",Zweitstimmen,SPD,87,5.160142348754448
08326074,"Villingen-Schwenningen, Stadt",Erststimmen,SPD,4029,11.534497566561695
08326074,"Villingen-Schwenningen, Stadt",Zweitstimmen,SPD,2004,5.712656784492588
08326075,Brigachtal,Erststimmen,SPD,211,7.273354015856601
08326075,Brigachtal,Zweitstimmen,SPD,112,3.8212214261344255
08327002,Aldingen,Erststimmen,SPD,133,4.126590133416072
08327002,Aldingen,Zweitstimmen,SPD,122,3.771251931993817
08327004,Bärenthal,Erststimmen,SPD,2,0.7194244604316548
08327004,Bärenthal,Zweitstimmen,SPD,3,1.0752688172043012
08327005,Balgheim,Erststimmen,SPD,23,3.290414878397711
08327005,Balgheim,Zweitstimmen,SPD,29,4.119318181818182
08327006,Böttingen,Erststimmen,SPD,27,3.354037267080745
08327006,Böttingen,Zweitstimmen,SPD,28,3.45252774352651
08327007,Bubsheim,Erststimmen,SPD,11,2.0
08327007,Bubsheim,Zweitstimmen,SPD,7,1.2612612612612613
08327008,Buchheim,Erststimmen,SPD,14,3.11804008908686
08327008,Buchheim,Zweitstimmen,SPD,11,2.433628318584071
08327009,Deilingen,Erststimmen,SPD,35,3.680336487907466
08327009,Deilingen,Zweitstimmen,SPD,24,2.5183630640083945
08327010,Denkingen,Erststimmen,SPD,33,2.2418478260869565
08327010,Denkingen,Zweitstimmen,SPD,30,2.027027027027027
08327011,Dürbheim,Erststimmen,SPD,32,3.3092037228541886
08327011,Dürbheim,Zweitstimmen,SPD,23,2.368692070030896
08327012,Durchhausen,Erststimmen,SPD,24,4.571428571428571
08327012,Durchhausen,Zweitstimmen,SPD,18,3.402646502835539
08327013,Egesheim,Erststimmen,SPD,8,2.857142857142857
08327013,Egesheim,Zweitstimmen,SPD,6,2.112676056338028
08327016,"Fridingen an der Donau, Stadt",Erststimmen,SPD,88,5.278944211157769
08327016,"Fridingen an der Donau, Stadt",Zweitstimmen,SPD,86,5.134328358208955
08327017,Frittlingen,Erststimmen,SPD,40,3.6934441366574333
08327017,Frittlingen,Zweitstimmen,SPD,33,3.0303030303030303
08327018,"Geisingen, Stadt",Erststimmen,SPD,132,4.3999999999999995
08327018,"Geisingen, Stadt",Zweitstimmen,SPD,125,4.154204054503157
08327019,Gosheim,Erststimmen,SPD,51,2.9565217391304346
08327019,Gosheim,Zweitstimmen,SPD,45,2.5966532025389495
08327020,Gunningen,Erststimmen,SPD,15,3.64963503649635
08327020,Gunningen,Zweitstimmen,SPD,13,3.1784841075794623
08327023,Hausen ob Verena,Erststimmen,SPD,29,5.95482546201232
08327023,Hausen ob Verena,Zweitstimmen,SPD,20,4.098360655737705
08327025,Immendingen,Erststimmen,SPD,167,5.518836748182419
08327025,Immendingen,Zweitstimmen,SPD,138,4.546952224052718
08327027,Irndorf,Erststimmen,SPD,19,4.250559284116331
08327027,Irndorf,Zweitstimmen,SPD,13,2.8761061946902653
08327029,Königsheim,Erststimmen,SPD,8,2.272727272727273
08327029,Königsheim,Zweitstimmen,SPD,7,1.977401129943503
08327030,Kolbingen,Erststimmen,SPD,29,3.7859007832898173
08327030,Kolbingen,Zweitstimmen,SPD,19,2.4836601307189543
08327033,Mahlstetten,Erststimmen,SPD,28,5.845511482254697
08327033,Mahlstetten,Zweitstimmen,SPD,28,5.8212058212058215
08327036,"Mühlheim an der Donau, Stadt",Erststimmen,SPD,110,5.469915464942814
08327036,"Mühlheim an der Donau, Stadt",Zweitstimmen,SPD,83,4.102817597627286
08327038,Neuhausen ob Eck,Erststimmen,SPD,75,3.918495297805643
08327038,Neuhausen ob Eck,Zweitstimmen,SPD,73,3.7941787941787943
08327040,Reichenbach am Heuberg,Erststimmen,SPD,6,2.7149321266968327
08327040,Reichenbach am Heuberg,Zweitstimmen,SPD,4,1.8181818181818181
08327041,Renquishausen,Erststimmen,SPD,4,0.8016032064128256
08327041,Renquishausen,Zweitstimmen,SPD,3,0.5988023952095809
08327046,"Spaichingen, Stadt",Erststimmen,SPD,242,4.194107452339688
08327046,"Spaichingen, Stadt",Zweitstimmen,SPD,177,3.061754021795537
08327048,Talheim,Erststimmen,SPD,30,4.160887656033287
08327048,Talheim,Zweitstimmen,SPD,34,4.728789986091794
08327049,"Trossingen, Stadt",Erststimmen,SPD,297,4.584040747028863
08327049,"Trossingen, Stadt",Zweitstimmen,SPD,236,3.6369240252735398
08327050,"Tuttlingen, Stadt",Erststimmen,SPD,780,6.010171058714748
08327050,"Tuttlingen, Stadt",Zweitstimmen,SPD,635,4.8831128883420485
08327051,Wehingen,Erststimmen,SPD,67,4.339378238341969
08327051,Wehingen,Zweitstimmen,SPD,57,3.679793415106521
08327054,Wurmlingen,Erststimmen,SPD,101,4.6976744186046515
08327054,Wurmlingen,Zweitstimmen,SPD,92,4.2711234911792015
08327055,Seitingen-Oberflacht,Erststimmen,SPD,78,5.963302752293578
08327055,Seitingen-Oberflacht,Zweitstimmen,SPD,65,4.961832061068702
08327056,Rietheim-Weilheim,Erststimmen,SPD,55,3.814147018030513
08327056,Rietheim-Weilheim,Zweitstimmen,SPD,45,3.118503118503119
08327057,Emmingen-Liptingen,Erststimmen,SPD,88,3.3587786259541987
08327057,Emmingen-Liptingen,Zweitstimmen,SPD,89,3.3956505150705834
08336004,Aitern,Erststimmen,SPD,30,9.740259740259742
08336004,Aitern,Zweitstimmen,SPD,20,6.514657980456026
08336006,Bad Bellingen,Erststimmen,SPD,206,9.585853885528154
08336006,Bad Bellingen,Zweitstimmen,SPD,119,5.511811023622047
08336008,Binzen,Erststimmen,SPD,181,11.016433353621425
08336008,Binzen,Zweitstimmen,SPD,87,5.291970802919708
08336010,Böllen,Erststimmen,SPD,4,6.451612903225806
08336010,Böllen,Zweitstimmen,SPD,4,6.557377049180328
08336014,Efringen-Kirchen,Erststimmen,SPD,603,12.617702448210924
08336014,Efringen-Kirchen,Zweitstimmen,SPD,314,6.555323590814196
08336019,Eimeldingen,Erststimmen,SPD,189,14.69673405909798
08336019,Eimeldingen,Zweitstimmen,SPD,99,7.662538699690402
08336024,Fischingen,Erststimmen,SPD,58,13.875598086124402
08336024,Fischingen,Zweitstimmen,SPD,29,6.937799043062201
08336025,Fröhnd,Erststimmen,SPD,37,11.526479750778815
08336025,Fröhnd,Zweitstimmen,SPD,16,5.063291139240507
08336034,Hasel,Erststimmen,SPD,63,10.327868852459018
08336034,Hasel,Zweitstimmen,SPD,36,5.901639344262295
08336036,Hausen im Wiesental,Erststimmen,SPD,157,12.847790507364977
08336036,Hausen im Wiesental,Zweitstimmen,SPD,96,7.830342577487764
08336043,Inzlingen,Erststimmen,SPD,142,10.7008289374529
08336043,Inzlingen,Zweitstimmen,SPD,79,5.935386927122464
08336050,"Lörrach, Stadt",Erststimmen,SPD,2710,13.210490396802182
08336050,"Lörrach, Stadt",Zweitstimmen,SPD,1370,6.6631000437721895
08336057,Maulburg,Erststimmen,SPD,308,15.361596009975061
08336057,Maulburg,Zweitstimmen,SPD,161,8.029925187032418
08336069,"Rheinfelden (Baden), Stadt",Erststimmen,SPD,1353,9.943411479385611
08336069,"Rheinfelden (Baden), Stadt",Zweitstimmen,SPD,947,6.942815249266862
08336073,Rümmingen,Erststimmen,SPD,123,13.16916488222698
08336073,Rümmingen,Zweitstimmen,SPD,54,5.775401069518717
08336075,Schallbach,Erststimmen,SPD,63,12.93634496919918
08336075,Schallbach,Zweitstimmen,SPD,29,6.004140786749482
08336079,"Schönau im Schwarzwald, Stadt",Erststimmen,SPD,46,7.05521472392638
08336079,"Schönau im Schwarzwald, Stadt",Zweitstimmen,SPD,51,7.846153846153846
08336080,Schönenberg,Erststimmen,SPD,11,6.918238993710692
08336080,Schönenberg,Zweitstimmen,SPD,6,3.7037037037037033
08336081,"Schopfheim, Stadt",Erststimmen,SPD,1153,12.318376068376068
08336081,"Schopfheim, Stadt",Zweitstimmen,SPD,656,6.986899563318777
08336082,Schwörstadt,Erststimmen,SPD,93,7.888040712468193
08336082,Schwörstadt,Zweitstimmen,SPD,74,6.281833616298811
08336084,Steinen,Erststimmen,SPD,710,13.345864661654137
08336084,Steinen,Zweitstimmen,SPD,364,6.8215892053973
08336087,"Todtnau, Stadt",Erststimmen,SPD,244,9.7366320830008
08336087,"Todtnau, Stadt",Zweitstimmen,SPD,206,8.223552894211576
08336089,Tunau,Erststimmen,SPD,9,10.344827586206897
08336089,Tunau,Zweitstimmen,SPD,2,2.2988505747126435
08336090,Utzenfeld,Erststimmen,SPD,30,8.771929824561402
08336090,Utzenfeld,Zweitstimmen,SPD,22,6.41399416909621
08336091,"Weil am Rhein, Stadt",Erststimmen,SPD,1526,13.043849901700998
08336091,"Weil am Rhein, Stadt",Zweitstimmen,SPD,930,7.922985176350315
08336094,Wembach,Erststimmen,SPD,10,7.142857142857142
08336094,Wembach,Zweitstimmen,SPD,12,8.571428571428571
08336096,Wieden,Erststimmen,SPD,24,7.0588235294117645
08336096,Wieden,Zweitstimmen,SPD,15,4.398826979472141
08336100,Wittlingen,Erststimmen,SPD,68,12.710280373831775
08336100,Wittlingen,Zweitstimmen,SPD,37,6.902985074626866
08336103,"Zell im Wiesental, Stadt",Erststimmen,SPD,372,14.726840855106888
08336103,"Zell im Wiesental, Stadt",Zweitstimmen,SPD,266,10.530482977038796
08336105,Grenzach-Wyhlen,Erststimmen,SPD,607,9.844307492701914
08336105,Grenzach-Wyhlen,Zweitstimmen,SPD,380,6.164828033744322
08336106,Häg-Ehrsberg,Erststimmen,SPD,33,6.693711967545639
08336106,Häg-Ehrsberg,Zweitstimmen,SPD,21,4.2682926829268295
08336107,Kleines Wiesental,Erststimmen,SPD,148,8.964264082374317
08336107,Kleines Wiesental,Zweitstimmen,SPD,107,6.47307924984876
08337002,Albbruck,Erststimmen,SPD,187,5.033647375504711
08337002,Albbruck,Zweitstimmen,SPD,163,4.379365932294466
08337030,Dettighofen,Erststimmen,SPD,23,4.035087719298246
08337030,Dettighofen,Zweitstimmen,SPD,24,4.21792618629174
08337032,Dogern,Erststimmen,SPD,58,4.746317512274959
08337032,Dogern,Zweitstimmen,SPD,69,5.655737704918033
08337038,Görwihl,Erststimmen,SPD,98,4.088443888193575
08337038,Görwihl,Zweitstimmen,SPD,88,3.6651395251978345
08337049,Herrischried,Erststimmen,SPD,49,3.6458333333333335
08337049,Herrischried,Zweitstimmen,SPD,42,3.1042128603104215
08337053,Hohentengen am Hochrhein,Erststimmen,SPD,106,5.629314922995221
08337053,Hohentengen am Hochrhein,Zweitstimmen,SPD,99,5.254777070063694
08337060,Jestetten,Erststimmen,SPD,142,6.807286673058485
08337060,Jestetten,Zweitstimmen,SPD,132,6.333973128598848
08337062,Klettgau,Erststimmen,SPD,209,5.738605161998902
08337062,Klettgau,Zweitstimmen,SPD,193,5.2949245541838135
08337065,Lauchringen,Erststimmen,SPD,231,6.211347136326969
08337065,Lauchringen,Zweitstimmen,SPD,216,5.804891158290782
08337066,"Laufenburg (Baden), Stadt",Erststimmen,SPD,261,7.014243482934695
08337066,"Laufenburg (Baden), Stadt",Zweitstimmen,SPD,210,5.622489959839357
08337070,Lottstetten,Erststimmen,SPD,58,6.465997770345597
08337070,Lottstetten,Zweitstimmen,SPD,47,5.228031145717464
08337076,Murg,Erststimmen,SPD,227,7.113757442807897
08337076,Murg,Zweitstimmen,SPD,187,5.856561227685562
08337090,Rickenbach,Erststimmen,SPD,96,4.53257790368272
08337090,Rickenbach,Zweitstimmen,SPD,86,4.056603773584905
08337096,"Bad Säckingen, Stadt",Erststimmen,SPD,547,7.640731945802487
08337096,"Bad Säckingen, Stadt",Zweitstimmen,SPD,434,6.053842934858418
08337106,"Stühlingen, Stadt",Erststimmen,SPD,123,4.327938071780436
08337106,"Stühlingen, Stadt",Zweitstimmen,SPD,113,3.9635215713784637
08337116,"Wehr, Stadt",Erststimmen,SPD,385,7.098082595870206
08337116,"Wehr, Stadt",Zweitstimmen,SPD,313,5.758969641214351
08337118,Weilheim,Erststimmen,SPD,83,4.3139293139293144
08337118,Weilheim,Zweitstimmen,SPD,87,4.5101088646967336
08337123,Wutöschingen,Erststimmen,SPD,174,5.492424242424242
08337123,Wutöschingen,Zweitstimmen,SPD,164,5.170239596469105
08337124,Eggingen,Erststimmen,SPD,38,4.081632653061225
08337124,Eggingen,Zweitstimmen,SPD,39,4.180064308681672
08337125,Küssaberg,Erststimmen,SPD,168,5.9447983014862
08337125,Küssaberg,Zweitstimmen,SPD,134,4.728299223712068
08337126,"Waldshut-Tiengen, Stadt",Erststimmen,SPD,645,6.795911916552523
08337126,"Waldshut-Tiengen, Stadt",Zweitstimmen,SPD,569,5.987582868567821
08416006,Bodelshausen,Erststimmen,SPD,250,9.462528387585163
08416006,Bodelshausen,Zweitstimmen,SPD,193,7.324478178368121
08416009,Dettenhausen,Erststimmen,SPD,252,7.9071226859115145
08416009,Dettenhausen,Zweitstimmen,SPD,145,4.545454545454546
08416018,Hirrlingen,Erststimmen,SPD,96,5.501432664756447
08416018,Hirrlingen,Zweitstimmen,SPD,57,3.2460136674259683
08416025,"Mössingen, Stadt",Erststimmen,SPD,868,8.296692792965016
08416025,"Mössingen, Stadt",Zweitstimmen,SPD,573,5.465992559381856
08416031,Ofterdingen,Erststimmen,SPD,212,7.628643396905361
08416031,Ofterdingen,Zweitstimmen,SPD,119,4.277498202731848
08416036,"Rottenburg am Neckar, Stadt",Erststimmen,SPD,1578,6.876116606388077
08416036,"Rottenburg am Neckar, Stadt",Zweitstimmen,SPD,965,4.193282057967236
08416041,"Tübingen, Universitätsstadt",Erststimmen,SPD,5367,10.433311949612177
08416041,"Tübingen, Universitätsstadt",Zweitstimmen,SPD,2402,4.659825014064834
08416048,Ammerbuch,Erststimmen,SPD,513,7.659002687369363
08416048,Ammerbuch,Zweitstimmen,SPD,244,3.6347385669596304
08416049,Neustetten,Erststimmen,SPD,109,5.131826741996234
08416049,Neustetten,Zweitstimmen,SPD,84,3.9399624765478425
08416050,Starzach,Erststimmen,SPD,134,5.2160373686259245
08416050,Starzach,Zweitstimmen,SPD,98,3.7955073586367156
08417002,"Balingen, Stadt",Erststimmen,SPD,1358,7.760443453911652
08417002,"Balingen, Stadt",Zweitstimmen,SPD,951,5.416642934442103
08417008,Bisingen,Erststimmen,SPD,364,7.411932396660557
08417008,Bisingen,Zweitstimmen,SPD,271,5.488051842851357
08417010,Bitz,Erststimmen,SPD,107,5.304908279623203
08417010,Bitz,Zweitstimmen,SPD,66,3.2560434139121854
08417014,Dautmergen,Erststimmen,SPD,8,3.11284046692607
08417014,Dautmergen,Zweitstimmen,SPD,7,2.7131782945736433
08417015,Dormettingen,Erststimmen,SPD,34,5.811965811965812
08417015,Dormettingen,Zweitstimmen,SPD,19,3.242320819112628
08417016,Dotternhausen,Erststimmen,SPD,77,7.202993451824134
08417016,Dotternhausen,Zweitstimmen,SPD,56,5.223880597014925
08417022,"Geislingen, Stadt",Erststimmen,SPD,174,5.177030645641178
08417022,"Geislingen, Stadt",Zweitstimmen,SPD,124,3.672985781990521
08417023,Grosselfingen,Erststimmen,SPD,57,5.026455026455026
08417023,Grosselfingen,Zweitstimmen,SPD,53,4.661389621811785
08417025,"Haigerloch, Stadt",Erststimmen,SPD,293,5.178508306822199
08417025,"Haigerloch, Stadt",Zweitstimmen,SPD,219,3.845478489903424
08417029,Hausen am Tann,Erststimmen,SPD,14,5.405405405405405
08417029,Hausen am Tann,Zweitstimmen,SPD,8,3.065134099616858
08417044,"Meßstetten, Stadt",Erststimmen,SPD,367,6.647346495200145
08417044,"Meßstetten, Stadt",Zweitstimmen,SPD,201,3.62619520115461
08417045,Nusplingen,Erststimmen,SPD,103,10.362173038229376
08417045,Nusplingen,Zweitstimmen,SPD,23,2.3046092184368736
08417047,Obernheim,Erststimmen,SPD,67,7.854630715123095
08417047,Obernheim,Zweitstimmen,SPD,28,3.274853801169591
08417051,Rangendingen,Erststimmen,SPD,168,5.894736842105263
08417051,Rangendingen,Zweitstimmen,SPD,102,3.5626964722319245
08417052,Ratshausen,Erststimmen,SPD,12,2.6726057906458798
08417052,Ratshausen,Zweitstimmen,SPD,9,1.991150442477876
08417054,"Rosenfeld, Stadt",Erststimmen,SPD,181,5.234239444765761
08417054,"Rosenfeld, Stadt",Zweitstimmen,SPD,124,3.5570854847963282
08417057,"Schömberg, Stadt",Erststimmen,SPD,97,4.413102820746133
08417057,"Schömberg, Stadt",Zweitstimmen,SPD,76,3.4467120181405893
08417063,Straßberg,Erststimmen,SPD,85,5.944055944055944
08417063,Straßberg,Zweitstimmen,SPD,57,3.9776692254012564
08417071,Weilen unter den Rinnen,Erststimmen,SPD,16,4.266666666666667
08417071,Weilen unter den Rinnen,Zweitstimmen,SPD,17,4.557640750670242
08417075,Winterlingen,Erststimmen,SPD,181,5.455093429776974
08417075,Winterlingen,Zweitstimmen,SPD,125,3.751500600240096
08417078,Zimmern unter der Burg,Erststimmen,SPD,20,7.042253521126761
08417078,Zimmern unter der Burg,Zweitstimmen,SPD,20,6.993006993006993
08417079,"Albstadt, Stadt",Erststimmen,SPD,1404,7.500801367667485
08417079,"Albstadt, Stadt",Zweitstimmen,SPD,838,4.454840253043432
08425002,Allmendingen,Erststimmen,SPD,92,3.420074349442379
08425002,Allmendingen,Zweitstimmen,SPD,77,2.87635412775495
08425004,Altheim,Erststimmen,SPD,7,2.5735294117647056
08425004,Altheim,Zweitstimmen,SPD,6,2.181818181818182
08425005,Altheim (Alb),Erststimmen,SPD,58,5.62015503875969
08425005,Altheim (Alb),Zweitstimmen,SPD,39,3.7572254335260116
08425008,Amstetten,Erststimmen,SPD,136,6.139954853273138
08425008,Amstetten,Zweitstimmen,SPD,103,4.669084315503174
08425011,Asselfingen,Erststimmen,SPD,28,5.303030303030303
08425011,Asselfingen,Zweitstimmen,SPD,20,3.7735849056603774
08425013,Ballendorf,Erststimmen,SPD,16,5.228758169934641
08425013,Ballendorf,Zweitstimmen,SPD,15,4.934210526315789
08425014,Beimerstetten,Erststimmen,SPD,333,23.617021276595747
08425014,Beimerstetten,Zweitstimmen,SPD,98,6.925795053003533
08425017,Berghülen,Erststimmen,SPD,58,4.703974047039741
08425017,Berghülen,Zweitstimmen,SPD,33,2.6851098454027666
08425019,Bernstadt,Erststimmen,SPD,101,7.324147933284989
08425019,Bernstadt,Zweitstimmen,SPD,57,4.130434782608695
08425020,"Blaubeuren, Stadt",Erststimmen,SPD,449,7.446102819237148
08425020,"Blaubeuren, Stadt",Zweitstimmen,SPD,315,5.225613802256138
08425022,Börslingen,Erststimmen,SPD,4,3.7735849056603774
08425022,Börslingen,Zweitstimmen,SPD,3,2.857142857142857
08425024,Breitingen,Erststimmen,SPD,10,7.042253521126761
08425024,Breitingen,Zweitstimmen,SPD,2,1.4084507042253522
08425031,Dornstadt,Erststimmen,SPD,407,8.353858784893267
08425031,Dornstadt,Zweitstimmen,SPD,238,4.869067103109656
08425033,"Ehingen (Donau), Stadt",Erststimmen,SPD,452,3.4952056913083824
08425033,"Ehingen (Donau), Stadt",Zweitstimmen,SPD,406,3.142171658540361
08425035,Emeringen,Erststimmen,SPD,2,1.8691588785046727
08425035,Emeringen,Zweitstimmen,SPD,2,1.8867924528301887
08425036,Emerkingen,Erststimmen,SPD,6,1.5665796344647518
08425036,Emerkingen,Zweitstimmen,SPD,9,2.3622047244094486
08425050,Griesingen,Erststimmen,SPD,18,3.79746835443038
08425050,Griesingen,Zweitstimmen,SPD,15,3.171247357293869
08425052,Grundsheim,Erststimmen,SPD,2,1.5267175572519083
08425052,Grundsheim,Zweitstimmen,SPD,2,1.5267175572519083
08425055,Hausen am Bussen,Erststimmen,SPD,1,0.6993006993006993
08425055,Hausen am Bussen,Zweitstimmen,SPD,0,0.0
08425062,Holzkirch,Erststimmen,SPD,6,4.511278195488721
08425062,Holzkirch,Zweitstimmen,SPD,3,2.307692307692308
08425071,"Laichingen, Stadt",Erststimmen,SPD,295,4.99322951929587
08425071,"Laichingen, Stadt",Zweitstimmen,SPD,202,3.418514130986631
08425072,"Langenau, Stadt",Erststimmen,SPD,657,8.132194578536946
08425072,"Langenau, Stadt",Zweitstimmen,SPD,425,5.257298367144977
08425073,Lauterach,Erststimmen,SPD,1,0.3731343283582089
08425073,Lauterach,Zweitstimmen,SPD,2,0.7434944237918215
08425075,Lonsee,Erststimmen,SPD,171,6.177745664739884
08425075,Lonsee,Zweitstimmen,SPD,117,4.211663066954643
08425079,Merklingen,Erststimmen,SPD,52,4.326123128119801
08425079,Merklingen,Zweitstimmen,SPD,40,3.3250207813798838
08425081,"Munderkingen, Stadt",Erststimmen,SPD,69,3.032967032967033
08425081,"Munderkingen, Stadt",Zweitstimmen,SPD,57,2.511013215859031
08425083,Neenstetten,Erststimmen,SPD,30,7.142857142857142
08425083,Neenstetten,Zweitstimmen,SPD,25,6.009615384615385
08425084,Nellingen,Erststimmen,SPD,45,3.4588777863182165
08425084,Nellingen,Zweitstimmen,SPD,41,3.14900153609831
08425085,Nerenstetten,Erststimmen,SPD,4,2.094240837696335
08425085,Nerenstetten,Zweitstimmen,SPD,1,0.5208333333333333
08425088,Oberdischingen,Erststimmen,SPD,62,4.821150855365474
08425088,Oberdischingen,Zweitstimmen,SPD,39,3.0373831775700935
08425090,Obermarchtal,Erststimmen,SPD,24,2.9447852760736195
08425090,Obermarchtal,Zweitstimmen,SPD,22,2.719406674907293
08425091,Oberstadion,Erststimmen,SPD,19,1.8737672583826428
08425091,Oberstadion,Zweitstimmen,SPD,16,1.5794669299111548
08425092,Öllingen,Erststimmen,SPD,4,1.6129032258064515
08425092,Öllingen,Zweitstimmen,SPD,4,1.6260162601626018
08425093,Öpfingen,Erststimmen,SPD,54,4.292527821939586
08425093,Öpfingen,Zweitstimmen,SPD,46,3.650793650793651
08425097,Rammingen,Erststimmen,SPD,41,5.366492146596859
08425097,Rammingen,Zweitstimmen,SPD,36,4.712041884816754
08425098,Rechtenstein,Erststimmen,SPD,6,4.10958904109589
08425098,Rechtenstein,Zweitstimmen,SPD,7,4.761904761904762
08425104,Rottenacker,Erststimmen,SPD,47,3.8430089942763694
08425104,Rottenacker,Zweitstimmen,SPD,47,3.8524590163934427
08425108,"Schelklingen, Stadt",Erststimmen,SPD,192,5.623901581722319
08425108,"Schelklingen, Stadt",Zweitstimmen,SPD,149,4.368220463207271
08425112,Setzingen,Erststimmen,SPD,14,4.069767441860465
08425112,Setzingen,Zweitstimmen,SPD,13,3.812316715542522
08425123,Untermarchtal,Erststimmen,SPD,7,2.1671826625387
08425123,Untermarchtal,Zweitstimmen,SPD,6,1.8518518518518516
08425124,Unterstadion,Erststimmen,SPD,4,0.8968609865470852
08425124,Unterstadion,Zweitstimmen,SPD,3,0.6741573033707865
08425125,Unterwachingen,Erststimmen,SPD,0,0.0
08425125,Unterwachingen,Zweitstimmen,SPD,2,1.5625
08425130,Weidenstetten,Erststimmen,SPD,73,8.63905325443787
08425130,Weidenstetten,Zweitstimmen,SPD,42,4.976303317535545
08425134,Westerheim,Erststimmen,SPD,76,4.081632653061225
08425134,Westerheim,Zweitstimmen,SPD,63,3.3653846153846154
08425135,Westerstetten,Erststimmen,SPD,103,7.7677224736048265
08425135,Westerstetten,Zweitstimmen,SPD,59,4.442771084337349
08425139,Heroldstatt,Erststimmen,SPD,54,3.125
08425139,Heroldstatt,Zweitstimmen,SPD,41,2.3699421965317917
08426001,Achstetten,Erststimmen,SPD,135,4.562352145995269
08426001,Achstetten,Zweitstimmen,SPD,111,3.757616790792146
08426005,Alleshausen,Erststimmen,SPD,7,2.430555555555556
08426005,Alleshausen,Zweitstimmen,SPD,5,1.7482517482517483
08426006,Allmannsweiler,Erststimmen,SPD,3,1.7857142857142856
08426006,Allmannsweiler,Zweitstimmen,SPD,4,2.380952380952381
08426008,Altheim,Erststimmen,SPD,68,5.30421216848674
08426008,Altheim,Zweitstimmen,SPD,28,2.185792349726776
08426011,Attenweiler,Erststimmen,SPD,54,4.437140509449466
08426011,Attenweiler,Zweitstimmen,SPD,43,3.5274815422477444
08426013,"Bad Buchau, Stadt",Erststimmen,SPD,135,5.014858841010401
08426013,"Bad Buchau, Stadt",Zweitstimmen,SPD,100,3.69139904023625
08426014,"Bad Schussenried, Stadt",Erststimmen,SPD,230,5.272810637322329
08426014,"Bad Schussenried, Stadt",Zweitstimmen,SPD,145,3.3234013293605322
08426020,Betzenweiler,Erststimmen,SPD,10,3.2467532467532463
08426020,Betzenweiler,Zweitstimmen,SPD,8,2.6058631921824107
08426021,"Biberach an der Riß, Stadt",Erststimmen,SPD,1337,8.242401824795019
08426021,"Biberach an der Riß, Stadt",Zweitstimmen,SPD,736,4.533694714796107
08426028,Burgrieden,Erststimmen,SPD,120,5.163511187607573
08426028,Burgrieden,Zweitstimmen,SPD,96,4.1166380789022305
08426035,Dürmentingen,Erststimmen,SPD,56,3.7735849056603774
08426035,Dürmentingen,Zweitstimmen,SPD,41,2.7702702702702706
08426036,Dürnau,Erststimmen,SPD,8,4.0201005025125625
08426036,Dürnau,Zweitstimmen,SPD,8,4.0201005025125625
08426038,Eberhardzell,Erststimmen,SPD,123,4.570791527313267
08426038,Eberhardzell,Zweitstimmen,SPD,69,2.569832402234637
08426043,Erlenmoos,Erststimmen,SPD,80,7.434944237918216
08426043,Erlenmoos,Zweitstimmen,SPD,56,5.21415270018622
08426045,Ertingen,Erststimmen,SPD,93,3.054187192118227
08426045,Ertingen,Zweitstimmen,SPD,73,2.400526142716212
08426058,Hochdorf,Erststimmen,SPD,80,5.5134390075809785
08426058,Hochdorf,Zweitstimmen,SPD,47,3.243616287094548
08426062,Ingoldingen,Erststimmen,SPD,79,4.186539480657127
08426062,Ingoldingen,Zweitstimmen,SPD,51,2.7027027027027026
08426064,Kanzach,Erststimmen,SPD,6,2.4489795918367347
08426064,Kanzach,Zweitstimmen,SPD,3,1.2244897959183674
08426067,Langenenslingen,Erststimmen,SPD,74,3.6009732360097324
08426067,Langenenslingen,Zweitstimmen,SPD,53,2.5728155339805827
08426070,"Laupheim, Stadt",Erststimmen,SPD,635,5.719174997748357
08426070,"Laupheim, Stadt",Zweitstimmen,SPD,422,3.7963296149694132
08426071,Maselheim,Erststimmen,SPD,142,5.3869499241274665
08426071,Maselheim,Zweitstimmen,SPD,107,4.060721062618596
08426073,Mietingen,Erststimmen,SPD,111,3.83419689119171
08426073,Mietingen,Zweitstimmen,SPD,83,2.8670120898100175
08426074,Mittelbiberach,Erststimmen,SPD,215,8.32365466511808
08426074,Mittelbiberach,Zweitstimmen,SPD,97,3.742283950617284
08426078,Moosburg,Erststimmen,SPD,3,2.2900763358778624
08426078,Moosburg,Zweitstimmen,SPD,2,1.5384615384615385
08426087,"Ochsenhausen, Stadt",Erststimmen,SPD,245,5.404809177145379
08426087,"Ochsenhausen, Stadt",Zweitstimmen,SPD,178,3.9181157825225625
08426090,Oggelshausen,Erststimmen,SPD,8,2.5396825396825395
08426090,Oggelshausen,Zweitstimmen,SPD,9,2.848101265822785
08426097,"Riedlingen, Stadt",Erststimmen,SPD,283,5.340630307605208
08426097,"Riedlingen, Stadt",Zweitstimmen,SPD,168,3.1740034007179294
08426108,Schwendi,Erststimmen,SPD,183,4.898286937901499
08426108,Schwendi,Zweitstimmen,SPD,127,3.398447952903398
08426109,Seekirch,Erststimmen,SPD,6,4.316546762589928
08426109,Seekirch,Zweitstimmen,SPD,7,5.0359712230215825
08426113,Steinhausen an der Rottum,Erststimmen,SPD,68,5.086013462976814
08426113,Steinhausen an der Rottum,Zweitstimmen,SPD,33,2.4645257654966395
08426118,Tiefenbach,Erststimmen,SPD,12,5.429864253393665
08426118,Tiefenbach,Zweitstimmen,SPD,9,4.054054054054054
08426120,Ummendorf,Erststimmen,SPD,314,12.275215011727912
08426120,Ummendorf,Zweitstimmen,SPD,116,4.533020711215318
08426121,Unlingen,Erststimmen,SPD,40,2.710027100271003
08426121,Unlingen,Zweitstimmen,SPD,31,2.0917678812415654
08426124,Uttenweiler,Erststimmen,SPD,82,3.6171151301279223
08426124,Uttenweiler,Zweitstimmen,SPD,69,3.0450132391879965
08426125,Wain,Erststimmen,SPD,46,5.239179954441914
08426125,Wain,Zweitstimmen,SPD,38,4.308390022675737
08426128,Warthausen,Erststimmen,SPD,183,6.321243523316062
08426128,Warthausen,Zweitstimmen,SPD,111,3.8395019024558974
08426134,Schemmerhofen,Erststimmen,SPD,230,4.523996852871755
08426134,Schemmerhofen,Zweitstimmen,SPD,150,2.945797329143755
08426135,Gutenzell-Hürbel,Erststimmen,SPD,43,3.7165082108902334
08426135,Gutenzell-Hürbel,Zweitstimmen,SPD,28,2.4179620034542317
08435005,Bermatingen,Erststimmen,SPD,148,6.445993031358885
08435005,Bermatingen,Zweitstimmen,SPD,112,4.8653344917463075
08435010,Daisendorf,Erststimmen,SPD,47,5.159165751920966
08435010,Daisendorf,Zweitstimmen,SPD,35,3.816793893129771
08435013,Eriskirch,Erststimmen,SPD,151,5.86863583365721
08435013,Eriskirch,Zweitstimmen,SPD,101,3.920807453416149
08435015,Frickingen,Erststimmen,SPD,98,5.265986029016657
08435015,Frickingen,Zweitstimmen,SPD,79,4.233654876741694
08435016,"Friedrichshafen, Stadt",Erststimmen,SPD,1887,7.259367546356851
08435016,"Friedrichshafen, Stadt",Zweitstimmen,SPD,1385,5.309768440423248
08435018,Hagnau am Bodensee,Erststimmen,SPD,42,5.078597339782346
08435018,Hagnau am Bodensee,Zweitstimmen,SPD,19,2.283653846153846
08435020,Heiligenberg,Erststimmen,SPD,88,5.213270142180095
08435020,Heiligenberg,Zweitstimmen,SPD,63,3.705882352941176
08435024,Immenstaad am Bodensee,Erststimmen,SPD,261,7.489239598278336
08435024,Immenstaad am Bodensee,Zweitstimmen,SPD,191,5.466514024041214
08435029,Kressbronn am Bodensee,Erststimmen,SPD,328,6.900904691773617
08435029,Kressbronn am Bodensee,Zweitstimmen,SPD,220,4.616030214015946
08435030,Langenargen,Erststimmen,SPD,269,5.971143174250832
08435030,Langenargen,Zweitstimmen,SPD,181,4.012414098869431
08435034,"Markdorf, Stadt",Erststimmen,SPD,454,6.189502385821404
08435034,"Markdorf, Stadt",Zweitstimmen,SPD,322,4.379760609357998
08435036,"Meersburg, Stadt",Erststimmen,SPD,210,6.946741647370162
08435036,"Meersburg, Stadt",Zweitstimmen,SPD,133,4.3937892302609844
08435045,Oberteuringen,Erststimmen,SPD,136,5.059523809523809
08435045,Oberteuringen,Zweitstimmen,SPD,105,3.894658753709199
08435047,Owingen,Erststimmen,SPD,202,8.208045509955303
08435047,Owingen,Zweitstimmen,SPD,104,4.20032310177706
08435052,Salem,Erststimmen,SPD,394,5.874459519904578
08435052,Salem,Zweitstimmen,SPD,287,4.272104793093182
08435053,Sipplingen,Erststimmen,SPD,91,7.514450867052023
08435053,Sipplingen,Zweitstimmen,SPD,48,3.963666391412056
08435054,Stetten,Erststimmen,SPD,50,8.665511265164644
08435054,Stetten,Zweitstimmen,SPD,36,6.217616580310881
08435059,"Überlingen, Stadt",Erststimmen,SPD,1379,11.356336984270774
08435059,"Überlingen, Stadt",Zweitstimmen,SPD,611,5.016420361247947
08435066,Uhldingen-Mühlhofen,Erststimmen,SPD,323,7.587502936340146
08435066,Uhldingen-Mühlhofen,Zweitstimmen,SPD,199,4.659330367595411
08435067,Deggenhausertal,Erststimmen,SPD,122,4.765625
08435067,Deggenhausertal,Zweitstimmen,SPD,120,4.682013265704253
08437005,Beuron,Erststimmen,SPD,15,3.826530612244898
08437005,Beuron,Zweitstimmen,SPD,20,5.0761421319796955
08437008,Bingen,Erststimmen,SPD,71,4.516539440203562
08437008,Bingen,Zweitstimmen,SPD,55,3.4722222222222223
08437031,"Gammertingen, Stadt",Erststimmen,SPD,137,4.343690551680406
08437031,"Gammertingen, Stadt",Zweitstimmen,SPD,131,4.150823827629911
08437044,Herbertingen,Erststimmen,SPD,85,3.2123960695389266
08437044,Herbertingen,Zweitstimmen,SPD,80,2.998500749625187
08437047,"Hettingen, Stadt",Erststimmen,SPD,50,4.205214465937763
08437047,"Hettingen, Stadt",Zweitstimmen,SPD,48,4.0472175379426645
08437053,Hohentengen,Erststimmen,SPD,70,2.8583095140873827
08437053,Hohentengen,Zweitstimmen,SPD,62,2.5162337662337664
08437056,Illmensee,Erststimmen,SPD,49,3.977272727272727
08437056,Illmensee,Zweitstimmen,SPD,40,3.2336297493936947
08437059,Inzigkofen,Erststimmen,SPD,60,3.4642032332563506
08437059,Inzigkofen,Zweitstimmen,SPD,46,2.6467203682393556
08437065,Krauchenwies,Erststimmen,SPD,110,4.084663943557372
08437065,Krauchenwies,Zweitstimmen,SPD,92,3.4074074074074074
08437072,Leibertingen,Erststimmen,SPD,54,3.768318213538032
08437072,Leibertingen,Zweitstimmen,SPD,45,3.1358885017421603
08437076,"Mengen, Stadt",Erststimmen,SPD,184,3.762011858515641
08437076,"Mengen, Stadt",Zweitstimmen,SPD,138,2.804878048780488
08437078,"Meßkirch, Stadt",Erststimmen,SPD,164,3.964225284022238
08437078,"Meßkirch, Stadt",Zweitstimmen,SPD,146,3.5333978702807354
08437082,Neufra,Erststimmen,SPD,40,3.8872691933916426
08437082,Neufra,Zweitstimmen,SPD,31,2.9922779922779923
08437086,Ostrach,Erststimmen,SPD,153,3.9575788929125713
08437086,Ostrach,Zweitstimmen,SPD,128,3.3049315775884325
08437088,"Pfullendorf, Stadt",Erststimmen,SPD,251,4.418236226016546
08437088,"Pfullendorf, Stadt",Zweitstimmen,SPD,200,3.51123595505618
08437100,"Bad Saulgau, Stadt",Erststimmen,SPD,443,5.0358076617028535
08437100,"Bad Saulgau, Stadt",Zweitstimmen,SPD,361,4.0999432140829075
08437101,"Scheer, Stadt",Erststimmen,SPD,53,4.137392661982826
08437101,"Scheer, Stadt",Zweitstimmen,SPD,46,3.596559812353401
08437102,Schwenningen,Erststimmen,SPD,41,4.083665338645418
08437102,Schwenningen,Zweitstimmen,SPD,36,3.574975173783516
08437104,"Sigmaringen, Stadt",Erststimmen,SPD,402,5.252155735563104
08437104,"Sigmaringen, Stadt",Zweitstimmen,SPD,358,4.6596381621762335
08437105,Sigmaringendorf,Erststimmen,SPD,95,4.874294510005131
08437105,Sigmaringendorf,Zweitstimmen,SPD,85,4.3345232024477305
08437107,Stetten am kalten Markt,Erststimmen,SPD,131,4.810870363569593
08437107,Stetten am kalten Markt,Zweitstimmen,SPD,114,4.16819012797075
08437114,"Veringenstadt, Stadt",Erststimmen,SPD,56,4.761904761904762
08437114,"Veringenstadt, Stadt",Zweitstimmen,SPD,47,4.020530367835757
08437118,Wald,Erststimmen,SPD,51,3.211586901763224
08437118,Wald,Zweitstimmen,SPD,44,2.7690371302706107
08437123,Sauldorf,Erststimmen,SPD,47,2.9522613065326633
08437123,Sauldorf,Zweitstimmen,SPD,42,2.631578947368421
08437124,Herdwangen-Schönach,Erststimmen,SPD,91,4.737116085372202
08437124,Herdwangen-Schönach,Zweitstimmen,SPD,82,4.268610098906819
08121000,"Heilbronn, Universitätsstadt",Erststimmen,Tierschutzpartei,0,0.0
08121000,"Heilbronn, Universitätsstadt",Zweitstimmen,Tierschutzpartei,424,0.936995867494641
08125030,Flein,Erststimmen,Tierschutzpartei,0,0.0
08125030,Flein,Zweitstimmen,Tierschutzpartei,35,0.8511673151750972
08125058,"Leingarten, Stadt",Erststimmen,Tierschutzpartei,0,0.0
08125058,"Leingarten, Stadt",Zweitstimmen,Tierschutzpartei,37,0.6376012407375495
08125074,Nordheim,Erststimmen,Tierschutzpartei,0,0.0
08125074,Nordheim,Zweitstimmen,Tierschutzpartei,42,0.9242957746478873
08125094,Talheim,Erststimmen,Tierschutzpartei,0,0.0
08125094,Talheim,Zweitstimmen,Tierschutzpartei,27,0.9417509591907918
08126011,Bretzfeld,Erststimmen,Tierschutzpartei,0,0.0
08126011,Bretzfeld,Zweitstimmen,Tierschutzpartei,69,1.011581879489811
08126020,Dörzbach,Erststimmen,Tierschutzpartei,0,0.0
08126020,Dörzbach,Zweitstimmen,Tierschutzpartei,11,0.7790368271954674
08126028,"Forchtenberg, Stadt",Erststimmen,Tierschutzpartei,0,0.0
08126028,"Forchtenberg, Stadt",Zweitstimmen,Tierschutzpartei,18,0.6463195691202872
08126039,"Ingelfingen, Stadt",Erststimmen,Tierschutzpartei,0,0.0
08126039,"Ingelfingen, Stadt",Zweitstimmen,Tierschutzpartei,30,1.0003334444814937
08126045,"Krautheim, Stadt",Erststimmen,Tierschutzpartei,0,0.0
08126045,"Krautheim, Stadt",Zweitstimmen,Tierschutzpartei,12,0.49281314168377827
08126046,"Künzelsau, Stadt",Erststimmen,Tierschutzpartei,0,0.0
08126046,"Künzelsau, Stadt",Zweitstimmen,Tierschutzpartei,65,0.9167842031029618
08126047,Kupferzell,Erststimmen,Tierschutzpartei,0,0.0
08126047,Kupferzell,Zweitstimmen,Tierschutzpartei,36,1.08010801080108
08126056,Mulfingen,Erststimmen,Tierschutzpartei,0,0.0
08126056,Mulfingen,Zweitstimmen,Tierschutzpartei,16,0.6941431670281996
08126058,"Neuenstein, Stadt",Erststimmen,Tierschutzpartei,0,0.0
08126058,"Neuenstein, Stadt",Zweitstimmen,Tierschutzpartei,34,0.9843659525188188
08126060,"Niedernhall, Stadt",Erststimmen,Tierschutzpartei,0,0.0
08126060,"Niedernhall, Stadt",Zweitstimmen,Tierschutzpartei,19,0.9595959595959596
08126066,"Öhringen, Stadt",Erststimmen,Tierschutzpartei,0,0.0
08126066,"Öhringen, Stadt",Zweitstimmen,Tierschutzpartei,93,0.8086253369272237
08126069,Pfedelbach,Erststimmen,Tierschutzpartei,0,0.0
08126069,Pfedelbach,Zweitstimmen,Tierschutzpartei,51,1.0210210210210209
08126072,Schöntal,Erststimmen,Tierschutzpartei,0,0.0
08126072,Schöntal,Zweitstimmen,Tierschutzpartei,40,1.1484352569623888
08126085,"Waldenburg, Stadt",Erststimmen,Tierschutzpartei,0,0.0
08126085,"Waldenburg, Stadt",Zweitstimmen,Tierschutzpartei,21,1.3027295285359801
08126086,Weißbach,Erststimmen,Tierschutzpartei,0,0.0
08126086,Weißbach,Zweitstimmen,Tierschutzpartei,12,1.430274135876043
08126094,Zweiflingen,Erststimmen,Tierschutzpartei,0,0.0
08126094,Zweiflingen,Zweitstimmen,Tierschutzpartei,15,1.4177693761814745
08127008,Blaufelden,Erststimmen,Tierschutzpartei,0,0.0
08127008,Blaufelden,Zweitstimmen,Tierschutzpartei,31,1.1272727272727272
08127009,Braunsbach,Erststimmen,Tierschutzpartei,0,0.0
08127009,Braunsbach,Zweitstimmen,Tierschutzpartei,20,1.3218770654329148
08127012,Bühlertann,Erststimmen,Tierschutzpartei,0,0.0
08127012,Bühlertann,Zweitstimmen,Tierschutzpartei,15,0.9014423076923076
08127013,Bühlerzell,Erststimmen,Tierschutzpartei,0,0.0
08127013,Bühlerzell,Zweitstimmen,Tierschutzpartei,9,0.6875477463712758
08127014,"Crailsheim, Stadt",Erststimmen,Tierschutzpartei,0,0.0
08127014,"Crailsheim, Stadt",Zweitstimmen,Tierschutzpartei,99,0.7666098807495741
08127023,Fichtenberg,Erststimmen,Tierschutzpartei,0,0.0
08127023,Fichtenberg,Zweitstimmen,Tierschutzpartei,19,1.1713933415536375
08127025,"Gaildorf, Stadt",Erststimmen,Tierschutzpartei,0,0.0
08127025,"Gaildorf, Stadt",Zweitstimmen,Tierschutzpartei,49,0.9455808568120416
08127032,"Gerabronn, Stadt",Erststimmen,Tierschutzpartei,0,0.0
08127032,"Gerabronn, Stadt",Zweitstimmen,Tierschutzpartei,23,1.116504854368932
08127043,"Ilshofen, Stadt",Erststimmen,Tierschutzpartei,0,0.0
08127043,"Ilshofen, Stadt",Zweitstimmen,Tierschutzpartei,21,0.6229605458320974
08127046,"Kirchberg an der Jagst, Stadt",Erststimmen,Tierschutzpartei,0,0.0
08127046,"Kirchberg an der Jagst, Stadt",Zweitstimmen,Tierschutzpartei,32,1.4835419564209549
08127047,"Langenburg, Stadt",Erststimmen,Tierschutzpartei,0,0.0
08127047,"Langenburg, Stadt",Zweitstimmen,Tierschutzpartei,8,0.7928642220019821
08127052,Mainhardt,Erststimmen,Tierschutzpartei,0,0.0
08127052,Mainhardt,Zweitstimmen,Tierschutzpartei,38,1.1775643012085528
08127056,Michelbach an der Bilz,Erststimmen,Tierschutzpartei,0,0.0
08127056,Michelbach an der Bilz,Zweitstimmen,Tierschutzpartei,10,0.4970178926441352
08127059,Michelfeld,Erststimmen,Tierschutzpartei,0,0.0
08127059,Michelfeld,Zweitstimmen,Tierschutzpartei,12,0.5565862708719851
08127062,Oberrot,Erststimmen,Tierschutzpartei,0,0.0
08127062,Oberrot,Zweitstimmen,Tierschutzpartei,16,0.8928571428571428
08127063,Obersontheim,Erststimmen,Tierschutzpartei,0,0.0
08127063,Obersontheim,Zweitstimmen,Tierschutzpartei,16,0.5828779599271403
08127071,Rot am See,Erststimmen,Tierschutzpartei,0,0.0
08127071,Rot am See,Zweitstimmen,Tierschutzpartei,21,0.7089804186360568
08127073,Satteldorf,Erststimmen,Tierschutzpartei,0,0.0
08127073,Satteldorf,Zweitstimmen,Tierschutzpartei,27,0.9427374301675978
08127075,"Schrozberg, Stadt",Erststimmen,Tierschutzpartei,0,0.0
08127075,"Schrozberg, Stadt",Zweitstimmen,Tierschutzpartei,19,0.6622516556291391
08127076,"Schwäbisch Hall, Stadt",Erststimmen,Tierschutzpartei,0,0.0
08127076,"Schwäbisch Hall, Stadt",Zweitstimmen,Tierschutzpartei,130,0.6424194504842854
08127079,Sulzbach-Laufen,Erststimmen,Tierschutzpartei,0,0.0
08127079,Sulzbach-Laufen,Zweitstimmen,Tierschutzpartei,16,1.146131805157593
08127086,Untermünkheim,Erststimmen,Tierschutzpartei,0,0.0
08127086,Untermünkheim,Zweitstimmen,Tierschutzpartei,11,0.6037321624588364
08127089,"Vellberg, Stadt",Erststimmen,Tierschutzpartei,0,0.0
08127089,"Vellberg, Stadt",Zweitstimmen,Tierschutzpartei,31,1.2081060015588463
08127091,Wallhausen,Erststimmen,Tierschutzpartei,0,0.0
08127091,Wallhausen,Zweitstimmen,Tierschutzpartei,6,0.32
08127099,Wolpertshausen,Erststimmen,Tierschutzpartei,0,0.0
08127099,Wolpertshausen,Zweitstimmen,Tierschutzpartei,8,0.6552006552006553
08127100,Rosengarten,Erststimmen,Tierschutzpartei,0,0.0
08127100,Rosengarten,Zweitstimmen,Tierschutzpartei,25,0.8602890571231934
08127101,Kreßberg,Erststimmen,Tierschutzpartei,0,0.0
08127101,Kreßberg,Zweitstimmen,Tierschutzpartei,27,1.2869399428026693
08127102,Fichtenau,Erststimmen,Tierschutzpartei,0,0.0
08127102,Fichtenau,Zweitstimmen,Tierschutzpartei,35,1.5541740674955595
08127103,Frankenhardt,Erststimmen,Tierschutzpartei,0,0.0
08127103,Frankenhardt,Zweitstimmen,Tierschutzpartei,30,1.0668563300142246
08127104,Stimpfach,Erststimmen,Tierschutzpartei,0,0.0
08127104,Stimpfach,Zweitstimmen,Tierschutzpartei,10,0.5984440454817475
08128006,Assamstadt,Erststimmen,Tierschutzpartei,0,0.0
08128006,Assamstadt,Zweitstimmen,Tierschutzpartei,13,0.9558823529411765
08128007,"Bad Mergentheim, Stadt",Erststimmen,Tierschutzpartei,0,0.0
08128007,"Bad Mergentheim, Stadt",Zweitstimmen,Tierschutzpartei,104,0.9240337627721014
08128014,"Boxberg, Stadt",Erststimmen,Tierschutzpartei,0,0.0
08128014,"Boxberg, Stadt",Zweitstimmen,Tierschutzpartei,41,1.0721757322175733
08128020,"Creglingen, Stadt",Erststimmen,Tierschutzpartei,0,0.0
08128020,"Creglingen, Stadt",Zweitstimmen,Tierschutzpartei,15,0.5597014925373134
08128039,"Freudenberg, Stadt",Erststimmen,Tierschutzpartei,0,0.0
08128039,"Freudenberg, Stadt",Zweitstimmen,Tierschutzpartei,19,1.0052910052910053
08128045,Großrinderfeld,Erststimmen,Tierschutzpartei,0,0.0
08128045,Großrinderfeld,Zweitstimmen,Tierschutzpartei,14,0.5909666525960321
08128047,"Grünsfeld, Stadt",Erststimmen,Tierschutzpartei,0,0.0
08128047,"Grünsfeld, Stadt",Zweitstimmen,Tierschutzpartei,29,1.3432144511347845
08128058,Igersheim,Erststimmen,Tierschutzpartei,0,0.0
08128058,Igersheim,Zweitstimmen,Tierschutzpartei,22,0.7159127888057273
08128061,Königheim,Erststimmen,Tierschutzpartei,0,0.0
08128061,Königheim,Zweitstimmen,Tierschutzpartei,21,1.107011070110701
08128064,"Külsheim, Stadt",Erststimmen,Tierschutzpartei,0,0.0
08128064,"Külsheim, Stadt",Zweitstimmen,Tierschutzpartei,34,1.1118378024852846
08128082,"Niederstetten, Stadt",Erststimmen,Tierschutzpartei,0,0.0
08128082,"Niederstetten, Stadt",Zweitstimmen,Tierschutzpartei,39,1.2926748425588332
08128115,"Tauberbischofsheim, Stadt",Erststimmen,Tierschutzpartei,0,0.0
08128115,"Tauberbischofsheim, Stadt",Zweitstimmen,Tierschutzpartei,65,0.960401891252955
08128126,"Weikersheim, Stadt",Erststimmen,Tierschutzpartei,0,0.0
08128126,"Weikersheim, Stadt",Zweitstimmen,Tierschutzpartei,38,0.8495416946121171
08128128,Werbach,Erststimmen,Tierschutzpartei,0,0.0
08128128,Werbach,Zweitstimmen,Tierschutzpartei,24,1.238390092879257
08128131,"Wertheim, Stadt",Erststimmen,Tierschutzpartei,0,0.0
08128131,"Wertheim, Stadt",Zweitstimmen,Tierschutzpartei,105,0.9848058525604951
08128137,Wittighausen,Erststimmen,Tierschutzpartei,0,0.0
08128137,Wittighausen,Zweitstimmen,Tierschutzpartei,6,0.5946481665014867
08128138,Ahorn,Erststimmen,Tierschutzpartei,0,0.0
08128138,Ahorn,Zweitstimmen,Tierschutzpartei,12,0.8438818565400843
08128139,"Lauda-Königshofen, Stadt",Erststimmen,Tierschutzpartei,0,0.0
08128139,"Lauda-Königshofen, Stadt",Zweitstimmen,Tierschutzpartei,70,0.9472259810554804
08135010,Dischingen,Erststimmen,Tierschutzpartei,0,0.0
08135010,Dischingen,Zweitstimmen,Tierschutzpartei,17,0.6857603872529245
08135015,Gerstetten,Erststimmen,Tierschutzpartei,0,0.0
08135015,Gerstetten,Zweitstimmen,Tierschutzpartei,58,0.9185936015204309
08135016,"Giengen an der Brenz, Stadt",Erststimmen,Tierschutzpartei,0,0.0
08135016,"Giengen an der Brenz, Stadt",Zweitstimmen,Tierschutzpartei,71,0.9182617692705638
08135019,"Heidenheim an der Brenz, Stadt",Erststimmen,Tierschutzpartei,0,0.0
08135019,"Heidenheim an der Brenz, Stadt",Zweitstimmen,Tierschutzpartei,163,0.8704475061411941
08135020,"Herbrechtingen, Stadt",Erststimmen,Tierschutzpartei,0,0.0
08135020,"Herbrechtingen, Stadt",Zweitstimmen,Tierschutzpartei,57,0.8773279975373249
08135021,Hermaringen,Erststimmen,Tierschutzpartei,0,0.0
08135021,Hermaringen,Zweitstimmen,Tierschutzpartei,6,0.46403712296983757
08135025,Königsbronn,Erststimmen,Tierschutzpartei,0,0.0
08135025,Königsbronn,Zweitstimmen,Tierschutzpartei,37,0.9721492380451918
08135026,Nattheim,Erststimmen,Tierschutzpartei,0,0.0
08135026,Nattheim,Zweitstimmen,Tierschutzpartei,39,1.048951048951049
08135027,"Niederstotzingen, Stadt",Erststimmen,Tierschutzpartei,0,0.0
08135027,"Niederstotzingen, Stadt",Zweitstimmen,Tierschutzpartei,17,0.6685017695635077
08135031,Sontheim an der Brenz,Erststimmen,Tierschutzpartei,0,0.0
08135031,Sontheim an der Brenz,Zweitstimmen,Tierschutzpartei,23,0.7327174259318254
08135032,Steinheim am Albuch,Erststimmen,Tierschutzpartei,0,0.0
08135032,Steinheim am Albuch,Zweitstimmen,Tierschutzpartei,36,0.7772020725388601
08216002,Au am Rhein,Erststimmen,Tierschutzpartei,0,0.0
08216002,Au am Rhein,Zweitstimmen,Tierschutzpartei,32,1.6477857878475797
08216005,Bietigheim,Erststimmen,Tierschutzpartei,0,0.0
08216005,Bietigheim,Zweitstimmen,Tierschutzpartei,35,1.0254907705830647
08216006,Bischweier,Erststimmen,Tierschutzpartei,0,0.0
08216006,Bischweier,Zweitstimmen,Tierschutzpartei,12,0.6924408540103866
08216009,Durmersheim,Erststimmen,Tierschutzpartei,0,0.0
08216009,Durmersheim,Zweitstimmen,Tierschutzpartei,64,1.0851135978297728
08216012,Elchesheim-Illingen,Erststimmen,Tierschutzpartei,0,0.0
08216012,Elchesheim-Illingen,Zweitstimmen,Tierschutzpartei,20,1.1210762331838564
08216013,Forbach,Erststimmen,Tierschutzpartei,0,0.0
08216013,Forbach,Zweitstimmen,Tierschutzpartei,27,1.1245314452311537
08216015,"Gaggenau, Stadt",Erststimmen,Tierschutzpartei,0,0.0
08216015,"Gaggenau, Stadt",Zweitstimmen,Tierschutzpartei,160,1.1449835408616
08216017,"Gernsbach, Stadt",Erststimmen,Tierschutzpartei,0,0.0
08216017,"Gernsbach, Stadt",Zweitstimmen,Tierschutzpartei,85,1.2155012155012155
08216023,Iffezheim,Erststimmen,Tierschutzpartei,0,0.0
08216023,Iffezheim,Zweitstimmen,Tierschutzpartei,24,0.9042954031650339
08216024,"Kuppenheim, Stadt",Erststimmen,Tierschutzpartei,0,0.0
08216024,"Kuppenheim, Stadt",Zweitstimmen,Tierschutzpartei,58,1.3557737260402059
08216029,Loffenau,Erststimmen,Tierschutzpartei,0,0.0
08216029,Loffenau,Zweitstimmen,Tierschutzpartei,20,1.5026296018031555
08216033,Muggensturm,Erststimmen,Tierschutzpartei,0,0.0
08216033,Muggensturm,Zweitstimmen,Tierschutzpartei,37,1.1412708204811846
08216039,Ötigheim,Erststimmen,Tierschutzpartei,0,0.0
08216039,Ötigheim,Zweitstimmen,Tierschutzpartei,30,1.0756543564001435
08216043,"Rastatt, Stadt",Erststimmen,Tierschutzpartei,0,0.0
08216043,"Rastatt, Stadt",Zweitstimmen,Tierschutzpartei,173,0.947789404481455
08216052,Steinmauern,Erststimmen,Tierschutzpartei,0,0.0
08216052,Steinmauern,Zweitstimmen,Tierschutzpartei,18,1.0895883777239708
08216059,Weisenbach,Erststimmen,Tierschutzpartei,0,0.0
08216059,Weisenbach,Zweitstimmen,Tierschutzpartei,23,1.8095987411487018
08231000,"Pforzheim, Stadt",Erststimmen,Tierschutzpartei,0,0.0
08231000,"Pforzheim, Stadt",Zweitstimmen,Tierschutzpartei,574,1.414664202094886
08235006,"Altensteig, Stadt",Erststimmen,Tierschutzpartei,0,0.0
08235006,"Altensteig, Stadt",Zweitstimmen,Tierschutzpartei,48,0.9836065573770493
08235007,Althengstett,Erststimmen,Tierschutzpartei,0,0.0
08235007,Althengstett,Zweitstimmen,Tierschutzpartei,34,0.7418721361553567
08235008,"Bad Liebenzell, Stadt",Erststimmen,Tierschutzpartei,0,0.0
08235008,"Bad Liebenzell, Stadt",Zweitstimmen,Tierschutzpartei,66,1.3639181649101055
08235018,Dobel,Erststimmen,Tierschutzpartei,0,0.0
08235018,Dobel,Zweitstimmen,Tierschutzpartei,18,1.5025041736227045
08235020,Ebhausen,Erststimmen,Tierschutzpartei,0,0.0
08235020,Ebhausen,Zweitstimmen,Tierschutzpartei,17,0.7045171985080813
08235022,Egenhausen,Erststimmen,Tierschutzpartei,0,0.0
08235022,Egenhausen,Zweitstimmen,Tierschutzpartei,8,0.6796941376380629
08235025,Enzklösterle,Erststimmen,Tierschutzpartei,0,0.0
08235025,Enzklösterle,Zweitstimmen,Tierschutzpartei,10,1.3986013986013985
08235029,Gechingen,Erststimmen,Tierschutzpartei,0,0.0
08235029,Gechingen,Zweitstimmen,Tierschutzpartei,15,0.7075471698113208
08235032,"Haiterbach, Stadt",Erststimmen,Tierschutzpartei,0,0.0
08235032,"Haiterbach, Stadt",Zweitstimmen,Tierschutzpartei,20,0.7243752263672582
08235033,"Bad Herrenalb, Stadt",Erststimmen,Tierschutzpartei,0,0.0
08235033,"Bad Herrenalb, Stadt",Zweitstimmen,Tierschutzpartei,49,1.3049267643142477
08235035,Höfen an der Enz,Erststimmen,Tierschutzpartei,0,0.0
08235035,Höfen an der Enz,Zweitstimmen,Tierschutzpartei,3,0.37641154328732745
08235046,"Nagold, Stadt",Erststimmen,Tierschutzpartei,0,0.0
08235046,"Nagold, Stadt",Zweitstimmen,Tierschutzpartei,89,0.8385941769527937
08235047,"Neubulach, Stadt",Erststimmen,Tierschutzpartei,0,0.0
08235047,"Neubulach, Stadt",Zweitstimmen,Tierschutzpartei,22,0.6654567453115547
08235050,Neuweiler,Erststimmen,Tierschutzpartei,0,0.0
08235050,Neuweiler,Zweitstimmen,Tierschutzpartei,23,1.207983193277311
08235055,Oberreichenbach,Erststimmen,Tierschutzpartei,0,0.0
08235055,Oberreichenbach,Zweitstimmen,Tierschutzpartei,23,1.2312633832976445
08235057,Ostelsheim,Erststimmen,Tierschutzpartei,0,0.0
08235057,Ostelsheim,Zweitstimmen,Tierschutzpartei,18,1.2534818941504178
08235060,Rohrdorf,Erststimmen,Tierschutzpartei,0,0.0
08235060,Rohrdorf,Zweitstimmen,Tierschutzpartei,9,1.0215664018161181
08235065,Schömberg,Erststimmen,Tierschutzpartei,0,0.0
08235065,Schömberg,Zweitstimmen,Tierschutzpartei,45,1.219181793551883
08235066,Simmersfeld,Erststimmen,Tierschutzpartei,0,0.0
08235066,Simmersfeld,Zweitstimmen,Tierschutzpartei,13,1.021209740769835
08235067,Simmozheim,Erststimmen,Tierschutzpartei,0,0.0
08235067,Simmozheim,Zweitstimmen,Tierschutzpartei,19,1.1779293242405457
08235073,Unterreichenbach,Erststimmen,Tierschutzpartei,0,0.0
08235073,Unterreichenbach,Zweitstimmen,Tierschutzpartei,19,1.6681299385425814
08235079,"Bad Wildbad, Stadt",Erststimmen,Tierschutzpartei,0,0.0
08235079,"Bad Wildbad, Stadt",Zweitstimmen,Tierschutzpartei,54,1.2561060711793441
08235080,"Wildberg, Stadt",Erststimmen,Tierschutzpartei,0,0.0
08235080,"Wildberg, Stadt",Zweitstimmen,Tierschutzpartei,42,0.7524184879971337
08235084,"Bad Teinach-Zavelstein, Stadt",Erststimmen,Tierschutzpartei,0,0.0
08235084,"Bad Teinach-Zavelstein, Stadt",Zweitstimmen,Tierschutzpartei,18,1.0186757215619695
08235085,"Calw, Stadt",Erststimmen,Tierschutzpartei,0,0.0
08235085,"Calw, Stadt",Zweitstimmen,Tierschutzpartei,104,0.9801149750259166
08236004,Birkenfeld,Erststimmen,Tierschutzpartei,0,0.0
08236004,Birkenfeld,Zweitstimmen,Tierschutzpartei,71,1.4009471191791634
08236011,Eisingen,Erststimmen,Tierschutzpartei,0,0.0
08236011,Eisingen,Zweitstimmen,Tierschutzpartei,47,1.9940602460755197
08236013,Engelsbrand,Erststimmen,Tierschutzpartei,0,0.0
08236013,Engelsbrand,Zweitstimmen,Tierschutzpartei,21,0.8592471358428805
08236019,Friolzheim,Erststimmen,Tierschutzpartei,0,0.0
08236019,Friolzheim,Zweitstimmen,Tierschutzpartei,19,0.9030418250950569
08236025,"Heimsheim, Stadt",Erststimmen,Tierschutzpartei,0,0.0
08236025,"Heimsheim, Stadt",Zweitstimmen,Tierschutzpartei,24,0.9022556390977444
08236028,Illingen,Erststimmen,Tierschutzpartei,0,0.0
08236028,Illingen,Zweitstimmen,Tierschutzpartei,42,1.0505252626313157
08236030,Ispringen,Erststimmen,Tierschutzpartei,0,0.0
08236030,Ispringen,Zweitstimmen,Tierschutzpartei,38,1.3532763532763532
08236031,Kieselbronn,Erststimmen,Tierschutzpartei,0,0.0
08236031,Kieselbronn,Zweitstimmen,Tierschutzpartei,20,1.2437810945273633
08236033,"Knittlingen, Stadt",Erststimmen,Tierschutzpartei,0,0.0
08236033,"Knittlingen, Stadt",Zweitstimmen,Tierschutzpartei,38,0.9559748427672956
08236038,"Maulbronn, Stadt",Erststimmen,Tierschutzpartei,0,0.0
08236038,"Maulbronn, Stadt",Zweitstimmen,Tierschutzpartei,31,0.9471432936144211
08236039,Mönsheim,Erststimmen,Tierschutzpartei,0,0.0
08236039,Mönsheim,Zweitstimmen,Tierschutzpartei,15,0.949367088607595
08236040,"Mühlacker, Stadt",Erststimmen,Tierschutzpartei,0,0.0
08236040,"Mühlacker, Stadt",Zweitstimmen,Tierschutzpartei,90,0.8360427310729215
08236043,"Neuenbürg, Stadt",Erststimmen,Tierschutzpartei,0,0.0
08236043,"Neuenbürg, Stadt",Zweitstimmen,Tierschutzpartei,73,1.9783197831978319
08236044,Neuhausen,Erststimmen,Tierschutzpartei,0,0.0
08236044,Neuhausen,Zweitstimmen,Tierschutzpartei,35,1.1475409836065573
08236046,Niefern-Öschelbronn,Erststimmen,Tierschutzpartei,0,0.0
08236046,Niefern-Öschelbronn,Zweitstimmen,Tierschutzpartei,50,0.8946144211844694
08236050,Ötisheim,Erststimmen,Tierschutzpartei,0,0.0
08236050,Ötisheim,Zweitstimmen,Tierschutzpartei,32,1.2583562721195438
08236061,Sternenfels,Erststimmen,Tierschutzpartei,0,0.0
08236061,Sternenfels,Zweitstimmen,Tierschutzpartei,17,1.0925449871465296
08236062,Tiefenbronn,Erststimmen,Tierschutzpartei,0,0.0
08236062,Tiefenbronn,Zweitstimmen,Tierschutzpartei,34,1.056885296860429
08236065,Wiernsheim,Erststimmen,Tierschutzpartei,0,0.0
08236065,Wiernsheim,Zweitstimmen,Tierschutzpartei,51,1.3274336283185841
08236067,Wimsheim,Erststimmen,Tierschutzpartei,0,0.0
08236067,Wimsheim,Zweitstimmen,Tierschutzpartei,19,1.167076167076167
08236068,Wurmberg,Erststimmen,Tierschutzpartei,0,0.0
08236068,Wurmberg,Zweitstimmen,Tierschutzpartei,23,1.4110429447852761
08236070,Keltern,Erststimmen,Tierschutzpartei,0,0.0
08236070,Keltern,Zweitstimmen,Tierschutzpartei,81,1.5416825275980206
08236071,Remchingen,Erststimmen,Tierschutzpartei,0,0.0
08236071,Remchingen,Zweitstimmen,Tierschutzpartei,89,1.373244869618886
08236072,Straubenhardt,Erststimmen,Tierschutzpartei,0,0.0
08236072,Straubenhardt,Zweitstimmen,Tierschutzpartei,79,1.2864354339684092
08236073,Neulingen,Erststimmen,Tierschutzpartei,0,0.0
08236073,Neulingen,Zweitstimmen,Tierschutzpartei,40,1.0822510822510822
08236074,Kämpfelbach,Erststimmen,Tierschutzpartei,0,0.0
08236074,Kämpfelbach,Zweitstimmen,Tierschutzpartei,45,1.2538311507383673
08236075,Ölbronn-Dürrn,Erststimmen,Tierschutzpartei,0,0.0
08236075,Ölbronn-Dürrn,Zweitstimmen,Tierschutzpartei,19,0.9693877551020408
08236076,Königsbach-Stein,Erststimmen,Tierschutzpartei,0,0.0
08236076,Königsbach-Stein,Zweitstimmen,Tierschutzpartei,88,1.5779092702169626
08237002,"Alpirsbach, Stadt",Erststimmen,Tierschutzpartei,0,0.0
08237002,"Alpirsbach, Stadt",Zweitstimmen,Tierschutzpartei,32,1.03126007089913
08237004,Baiersbronn,Erststimmen,Tierschutzpartei,0,0.0
08237004,Baiersbronn,Zweitstimmen,Tierschutzpartei,74,0.9985157198758601
08237019,"Dornstetten, Stadt",Erststimmen,Tierschutzpartei,0,0.0
08237019,"Dornstetten, Stadt",Zweitstimmen,Tierschutzpartei,52,1.283633670698593
08237024,Empfingen,Erststimmen,Tierschutzpartei,0,0.0
08237024,Empfingen,Zweitstimmen,Tierschutzpartei,25,1.1246063877642825
08237027,Eutingen im Gäu,Erststimmen,Tierschutzpartei,0,0.0
08237027,Eutingen im Gäu,Zweitstimmen,Tierschutzpartei,30,0.89179548156956
08237028,"Freudenstadt, Stadt",Erststimmen,Tierschutzpartei,0,0.0
08237028,"Freudenstadt, Stadt",Zweitstimmen,Tierschutzpartei,92,0.8520885431138279
08237030,Glatten,Erststimmen,Tierschutzpartei,0,0.0
08237030,Glatten,Zweitstimmen,Tierschutzpartei,16,1.1283497884344147
08237032,Grömbach,Erststimmen,Tierschutzpartei,0,0.0
08237032,Grömbach,Zweitstimmen,Tierschutzpartei,2,0.7547169811320755
08237040,"Horb am Neckar, Stadt",Erststimmen,Tierschutzpartei,0,0.0
08237040,"Horb am Neckar, Stadt",Zweitstimmen,Tierschutzpartei,104,0.8312020460358057
08237045,Loßburg,Erststimmen,Tierschutzpartei,0,0.0
08237045,Loßburg,Zweitstimmen,Tierschutzpartei,28,0.6252791424743189
08237054,Pfalzgrafenweiler,Erststimmen,Tierschutzpartei,0,0.0
08237054,Pfalzgrafenweiler,Zweitstimmen,Tierschutzpartei,24,0.6557377049180327
08237061,Schopfloch,Erststimmen,Tierschutzpartei,0,0.0
08237061,Schopfloch,Zweitstimmen,Tierschutzpartei,12,0.7687379884689303
08237072,Wörnersberg,Erststimmen,Tierschutzpartei,0,0.0
08237072,Wörnersberg,Zweitstimmen,Tierschutzpartei,1,1.1111111111111112
08237073,Seewald,Erststimmen,Tierschutzpartei,0,0.0
08237073,Seewald,Zweitstimmen,Tierschutzpartei,12,1.015228426395939
08237074,Waldachtal,Erststimmen,Tierschutzpartei,0,0.0
08237074,Waldachtal,Zweitstimmen,Tierschutzpartei,45,1.3983840894965818
08237075,Bad Rippoldsau-Schapbach,Erststimmen,Tierschutzpartei,0,0.0
08237075,Bad Rippoldsau-Schapbach,Zweitstimmen,Tierschutzpartei,18,1.4411529223378703
08316002,Bahlingen am Kaiserstuhl,Erststimmen,Tierschutzpartei,0,0.0
08316002,Bahlingen am Kaiserstuhl,Zweitstimmen,Tierschutzpartei,24,0.9255688391824143
08316003,Biederbach,Erststimmen,Tierschutzpartei,0,0.0
08316003,Biederbach,Zweitstimmen,Tierschutzpartei,5,0.48638132295719844
08316009,Denzlingen,Erststimmen,Tierschutzpartei,0,0.0
08316009,Denzlingen,Zweitstimmen,Tierschutzpartei,79,1.0732237467735362
08316010,"Elzach, Stadt",Erststimmen,Tierschutzpartei,0,0.0
08316010,"Elzach, Stadt",Zweitstimmen,Tierschutzpartei,46,1.0712622263623661
08316011,"Emmendingen, Stadt",Erststimmen,Tierschutzpartei,0,0.0
08316011,"Emmendingen, Stadt",Zweitstimmen,Tierschutzpartei,158,1.1221590909090908
08316012,"Endingen am Kaiserstuhl, Stadt",Erststimmen,Tierschutzpartei,0,0.0
08316012,"Endingen am Kaiserstuhl, Stadt",Zweitstimmen,Tierschutzpartei,79,1.3715277777777777
08316013,Forchheim,Erststimmen,Tierschutzpartei,0,0.0
08316013,Forchheim,Zweitstimmen,Tierschutzpartei,8,0.9673518742442563
08316014,Gutach im Breisgau,Erststimmen,Tierschutzpartei,0,0.0
08316014,Gutach im Breisgau,Zweitstimmen,Tierschutzpartei,21,0.7969639468690701
08316017,"Herbolzheim, Stadt",Erststimmen,Tierschutzpartei,0,0.0
08316017,"Herbolzheim, Stadt",Zweitstimmen,Tierschutzpartei,65,1.2322274881516588
08316020,"Kenzingen, Stadt",Erststimmen,Tierschutzpartei,0,0.0
08316020,"Kenzingen, Stadt",Zweitstimmen,Tierschutzpartei,72,1.2910166756320602
08316024,Malterdingen,Erststimmen,Tierschutzpartei,0,0.0
08316024,Malterdingen,Zweitstimmen,Tierschutzpartei,34,1.786652653704677
08316036,Reute,Erststimmen,Tierschutzpartei,0,0.0
08316036,Reute,Zweitstimmen,Tierschutzpartei,14,0.8045977011494253
08316037,Riegel am Kaiserstuhl,Erststimmen,Tierschutzpartei,0,0.0
08316037,Riegel am Kaiserstuhl,Zweitstimmen,Tierschutzpartei,23,1.1386138613861385
08316038,Sasbach am Kaiserstuhl,Erststimmen,Tierschutzpartei,0,0.0
08316038,Sasbach am Kaiserstuhl,Zweitstimmen,Tierschutzpartei,22,1.071080817916261
08316039,Sexau,Erststimmen,Tierschutzpartei,0,0.0
08316039,Sexau,Zweitstimmen,Tierschutzpartei,17,0.8056872037914692
08316042,Simonswald,Erststimmen,Tierschutzpartei,0,0.0
08316042,Simonswald,Zweitstimmen,Tierschutzpartei,12,0.6772009029345373
08316043,Teningen,Erststimmen,Tierschutzpartei,0,0.0
08316043,Teningen,Zweitstimmen,Tierschutzpartei,89,1.3854296388542964
08316045,Vörstetten,Erststimmen,Tierschutzpartei,0,0.0
08316045,Vörstetten,Zweitstimmen,Tierschutzpartei,21,1.1087645195353748
08316049,Weisweil,Erststimmen,Tierschutzpartei,0,0.0
08316049,Weisweil,Zweitstimmen,Tierschutzpartei,28,2.2399999999999998
08316051,Wyhl am Kaiserstuhl,Erststimmen,Tierschutzpartei,0,0.0
08316051,Wyhl am Kaiserstuhl,Zweitstimmen,Tierschutzpartei,37,1.7874396135265702
08316053,Rheinhausen im Breisgau,Erststimmen,Tierschutzpartei,0,0.0
08316053,Rheinhausen im Breisgau,Zweitstimmen,Tierschutzpartei,35,1.540492957746479
08316054,Freiamt,Erststimmen,Tierschutzpartei,0,0.0
08316054,Freiamt,Zweitstimmen,Tierschutzpartei,27,1.0752688172043012
08316055,Winden im Elztal,Erststimmen,Tierschutzpartei,0,0.0
08316055,Winden im Elztal,Zweitstimmen,Tierschutzpartei,10,0.6119951040391677
08316056,"Waldkirch, Stadt",Erststimmen,Tierschutzpartei,0,0.0
08316056,"Waldkirch, Stadt",Zweitstimmen,Tierschutzpartei,112,0.9923799397483607
08325001,Aichhalden,Erststimmen,Tierschutzpartei,0,0.0
08325001,Aichhalden,Zweitstimmen,Tierschutzpartei,23,0.9023146331894861
08325009,Bösingen,Erststimmen,Tierschutzpartei,0,0.0
08325009,Bösingen,Zweitstimmen,Tierschutzpartei,12,0.5805515239477503
08325011,Dietingen,Erststimmen,Tierschutzpartei,0,0.0
08325011,Dietingen,Zweitstimmen,Tierschutzpartei,22,0.9235936188077246
08325012,"Dornhan, Stadt",Erststimmen,Tierschutzpartei,0,0.0
08325012,"Dornhan, Stadt",Zweitstimmen,Tierschutzpartei,38,1.0593810984109284
08325014,Dunningen,Erststimmen,Tierschutzpartei,0,0.0
08325014,Dunningen,Zweitstimmen,Tierschutzpartei,23,0.6186121570736955
08325015,Epfendorf,Erststimmen,Tierschutzpartei,0,0.0
08325015,Epfendorf,Zweitstimmen,Tierschutzpartei,15,0.8301051466519093
08325024,Hardt,Erststimmen,Tierschutzpartei,0,0.0
08325024,Hardt,Zweitstimmen,Tierschutzpartei,16,0.9603841536614646
08325036,Lauterbach,Erststimmen,Tierschutzpartei,0,0.0
08325036,Lauterbach,Zweitstimmen,Tierschutzpartei,15,1.006711409395973
08325045,"Oberndorf am Neckar, Stadt",Erststimmen,Tierschutzpartei,0,0.0
08325045,"Oberndorf am Neckar, Stadt",Zweitstimmen,Tierschutzpartei,64,0.9990633780830472
08325049,"Rottweil, Stadt",Erststimmen,Tierschutzpartei,0,0.0
08325049,"Rottweil, Stadt",Zweitstimmen,Tierschutzpartei,98,0.8134805345729227
08325050,Schenkenzell,Erststimmen,Tierschutzpartei,0,0.0
08325050,Schenkenzell,Zweitstimmen,Tierschutzpartei,10,0.9633911368015413
08325051,"Schiltach, Stadt",Erststimmen,Tierschutzpartei,0,0.0
08325051,"Schiltach, Stadt",Zweitstimmen,Tierschutzpartei,35,1.7292490118577075
08325053,"Schramberg, Stadt",Erststimmen,Tierschutzpartei,0,0.0
08325053,"Schramberg, Stadt",Zweitstimmen,Tierschutzpartei,102,1.0838380618425247
08325057,"Sulz am Neckar, Stadt",Erststimmen,Tierschutzpartei,0,0.0
08325057,"Sulz am Neckar, Stadt",Zweitstimmen,Tierschutzpartei,59,0.9545381006309658
08325060,Villingendorf,Erststimmen,Tierschutzpartei,0,0.0
08325060,Villingendorf,Zweitstimmen,Tierschutzpartei,16,0.8407777193904361
08325061,Vöhringen,Erststimmen,Tierschutzpartei,0,0.0
08325061,Vöhringen,Zweitstimmen,Tierschutzpartei,26,1.1040339702760085
08325064,Wellendingen,Erststimmen,Tierschutzpartei,0,0.0
08325064,Wellendingen,Zweitstimmen,Tierschutzpartei,19,1.144578313253012
08325069,Zimmern ob Rottweil,Erststimmen,Tierschutzpartei,0,0.0
08325069,Zimmern ob Rottweil,Zweitstimmen,Tierschutzpartei,37,1.1061285500747384
08325070,Fluorn-Winzeln,Erststimmen,Tierschutzpartei,0,0.0
08325070,Fluorn-Winzeln,Zweitstimmen,Tierschutzpartei,12,0.6696428571428571
08325071,Eschbronn,Erststimmen,Tierschutzpartei,0,0.0
08325071,Eschbronn,Zweitstimmen,Tierschutzpartei,9,0.7047768206734534
08325072,Deißlingen,Erststimmen,Tierschutzpartei,0,0.0
08325072,Deißlingen,Zweitstimmen,Tierschutzpartei,50,1.548467017652524
08326003,"Bad Dürrheim, Stadt",Erststimmen,Tierschutzpartei,0,0.0
08326003,"Bad Dürrheim, Stadt",Zweitstimmen,Tierschutzpartei,69,1.0135135135135136
08326005,"Blumberg, Stadt",Erststimmen,Tierschutzpartei,0,0.0
08326005,"Blumberg, Stadt",Zweitstimmen,Tierschutzpartei,50,1.1381743683132255
08326006,"Bräunlingen, Stadt",Erststimmen,Tierschutzpartei,0,0.0
08326006,"Bräunlingen, Stadt",Zweitstimmen,Tierschutzpartei,42,1.3320647002854424
08326010,Dauchingen,Erststimmen,Tierschutzpartei,0,0.0
08326010,Dauchingen,Zweitstimmen,Tierschutzpartei,16,0.7626310772163966
08326012,"Donaueschingen, Stadt",Erststimmen,Tierschutzpartei,0,0.0
08326012,"Donaueschingen, Stadt",Zweitstimmen,Tierschutzpartei,101,0.9585270949985766
08326017,"Furtwangen im Schwarzwald, Stadt",Erststimmen,Tierschutzpartei,0,0.0
08326017,"Furtwangen im Schwarzwald, Stadt",Zweitstimmen,Tierschutzpartei,35,0.8767535070140281
08326020,Gütenbach,Erststimmen,Tierschutzpartei,0,0.0
08326020,Gütenbach,Zweitstimmen,Tierschutzpartei,2,0.3558718861209964
08326027,"Hüfingen, Stadt",Erststimmen,Tierschutzpartei,0,0.0
08326027,"Hüfingen, Stadt",Zweitstimmen,Tierschutzpartei,35,0.885851683118198
08326031,Königsfeld im Schwarzwald,Erststimmen,Tierschutzpartei,0,0.0
08326031,Königsfeld im Schwarzwald,Zweitstimmen,Tierschutzpartei,35,0.9915014164305949
08326037,Mönchweiler,Erststimmen,Tierschutzpartei,0,0.0
08326037,Mönchweiler,Zweitstimmen,Tierschutzpartei,17,1.0253317249698433
08326041,Niedereschach,Erststimmen,Tierschutzpartei,0,0.0
08326041,Niedereschach,Zweitstimmen,Tierschutzpartei,35,1.051366776809853
08326052,"St. Georgen im Schwarzwald, Stadt",Erststimmen,Tierschutzpartei,0,0.0
08326052,"St. Georgen im Schwarzwald, Stadt",Zweitstimmen,Tierschutzpartei,47,0.7618738855568163
08326054,Schönwald im Schwarzwald,Erststimmen,Tierschutzpartei,0,0.0
08326054,Schönwald im Schwarzwald,Zweitstimmen,Tierschutzpartei,12,0.9042954031650339
08326055,Schonach im Schwarzwald,Erststimmen,Tierschutzpartei,0,0.0
08326055,Schonach im Schwarzwald,Zweitstimmen,Tierschutzpartei,27,1.2814428096820123
08326060,"Triberg im Schwarzwald, Stadt",Erststimmen,Tierschutzpartei,0,0.0
08326060,"Triberg im Schwarzwald, Stadt",Zweitstimmen,Tierschutzpartei,27,1.5083798882681565
08326061,Tuningen,Erststimmen,Tierschutzpartei,0,0.0
08326061,Tuningen,Zweitstimmen,Tierschutzpartei,13,0.78031212484994
08326065,Unterkirnach,Erststimmen,Tierschutzpartei,0,0.0
08326065,Unterkirnach,Zweitstimmen,Tierschutzpartei,17,1.3545816733067728
08326068,"Vöhrenbach, Stadt",Erststimmen,Tierschutzpartei,0,0.0
08326068,"Vöhrenbach, Stadt",Zweitstimmen,Tierschutzpartei,18,1.0676156583629894
08326074,"Villingen-Schwenningen, Stadt",Erststimmen,Tierschutzpartei,0,0.0
08326074,"Villingen-Schwenningen, Stadt",Zweitstimmen,Tierschutzpartei,326,0.9293044469783354
08326075,Brigachtal,Erststimmen,Tierschutzpartei,0,0.0
08326075,Brigachtal,Zweitstimmen,Tierschutzpartei,40,1.3647219379051518
08327002,Aldingen,Erststimmen,Tierschutzpartei,0,0.0
08327002,Aldingen,Zweitstimmen,Tierschutzpartei,34,1.0510046367851622
08327004,Bärenthal,Erststimmen,Tierschutzpartei,0,0.0
08327004,Bärenthal,Zweitstimmen,Tierschutzpartei,1,0.35842293906810035
08327005,Balgheim,Erststimmen,Tierschutzpartei,0,0.0
08327005,Balgheim,Zweitstimmen,Tierschutzpartei,3,0.4261363636363636
08327006,Böttingen,Erststimmen,Tierschutzpartei,0,0.0
08327006,Böttingen,Zweitstimmen,Tierschutzpartei,8,0.9864364981504316
08327007,Bubsheim,Erststimmen,Tierschutzpartei,0,0.0
08327007,Bubsheim,Zweitstimmen,Tierschutzpartei,3,0.5405405405405406
08327008,Buchheim,Erststimmen,Tierschutzpartei,0,0.0
08327008,Buchheim,Zweitstimmen,Tierschutzpartei,5,1.1061946902654867
08327009,Deilingen,Erststimmen,Tierschutzpartei,0,0.0
08327009,Deilingen,Zweitstimmen,Tierschutzpartei,10,1.049317943336831
08327010,Denkingen,Erststimmen,Tierschutzpartei,0,0.0
08327010,Denkingen,Zweitstimmen,Tierschutzpartei,16,1.0810810810810811
08327011,Dürbheim,Erststimmen,Tierschutzpartei,0,0.0
08327011,Dürbheim,Zweitstimmen,Tierschutzpartei,10,1.0298661174047374
08327012,Durchhausen,Erststimmen,Tierschutzpartei,0,0.0
08327012,Durchhausen,Zweitstimmen,Tierschutzpartei,3,0.5671077504725899
08327013,Egesheim,Erststimmen,Tierschutzpartei,0,0.0
08327013,Egesheim,Zweitstimmen,Tierschutzpartei,5,1.7605633802816902
08327016,"Fridingen an der Donau, Stadt",Erststimmen,Tierschutzpartei,0,0.0
08327016,"Fridingen an der Donau, Stadt",Zweitstimmen,Tierschutzpartei,33,1.9701492537313434
08327017,Frittlingen,Erststimmen,Tierschutzpartei,0,0.0
08327017,Frittlingen,Zweitstimmen,Tierschutzpartei,7,0.642791551882461
08327018,"Geisingen, Stadt",Erststimmen,Tierschutzpartei,0,0.0
08327018,"Geisingen, Stadt",Zweitstimmen,Tierschutzpartei,34,1.1299435028248588
08327019,Gosheim,Erststimmen,Tierschutzpartei,0,0.0
08327019,Gosheim,Zweitstimmen,Tierschutzpartei,15,0.8655510675129832
08327020,Gunningen,Erststimmen,Tierschutzpartei,0,0.0
08327020,Gunningen,Zweitstimmen,Tierschutzpartei,3,0.7334963325183375
08327023,Hausen ob Verena,Erststimmen,Tierschutzpartei,0,0.0
08327023,Hausen ob Verena,Zweitstimmen,Tierschutzpartei,6,1.2295081967213115
08327025,Immendingen,Erststimmen,Tierschutzpartei,0,0.0
08327025,Immendingen,Zweitstimmen,Tierschutzpartei,20,0.6589785831960462
08327027,Irndorf,Erststimmen,Tierschutzpartei,0,0.0
08327027,Irndorf,Zweitstimmen,Tierschutzpartei,2,0.4424778761061947
08327029,Königsheim,Erststimmen,Tierschutzpartei,0,0.0
08327029,Königsheim,Zweitstimmen,Tierschutzpartei,11,3.1073446327683616
08327030,Kolbingen,Erststimmen,Tierschutzpartei,0,0.0
08327030,Kolbingen,Zweitstimmen,Tierschutzpartei,7,0.9150326797385622
08327033,Mahlstetten,Erststimmen,Tierschutzpartei,0,0.0
08327033,Mahlstetten,Zweitstimmen,Tierschutzpartei,4,0.8316008316008316
08327036,"Mühlheim an der Donau, Stadt",Erststimmen,Tierschutzpartei,0,0.0
08327036,"Mühlheim an der Donau, Stadt",Zweitstimmen,Tierschutzpartei,18,0.8897676717745922
08327038,Neuhausen ob Eck,Erststimmen,Tierschutzpartei,0,0.0
08327038,Neuhausen ob Eck,Zweitstimmen,Tierschutzpartei,19,0.9875259875259876
08327040,Reichenbach am Heuberg,Erststimmen,Tierschutzpartei,0,0.0
08327040,Reichenbach am Heuberg,Zweitstimmen,Tierschutzpartei,4,1.8181818181818181
08327041,Renquishausen,Erststimmen,Tierschutzpartei,0,0.0
08327041,Renquishausen,Zweitstimmen,Tierschutzpartei,5,0.998003992015968
08327046,"Spaichingen, Stadt",Erststimmen,Tierschutzpartei,0,0.0
08327046,"Spaichingen, Stadt",Zweitstimmen,Tierschutzpartei,53,0.9167964020065733
08327048,Talheim,Erststimmen,Tierschutzpartei,0,0.0
08327048,Talheim,Zweitstimmen,Tierschutzpartei,5,0.6954102920723227
08327049,"Trossingen, Stadt",Erststimmen,Tierschutzpartei,0,0.0
08327049,"Trossingen, Stadt",Zweitstimmen,Tierschutzpartei,61,0.9400523963630759
08327050,"Tuttlingen, Stadt",Erststimmen,Tierschutzpartei,0,0.0
08327050,"Tuttlingen, Stadt",Zweitstimmen,Tierschutzpartei,96,0.7382343894186404
08327051,Wehingen,Erststimmen,Tierschutzpartei,0,0.0
08327051,Wehingen,Zweitstimmen,Tierschutzpartei,17,1.0974822466107166
08327054,Wurmlingen,Erststimmen,Tierschutzpartei,0,0.0
08327054,Wurmlingen,Zweitstimmen,Tierschutzpartei,23,1.0677808727948004
08327055,Seitingen-Oberflacht,Erststimmen,Tierschutzpartei,0,0.0
08327055,Seitingen-Oberflacht,Zweitstimmen,Tierschutzpartei,14,1.0687022900763359
08327056,Rietheim-Weilheim,Erststimmen,Tierschutzpartei,0,0.0
08327056,Rietheim-Weilheim,Zweitstimmen,Tierschutzpartei,11,0.7623007623007623
08327057,Emmingen-Liptingen,Erststimmen,Tierschutzpartei,0,0.0
08327057,Emmingen-Liptingen,Zweitstimmen,Tierschutzpartei,33,1.2590614269362839
08336004,Aitern,Erststimmen,Tierschutzpartei,0,0.0
08336004,Aitern,Zweitstimmen,Tierschutzpartei,1,0.32573289902280134
08336006,Bad Bellingen,Erststimmen,Tierschutzpartei,0,0.0
08336006,Bad Bellingen,Zweitstimmen,Tierschutzpartei,27,1.2505789717461788
08336008,Binzen,Erststimmen,Tierschutzpartei,0,0.0
08336008,Binzen,Zweitstimmen,Tierschutzpartei,15,0.9124087591240875
08336010,Böllen,Erststimmen,Tierschutzpartei,0,0.0
08336010,Böllen,Zweitstimmen,Tierschutzpartei,0,0.0
08336014,Efringen-Kirchen,Erststimmen,Tierschutzpartei,0,0.0
08336014,Efringen-Kirchen,Zweitstimmen,Tierschutzpartei,48,1.0020876826722338
08336019,Eimeldingen,Erststimmen,Tierschutzpartei,0,0.0
08336019,Eimeldingen,Zweitstimmen,Tierschutzpartei,11,0.8513931888544891
08336024,Fischingen,Erststimmen,Tierschutzpartei,0,0.0
08336024,Fischingen,Zweitstimmen,Tierschutzpartei,4,0.9569377990430622
08336025,Fröhnd,Erststimmen,Tierschutzpartei,0,0.0
08336025,Fröhnd,Zweitstimmen,Tierschutzpartei,2,0.6329113924050633
08336034,Hasel,Erststimmen,Tierschutzpartei,0,0.0
08336034,Hasel,Zweitstimmen,Tierschutzpartei,9,1.4754098360655739
08336036,Hausen im Wiesental,Erststimmen,Tierschutzpartei,0,0.0
08336036,Hausen im Wiesental,Zweitstimmen,Tierschutzpartei,12,0.9787928221859705
08336043,Inzlingen,Erststimmen,Tierschutzpartei,0,0.0
08336043,Inzlingen,Zweitstimmen,Tierschutzpartei,20,1.5026296018031555
08336050,"Lörrach, Stadt",Erststimmen,Tierschutzpartei,0,0.0
08336050,"Lörrach, Stadt",Zweitstimmen,Tierschutzpartei,149,0.7246729244686543
08336057,Maulburg,Erststimmen,Tierschutzpartei,0,0.0
08336057,Maulburg,Zweitstimmen,Tierschutzpartei,31,1.546134663341646
08336069,"Rheinfelden (Baden), Stadt",Erststimmen,Tierschutzpartei,0,0.0
08336069,"Rheinfelden (Baden), Stadt",Zweitstimmen,Tierschutzpartei,149,1.0923753665689149
08336073,Rümmingen,Erststimmen,Tierschutzpartei,0,0.0
08336073,Rümmingen,Zweitstimmen,Tierschutzpartei,5,0.53475935828877
08336075,Schallbach,Erststimmen,Tierschutzpartei,0,0.0
08336075,Schallbach,Zweitstimmen,Tierschutzpartei,1,0.2070393374741201
08336079,"Schönau im Schwarzwald, Stadt",Erststimmen,Tierschutzpartei,0,0.0
08336079,"Schönau im Schwarzwald, Stadt",Zweitstimmen,Tierschutzpartei,7,1.0769230769230769
08336080,Schönenberg,Erststimmen,Tierschutzpartei,0,0.0
08336080,Schönenberg,Zweitstimmen,Tierschutzpartei,1,0.6172839506172839
08336081,"Schopfheim, Stadt",Erststimmen,Tierschutzpartei,0,0.0
08336081,"Schopfheim, Stadt",Zweitstimmen,Tierschutzpartei,104,1.1076791990627328
08336082,Schwörstadt,Erststimmen,Tierschutzpartei,0,0.0
08336082,Schwörstadt,Zweitstimmen,Tierschutzpartei,9,0.7640067911714771
08336084,Steinen,Erststimmen,Tierschutzpartei,0,0.0
08336084,Steinen,Zweitstimmen,Tierschutzpartei,53,0.9932533733133433
08336087,"Todtnau, Stadt",Erststimmen,Tierschutzpartei,0,0.0
08336087,"Todtnau, Stadt",Zweitstimmen,Tierschutzpartei,40,1.5968063872255487
08336089,Tunau,Erststimmen,Tierschutzpartei,0,0.0
08336089,Tunau,Zweitstimmen,Tierschutzpartei,0,0.0
08336090,Utzenfeld,Erststimmen,Tierschutzpartei,0,0.0
08336090,Utzenfeld,Zweitstimmen,Tierschutzpartei,0,0.0
08336091,"Weil am Rhein, Stadt",Erststimmen,Tierschutzpartei,0,0.0
08336091,"Weil am Rhein, Stadt",Zweitstimmen,Tierschutzpartei,118,1.005281990117567
08336094,Wembach,Erststimmen,Tierschutzpartei,0,0.0
08336094,Wembach,Zweitstimmen,Tierschutzpartei,2,1.4285714285714286
08336096,Wieden,Erststimmen,Tierschutzpartei,0,0.0
08336096,Wieden,Zweitstimmen,Tierschutzpartei,0,0.0
08336100,Wittlingen,Erststimmen,Tierschutzpartei,0,0.0
08336100,Wittlingen,Zweitstimmen,Tierschutzpartei,10,1.8656716417910446
08336103,"Zell im Wiesental, Stadt",Erststimmen,Tierschutzpartei,0,0.0
08336103,"Zell im Wiesental, Stadt",Zweitstimmen,Tierschutzpartei,30,1.187648456057007
08336105,Grenzach-Wyhlen,Erststimmen,Tierschutzpartei,0,0.0
08336105,Grenzach-Wyhlen,Zweitstimmen,Tierschutzpartei,62,1.0058403634003894
08336106,Häg-Ehrsberg,Erststimmen,Tierschutzpartei,0,0.0
08336106,Häg-Ehrsberg,Zweitstimmen,Tierschutzpartei,5,1.0162601626016259
08336107,Kleines Wiesental,Erststimmen,Tierschutzpartei,0,0.0
08336107,Kleines Wiesental,Zweitstimmen,Tierschutzpartei,11,0.6654567453115547
08337002,Albbruck,Erststimmen,Tierschutzpartei,0,0.0
08337002,Albbruck,Zweitstimmen,Tierschutzpartei,33,0.8866200967221923
08337030,Dettighofen,Erststimmen,Tierschutzpartei,0,0.0
08337030,Dettighofen,Zweitstimmen,Tierschutzpartei,4,0.7029876977152899
08337032,Dogern,Erststimmen,Tierschutzpartei,0,0.0
08337032,Dogern,Zweitstimmen,Tierschutzpartei,10,0.819672131147541
08337038,Görwihl,Erststimmen,Tierschutzpartei,0,0.0
08337038,Görwihl,Zweitstimmen,Tierschutzpartei,23,0.9579341940857976
08337049,Herrischried,Erststimmen,Tierschutzpartei,0,0.0
08337049,Herrischried,Zweitstimmen,Tierschutzpartei,14,1.0347376201034737
08337053,Hohentengen am Hochrhein,Erststimmen,Tierschutzpartei,0,0.0
08337053,Hohentengen am Hochrhein,Zweitstimmen,Tierschutzpartei,21,1.1146496815286624
08337060,Jestetten,Erststimmen,Tierschutzpartei,0,0.0
08337060,Jestetten,Zweitstimmen,Tierschutzpartei,15,0.7197696737044146
08337062,Klettgau,Erststimmen,Tierschutzpartei,0,0.0
08337062,Klettgau,Zweitstimmen,Tierschutzpartei,28,0.7681755829903978
08337065,Lauchringen,Erststimmen,Tierschutzpartei,0,0.0
08337065,Lauchringen,Zweitstimmen,Tierschutzpartei,25,0.6718624025799517
08337066,"Laufenburg (Baden), Stadt",Erststimmen,Tierschutzpartei,0,0.0
08337066,"Laufenburg (Baden), Stadt",Zweitstimmen,Tierschutzpartei,34,0.9103078982597055
08337070,Lottstetten,Erststimmen,Tierschutzpartei,0,0.0
08337070,Lottstetten,Zweitstimmen,Tierschutzpartei,11,1.2235817575083427
08337076,Murg,Erststimmen,Tierschutzpartei,0,0.0
08337076,Murg,Zweitstimmen,Tierschutzpartei,35,1.096147823363608
08337090,Rickenbach,Erststimmen,Tierschutzpartei,0,0.0
08337090,Rickenbach,Zweitstimmen,Tierschutzpartei,23,1.0849056603773584
08337096,"Bad Säckingen, Stadt",Erststimmen,Tierschutzpartei,0,0.0
08337096,"Bad Säckingen, Stadt",Zweitstimmen,Tierschutzpartei,56,0.7811410238526991
08337106,"Stühlingen, Stadt",Erststimmen,Tierschutzpartei,0,0.0
08337106,"Stühlingen, Stadt",Zweitstimmen,Tierschutzpartei,39,1.3679410733076114
08337116,"Wehr, Stadt",Erststimmen,Tierschutzpartei,0,0.0
08337116,"Wehr, Stadt",Zweitstimmen,Tierschutzpartei,63,1.1591536338546458
08337118,Weilheim,Erststimmen,Tierschutzpartei,0,0.0
08337118,Weilheim,Zweitstimmen,Tierschutzpartei,13,0.673924313115604
08337123,Wutöschingen,Erststimmen,Tierschutzpartei,0,0.0
08337123,Wutöschingen,Zweitstimmen,Tierschutzpartei,28,0.8827238335435058
08337124,Eggingen,Erststimmen,Tierschutzpartei,0,0.0
08337124,Eggingen,Zweitstimmen,Tierschutzpartei,12,1.2861736334405145
08337125,Küssaberg,Erststimmen,Tierschutzpartei,0,0.0
08337125,Küssaberg,Zweitstimmen,Tierschutzpartei,34,1.1997177134791814
08337126,"Waldshut-Tiengen, Stadt",Erststimmen,Tierschutzpartei,0,0.0
08337126,"Waldshut-Tiengen, Stadt",Zweitstimmen,Tierschutzpartei,70,0.7366094917394507
08416006,Bodelshausen,Erststimmen,Tierschutzpartei,0,0.0
08416006,Bodelshausen,Zweitstimmen,Tierschutzpartei,24,0.9108159392789373
08416009,Dettenhausen,Erststimmen,Tierschutzpartei,0,0.0
08416009,Dettenhausen,Zweitstimmen,Tierschutzpartei,19,0.5956112852664577
08416018,Hirrlingen,Erststimmen,Tierschutzpartei,0,0.0
08416018,Hirrlingen,Zweitstimmen,Tierschutzpartei,15,0.8542141230068337
08416025,"Mössingen, Stadt",Erststimmen,Tierschutzpartei,0,0.0
08416025,"Mössingen, Stadt",Zweitstimmen,Tierschutzpartei,66,0.6295907660020986
08416031,Ofterdingen,Erststimmen,Tierschutzpartei,0,0.0
08416031,Ofterdingen,Zweitstimmen,Tierschutzpartei,14,0.503235082674335
08416036,"Rottenburg am Neckar, Stadt",Erststimmen,Tierschutzpartei,0,0.0
08416036,"Rottenburg am Neckar, Stadt",Zweitstimmen,Tierschutzpartei,160,0.6952592013209925
08416041,"Tübingen, Universitätsstadt",Erststimmen,Tierschutzpartei,0,0.0
08416041,"Tübingen, Universitätsstadt",Zweitstimmen,Tierschutzpartei,290,0.5625933613983355
08416048,Ammerbuch,Erststimmen,Tierschutzpartei,0,0.0
08416048,Ammerbuch,Zweitstimmen,Tierschutzpartei,49,0.7299270072992701
08416049,Neustetten,Erststimmen,Tierschutzpartei,0,0.0
08416049,Neustetten,Zweitstimmen,Tierschutzpartei,17,0.797373358348968
08416050,Starzach,Erststimmen,Tierschutzpartei,0,0.0
08416050,Starzach,Zweitstimmen,Tierschutzpartei,22,0.8520526723470179
08417002,"Balingen, Stadt",Erststimmen,Tierschutzpartei,0,0.0
08417002,"Balingen, Stadt",Zweitstimmen,Tierschutzpartei,169,0.9625790283077975
08417008,Bisingen,Erststimmen,Tierschutzpartei,0,0.0
08417008,Bisingen,Zweitstimmen,Tierschutzpartei,55,1.113811259619279
08417010,Bitz,Erststimmen,Tierschutzpartei,0,0.0
08417010,Bitz,Zweitstimmen,Tierschutzpartei,35,1.7266896891958559
08417014,Dautmergen,Erststimmen,Tierschutzpartei,0,0.0
08417014,Dautmergen,Zweitstimmen,Tierschutzpartei,0,0.0
08417015,Dormettingen,Erststimmen,Tierschutzpartei,0,0.0
08417015,Dormettingen,Zweitstimmen,Tierschutzpartei,9,1.5358361774744027
08417016,Dotternhausen,Erststimmen,Tierschutzpartei,0,0.0
08417016,Dotternhausen,Zweitstimmen,Tierschutzpartei,3,0.2798507462686567
08417022,"Geislingen, Stadt",Erststimmen,Tierschutzpartei,0,0.0
08417022,"Geislingen, Stadt",Zweitstimmen,Tierschutzpartei,27,0.7997630331753554
08417023,Grosselfingen,Erststimmen,Tierschutzpartei,0,0.0
08417023,Grosselfingen,Zweitstimmen,Tierschutzpartei,20,1.759014951627089
08417025,"Haigerloch, Stadt",Erststimmen,Tierschutzpartei,0,0.0
08417025,"Haigerloch, Stadt",Zweitstimmen,Tierschutzpartei,59,1.0359964881474977
08417029,Hausen am Tann,Erststimmen,Tierschutzpartei,0,0.0
08417029,Hausen am Tann,Zweitstimmen,Tierschutzpartei,2,0.7662835249042145
08417044,"Meßstetten, Stadt",Erststimmen,Tierschutzpartei,0,0.0
08417044,"Meßstetten, Stadt",Zweitstimmen,Tierschutzpartei,59,1.0644055565578208
08417045,Nusplingen,Erststimmen,Tierschutzpartei,0,0.0
08417045,Nusplingen,Zweitstimmen,Tierschutzpartei,5,0.501002004008016
08417047,Obernheim,Erststimmen,Tierschutzpartei,0,0.0
08417047,Obernheim,Zweitstimmen,Tierschutzpartei,14,1.6374269005847955
08417051,Rangendingen,Erststimmen,Tierschutzpartei,0,0.0
08417051,Rangendingen,Zweitstimmen,Tierschutzpartei,43,1.5019210618232623
08417052,Ratshausen,Erststimmen,Tierschutzpartei,0,0.0
08417052,Ratshausen,Zweitstimmen,Tierschutzpartei,6,1.3274336283185841
08417054,"Rosenfeld, Stadt",Erststimmen,Tierschutzpartei,0,0.0
08417054,"Rosenfeld, Stadt",Zweitstimmen,Tierschutzpartei,30,0.8605851979345954
08417057,"Schömberg, Stadt",Erststimmen,Tierschutzpartei,0,0.0
08417057,"Schömberg, Stadt",Zweitstimmen,Tierschutzpartei,19,0.8616780045351473
08417063,Straßberg,Erststimmen,Tierschutzpartei,0,0.0
08417063,Straßberg,Zweitstimmen,Tierschutzpartei,17,1.1863224005582695
08417071,Weilen unter den Rinnen,Erststimmen,Tierschutzpartei,0,0.0
08417071,Weilen unter den Rinnen,Zweitstimmen,Tierschutzpartei,4,1.0723860589812333
08417075,Winterlingen,Erststimmen,Tierschutzpartei,0,0.0
08417075,Winterlingen,Zweitstimmen,Tierschutzpartei,29,0.8703481392557022
08417078,Zimmern unter der Burg,Erststimmen,Tierschutzpartei,0,0.0
08417078,Zimmern unter der Burg,Zweitstimmen,Tierschutzpartei,6,2.097902097902098
08417079,"Albstadt, Stadt",Erststimmen,Tierschutzpartei,0,0.0
08417079,"Albstadt, Stadt",Zweitstimmen,Tierschutzpartei,190,1.0100473127425442
08425002,Allmendingen,Erststimmen,Tierschutzpartei,0,0.0
08425002,Allmendingen,Zweitstimmen,Tierschutzpartei,23,0.8591707134852448
08425004,Altheim,Erststimmen,Tierschutzpartei,0,0.0
08425004,Altheim,Zweitstimmen,Tierschutzpartei,3,1.090909090909091
08425005,Altheim (Alb),Erststimmen,Tierschutzpartei,0,0.0
08425005,Altheim (Alb),Zweitstimmen,Tierschutzpartei,12,1.1560693641618496
08425008,Amstetten,Erststimmen,Tierschutzpartei,0,0.0
08425008,Amstetten,Zweitstimmen,Tierschutzpartei,23,1.042611060743427
08425011,Asselfingen,Erststimmen,Tierschutzpartei,0,0.0
08425011,Asselfingen,Zweitstimmen,Tierschutzpartei,7,1.3207547169811322
08425013,Ballendorf,Erststimmen,Tierschutzpartei,0,0.0
08425013,Ballendorf,Zweitstimmen,Tierschutzpartei,1,0.3289473684210526
08425014,Beimerstetten,Erststimmen,Tierschutzpartei,0,0.0
08425014,Beimerstetten,Zweitstimmen,Tierschutzpartei,15,1.0600706713780919
08425017,Berghülen,Erststimmen,Tierschutzpartei,0,0.0
08425017,Berghülen,Zweitstimmen,Tierschutzpartei,15,1.2205044751830758
08425019,Bernstadt,Erststimmen,Tierschutzpartei,0,0.0
08425019,Bernstadt,Zweitstimmen,Tierschutzpartei,16,1.1594202898550725
08425020,"Blaubeuren, Stadt",Erststimmen,Tierschutzpartei,0,0.0
08425020,"Blaubeuren, Stadt",Zweitstimmen,Tierschutzpartei,59,0.9787657597876577
08425022,Börslingen,Erststimmen,Tierschutzpartei,0,0.0
08425022,Börslingen,Zweitstimmen,Tierschutzpartei,0,0.0
08425024,Breitingen,Erststimmen,Tierschutzpartei,0,0.0
08425024,Breitingen,Zweitstimmen,Tierschutzpartei,3,2.112676056338028
08425031,Dornstadt,Erststimmen,Tierschutzpartei,0,0.0
08425031,Dornstadt,Zweitstimmen,Tierschutzpartei,56,1.1456628477905073
08425033,"Ehingen (Donau), Stadt",Erststimmen,Tierschutzpartei,0,0.0
08425033,"Ehingen (Donau), Stadt",Zweitstimmen,Tierschutzpartei,124,0.9596780434950856
08425035,Emeringen,Erststimmen,Tierschutzpartei,0,0.0
08425035,Emeringen,Zweitstimmen,Tierschutzpartei,1,0.9433962264150944
08425036,Emerkingen,Erststimmen,Tierschutzpartei,0,0.0
08425036,Emerkingen,Zweitstimmen,Tierschutzpartei,3,0.7874015748031495
08425050,Griesingen,Erststimmen,Tierschutzpartei,0,0.0
08425050,Griesingen,Zweitstimmen,Tierschutzpartei,4,0.8456659619450317
08425052,Grundsheim,Erststimmen,Tierschutzpartei,0,0.0
08425052,Grundsheim,Zweitstimmen,Tierschutzpartei,1,0.7633587786259541
08425055,Hausen am Bussen,Erststimmen,Tierschutzpartei,0,0.0
08425055,Hausen am Bussen,Zweitstimmen,Tierschutzpartei,0,0.0
08425062,Holzkirch,Erststimmen,Tierschutzpartei,0,0.0
08425062,Holzkirch,Zweitstimmen,Tierschutzpartei,0,0.0
08425071,"Laichingen, Stadt",Erststimmen,Tierschutzpartei,0,0.0
08425071,"Laichingen, Stadt",Zweitstimmen,Tierschutzpartei,68,1.1507869351836182
08425072,"Langenau, Stadt",Erststimmen,Tierschutzpartei,0,0.0
08425072,"Langenau, Stadt",Zweitstimmen,Tierschutzpartei,86,1.0638297872340425
08425073,Lauterach,Erststimmen,Tierschutzpartei,0,0.0
08425073,Lauterach,Zweitstimmen,Tierschutzpartei,2,0.7434944237918215
08425075,Lonsee,Erststimmen,Tierschutzpartei,0,0.0
08425075,Lonsee,Zweitstimmen,Tierschutzpartei,24,0.8639308855291578
08425079,Merklingen,Erststimmen,Tierschutzpartei,0,0.0
08425079,Merklingen,Zweitstimmen,Tierschutzpartei,10,0.8312551953449709
08425081,"Munderkingen, Stadt",Erststimmen,Tierschutzpartei,0,0.0
08425081,"Munderkingen, Stadt",Zweitstimmen,Tierschutzpartei,14,0.6167400881057269
08425083,Neenstetten,Erststimmen,Tierschutzpartei,0,0.0
08425083,Neenstetten,Zweitstimmen,Tierschutzpartei,6,1.4423076923076923
08425084,Nellingen,Erststimmen,Tierschutzpartei,0,0.0
08425084,Nellingen,Zweitstimmen,Tierschutzpartei,7,0.5376344086021506
08425085,Nerenstetten,Erststimmen,Tierschutzpartei,0,0.0
08425085,Nerenstetten,Zweitstimmen,Tierschutzpartei,3,1.5625
08425088,Oberdischingen,Erststimmen,Tierschutzpartei,0,0.0
08425088,Oberdischingen,Zweitstimmen,Tierschutzpartei,10,0.778816199376947
08425090,Obermarchtal,Erststimmen,Tierschutzpartei,0,0.0
08425090,Obermarchtal,Zweitstimmen,Tierschutzpartei,9,1.1124845488257107
08425091,Oberstadion,Erststimmen,Tierschutzpartei,0,0.0
08425091,Oberstadion,Zweitstimmen,Tierschutzpartei,11,1.085883514313919
08425092,Öllingen,Erststimmen,Tierschutzpartei,0,0.0
08425092,Öllingen,Zweitstimmen,Tierschutzpartei,1,0.40650406504065045
08425093,Öpfingen,Erststimmen,Tierschutzpartei,0,0.0
08425093,Öpfingen,Zweitstimmen,Tierschutzpartei,7,0.5555555555555556
08425097,Rammingen,Erststimmen,Tierschutzpartei,0,0.0
08425097,Rammingen,Zweitstimmen,Tierschutzpartei,5,0.6544502617801047
08425098,Rechtenstein,Erststimmen,Tierschutzpartei,0,0.0
08425098,Rechtenstein,Zweitstimmen,Tierschutzpartei,2,1.3605442176870748
08425104,Rottenacker,Erststimmen,Tierschutzpartei,0,0.0
08425104,Rottenacker,Zweitstimmen,Tierschutzpartei,15,1.2295081967213115
08425108,"Schelklingen, Stadt",Erststimmen,Tierschutzpartei,0,0.0
08425108,"Schelklingen, Stadt",Zweitstimmen,Tierschutzpartei,34,0.9967751392553504
08425112,Setzingen,Erststimmen,Tierschutzpartei,0,0.0
08425112,Setzingen,Zweitstimmen,Tierschutzpartei,6,1.7595307917888565
08425123,Untermarchtal,Erststimmen,Tierschutzpartei,0,0.0
08425123,Untermarchtal,Zweitstimmen,Tierschutzpartei,2,0.6172839506172839
08425124,Unterstadion,Erststimmen,Tierschutzpartei,0,0.0
08425124,Unterstadion,Zweitstimmen,Tierschutzpartei,2,0.44943820224719105
08425125,Unterwachingen,Erststimmen,Tierschutzpartei,0,0.0
08425125,Unterwachingen,Zweitstimmen,Tierschutzpartei,0,0.0
08425130,Weidenstetten,Erststimmen,Tierschutzpartei,0,0.0
08425130,Weidenstetten,Zweitstimmen,Tierschutzpartei,8,0.9478672985781991
08425134,Westerheim,Erststimmen,Tierschutzpartei,0,0.0
08425134,Westerheim,Zweitstimmen,Tierschutzpartei,26,1.3888888888888888
08425135,Westerstetten,Erststimmen,Tierschutzpartei,0,0.0
08425135,Westerstetten,Zweitstimmen,Tierschutzpartei,20,1.5060240963855422
08425139,Heroldstatt,Erststimmen,Tierschutzpartei,0,0.0
08425139,Heroldstatt,Zweitstimmen,Tierschutzpartei,14,0.8092485549132947
08426001,Achstetten,Erststimmen,Tierschutzpartei,0,0.0
08426001,Achstetten,Zweitstimmen,Tierschutzpartei,26,0.8801624915368992
08426005,Alleshausen,Erststimmen,Tierschutzpartei,0,0.0
08426005,Alleshausen,Zweitstimmen,Tierschutzpartei,2,0.6993006993006993
08426006,Allmannsweiler,Erststimmen,Tierschutzpartei,0,0.0
08426006,Allmannsweiler,Zweitstimmen,Tierschutzpartei,1,0.5952380952380952
08426008,Altheim,Erststimmen,Tierschutzpartei,0,0.0
08426008,Altheim,Zweitstimmen,Tierschutzpartei,14,1.092896174863388
08426011,Attenweiler,Erststimmen,Tierschutzpartei,0,0.0
08426011,Attenweiler,Zweitstimmen,Tierschutzpartei,7,0.5742411812961444
08426013,"Bad Buchau, Stadt",Erststimmen,Tierschutzpartei,0,0.0
08426013,"Bad Buchau, Stadt",Zweitstimmen,Tierschutzpartei,30,1.1074197120708749
08426014,"Bad Schussenried, Stadt",Erststimmen,Tierschutzpartei,0,0.0
08426014,"Bad Schussenried, Stadt",Zweitstimmen,Tierschutzpartei,40,0.9168003667201466
08426020,Betzenweiler,Erststimmen,Tierschutzpartei,0,0.0
08426020,Betzenweiler,Zweitstimmen,Tierschutzpartei,2,0.6514657980456027
08426021,"Biberach an der Riß, Stadt",Erststimmen,Tierschutzpartei,0,0.0
08426021,"Biberach an der Riß, Stadt",Zweitstimmen,Tierschutzpartei,104,0.6406307749168412
08426028,Burgrieden,Erststimmen,Tierschutzpartei,0,0.0
08426028,Burgrieden,Zweitstimmen,Tierschutzpartei,30,1.2864493996569468
08426035,Dürmentingen,Erststimmen,Tierschutzpartei,0,0.0
08426035,Dürmentingen,Zweitstimmen,Tierschutzpartei,13,0.8783783783783784
08426036,Dürnau,Erststimmen,Tierschutzpartei,0,0.0
08426036,Dürnau,Zweitstimmen,Tierschutzpartei,2,1.0050251256281406
08426038,Eberhardzell,Erststimmen,Tierschutzpartei,0,0.0
08426038,Eberhardzell,Zweitstimmen,Tierschutzpartei,26,0.9683426443202979
08426043,Erlenmoos,Erststimmen,Tierschutzpartei,0,0.0
08426043,Erlenmoos,Zweitstimmen,Tierschutzpartei,9,0.8379888268156425
08426045,Ertingen,Erststimmen,Tierschutzpartei,0,0.0
08426045,Ertingen,Zweitstimmen,Tierschutzpartei,40,1.3153567905294312
08426058,Hochdorf,Erststimmen,Tierschutzpartei,0,0.0
08426058,Hochdorf,Zweitstimmen,Tierschutzpartei,12,0.8281573498964804
08426062,Ingoldingen,Erststimmen,Tierschutzpartei,0,0.0
08426062,Ingoldingen,Zweitstimmen,Tierschutzpartei,12,0.6359300476947536
08426064,Kanzach,Erststimmen,Tierschutzpartei,0,0.0
08426064,Kanzach,Zweitstimmen,Tierschutzpartei,4,1.6326530612244898
08426067,Langenenslingen,Erststimmen,Tierschutzpartei,0,0.0
08426067,Langenenslingen,Zweitstimmen,Tierschutzpartei,24,1.1650485436893203
08426070,"Laupheim, Stadt",Erststimmen,Tierschutzpartei,0,0.0
08426070,"Laupheim, Stadt",Zweitstimmen,Tierschutzpartei,98,0.8816120906801008
08426071,Maselheim,Erststimmen,Tierschutzpartei,0,0.0
08426071,Maselheim,Zweitstimmen,Tierschutzpartei,27,1.0246679316888045
08426073,Mietingen,Erststimmen,Tierschutzpartei,0,0.0
08426073,Mietingen,Zweitstimmen,Tierschutzpartei,23,0.7944732297063902
08426074,Mittelbiberach,Erststimmen,Tierschutzpartei,0,0.0
08426074,Mittelbiberach,Zweitstimmen,Tierschutzpartei,19,0.7330246913580246
08426078,Moosburg,Erststimmen,Tierschutzpartei,0,0.0
08426078,Moosburg,Zweitstimmen,Tierschutzpartei,0,0.0
08426087,"Ochsenhausen, Stadt",Erststimmen,Tierschutzpartei,0,0.0
08426087,"Ochsenhausen, Stadt",Zweitstimmen,Tierschutzpartei,47,1.0345586616773057
08426090,Oggelshausen,Erststimmen,Tierschutzpartei,0,0.0
08426090,Oggelshausen,Zweitstimmen,Tierschutzpartei,4,1.2658227848101267
08426097,"Riedlingen, Stadt",Erststimmen,Tierschutzpartei,0,0.0
08426097,"Riedlingen, Stadt",Zweitstimmen,Tierschutzpartei,43,0.8123937275647081
08426108,Schwendi,Erststimmen,Tierschutzpartei,0,0.0
08426108,Schwendi,Zweitstimmen,Tierschutzpartei,43,1.1506556061011506
08426109,Seekirch,Erststimmen,Tierschutzpartei,0,0.0
08426109,Seekirch,Zweitstimmen,Tierschutzpartei,0,0.0
08426113,Steinhausen an der Rottum,Erststimmen,Tierschutzpartei,0,0.0
08426113,Steinhausen an der Rottum,Zweitstimmen,Tierschutzpartei,24,1.7923823749066468
08426118,Tiefenbach,Erststimmen,Tierschutzpartei,0,0.0
08426118,Tiefenbach,Zweitstimmen,Tierschutzpartei,2,0.9009009009009009
08426120,Ummendorf,Erststimmen,Tierschutzpartei,0,0.0
08426120,Ummendorf,Zweitstimmen,Tierschutzpartei,28,1.0941774130519732
08426121,Unlingen,Erststimmen,Tierschutzpartei,0,0.0
08426121,Unlingen,Zweitstimmen,Tierschutzpartei,18,1.214574898785425
08426124,Uttenweiler,Erststimmen,Tierschutzpartei,0,0.0
08426124,Uttenweiler,Zweitstimmen,Tierschutzpartei,18,0.7943512797881729
08426125,Wain,Erststimmen,Tierschutzpartei,0,0.0
08426125,Wain,Zweitstimmen,Tierschutzpartei,14,1.5873015873015872
08426128,Warthausen,Erststimmen,Tierschutzpartei,0,0.0
08426128,Warthausen,Zweitstimmen,Tierschutzpartei,19,0.6572120373573158
08426134,Schemmerhofen,Erststimmen,Tierschutzpartei,0,0.0
08426134,Schemmerhofen,Zweitstimmen,Tierschutzpartei,45,0.8837391987431266
08426135,Gutenzell-Hürbel,Erststimmen,Tierschutzpartei,0,0.0
08426135,Gutenzell-Hürbel,Zweitstimmen,Tierschutzpartei,9,0.7772020725388601
08435005,Bermatingen,Erststimmen,Tierschutzpartei,0,0.0
08435005,Bermatingen,Zweitstimmen,Tierschutzpartei,15,0.6516072980017376
08435010,Daisendorf,Erststimmen,Tierschutzpartei,0,0.0
08435010,Daisendorf,Zweitstimmen,Tierschutzpartei,10,1.0905125408942202
08435013,Eriskirch,Erststimmen,Tierschutzpartei,0,0.0
08435013,Eriskirch,Zweitstimmen,Tierschutzpartei,24,0.9316770186335404
08435015,Frickingen,Erststimmen,Tierschutzpartei,0,0.0
08435015,Frickingen,Zweitstimmen,Tierschutzpartei,14,0.7502679528403001
08435016,"Friedrichshafen, Stadt",Erststimmen,Tierschutzpartei,0,0.0
08435016,"Friedrichshafen, Stadt",Zweitstimmen,Tierschutzpartei,198,0.7590860297500384
08435018,Hagnau am Bodensee,Erststimmen,Tierschutzpartei,0,0.0
08435018,Hagnau am Bodensee,Zweitstimmen,Tierschutzpartei,5,0.6009615384615385
08435020,Heiligenberg,Erststimmen,Tierschutzpartei,0,0.0
08435020,Heiligenberg,Zweitstimmen,Tierschutzpartei,14,0.823529411764706
08435024,Immenstaad am Bodensee,Erststimmen,Tierschutzpartei,0,0.0
08435024,Immenstaad am Bodensee,Zweitstimmen,Tierschutzpartei,16,0.45792787635947335
08435029,Kressbronn am Bodensee,Erststimmen,Tierschutzpartei,0,0.0
08435029,Kressbronn am Bodensee,Zweitstimmen,Tierschutzpartei,28,0.5874947545111204
08435030,Langenargen,Erststimmen,Tierschutzpartei,0,0.0
08435030,Langenargen,Zweitstimmen,Tierschutzpartei,35,0.7758811793393926
08435034,"Markdorf, Stadt",Erststimmen,Tierschutzpartei,0,0.0
08435034,"Markdorf, Stadt",Zweitstimmen,Tierschutzpartei,55,0.7480957562568008
08435036,"Meersburg, Stadt",Erststimmen,Tierschutzpartei,0,0.0
08435036,"Meersburg, Stadt",Zweitstimmen,Tierschutzpartei,18,0.5946481665014867
08435045,Oberteuringen,Erststimmen,Tierschutzpartei,0,0.0
08435045,Oberteuringen,Zweitstimmen,Tierschutzpartei,15,0.556379821958457
08435047,Owingen,Erststimmen,Tierschutzpartei,0,0.0
08435047,Owingen,Zweitstimmen,Tierschutzpartei,25,1.0096930533117932
08435052,Salem,Erststimmen,Tierschutzpartei,0,0.0
08435052,Salem,Zweitstimmen,Tierschutzpartei,59,0.8782375707055671
08435053,Sipplingen,Erststimmen,Tierschutzpartei,0,0.0
08435053,Sipplingen,Zweitstimmen,Tierschutzpartei,11,0.9083402146985963
08435054,Stetten,Erststimmen,Tierschutzpartei,0,0.0
08435054,Stetten,Zweitstimmen,Tierschutzpartei,5,0.8635578583765112
08435059,"Überlingen, Stadt",Erststimmen,Tierschutzpartei,0,0.0
08435059,"Überlingen, Stadt",Zweitstimmen,Tierschutzpartei,72,0.5911330049261084
08435066,Uhldingen-Mühlhofen,Erststimmen,Tierschutzpartei,0,0.0
08435066,Uhldingen-Mühlhofen,Zweitstimmen,Tierschutzpartei,36,0.842893935846406
08435067,Deggenhausertal,Erststimmen,Tierschutzpartei,0,0.0
08435067,Deggenhausertal,Zweitstimmen,Tierschutzpartei,23,0.8973858759266484
08437005,Beuron,Erststimmen,Tierschutzpartei,0,0.0
08437005,Beuron,Zweitstimmen,Tierschutzpartei,6,1.5228426395939088
08437008,Bingen,Erststimmen,Tierschutzpartei,0,0.0
08437008,Bingen,Zweitstimmen,Tierschutzpartei,15,0.946969696969697
08437031,"Gammertingen, Stadt",Erststimmen,Tierschutzpartei,0,0.0
08437031,"Gammertingen, Stadt",Zweitstimmen,Tierschutzpartei,37,1.1723700887198987
08437044,Herbertingen,Erststimmen,Tierschutzpartei,0,0.0
08437044,Herbertingen,Zweitstimmen,Tierschutzpartei,27,1.0119940029985006
08437047,"Hettingen, Stadt",Erststimmen,Tierschutzpartei,0,0.0
08437047,"Hettingen, Stadt",Zweitstimmen,Tierschutzpartei,7,0.5902192242833052
08437053,Hohentengen,Erststimmen,Tierschutzpartei,0,0.0
08437053,Hohentengen,Zweitstimmen,Tierschutzpartei,15,0.6087662337662338
08437056,Illmensee,Erststimmen,Tierschutzpartei,0,0.0
08437056,Illmensee,Zweitstimmen,Tierschutzpartei,10,0.8084074373484237
08437059,Inzigkofen,Erststimmen,Tierschutzpartei,0,0.0
08437059,Inzigkofen,Zweitstimmen,Tierschutzpartei,6,0.34522439585730724
08437065,Krauchenwies,Erststimmen,Tierschutzpartei,0,0.0
08437065,Krauchenwies,Zweitstimmen,Tierschutzpartei,21,0.7777777777777778
08437072,Leibertingen,Erststimmen,Tierschutzpartei,0,0.0
08437072,Leibertingen,Zweitstimmen,Tierschutzpartei,20,1.3937282229965158
08437076,"Mengen, Stadt",Erststimmen,Tierschutzpartei,0,0.0
08437076,"Mengen, Stadt",Zweitstimmen,Tierschutzpartei,51,1.0365853658536586
08437078,"Meßkirch, Stadt",Erststimmen,Tierschutzpartei,0,0.0
08437078,"Meßkirch, Stadt",Zweitstimmen,Tierschutzpartei,31,0.7502420135527589
08437082,Neufra,Erststimmen,Tierschutzpartei,0,0.0
08437082,Neufra,Zweitstimmen,Tierschutzpartei,12,1.1583011583011582
08437086,Ostrach,Erststimmen,Tierschutzpartei,0,0.0
08437086,Ostrach,Zweitstimmen,Tierschutzpartei,41,1.0586108959462948
08437088,"Pfullendorf, Stadt",Erststimmen,Tierschutzpartei,0,0.0
08437088,"Pfullendorf, Stadt",Zweitstimmen,Tierschutzpartei,44,0.7724719101123595
08437100,"Bad Saulgau, Stadt",Erststimmen,Tierschutzpartei,0,0.0
08437100,"Bad Saulgau, Stadt",Zweitstimmen,Tierschutzpartei,52,0.5905735377626349
08437101,"Scheer, Stadt",Erststimmen,Tierschutzpartei,0,0.0
08437101,"Scheer, Stadt",Zweitstimmen,Tierschutzpartei,17,1.3291634089132134
08437102,Schwenningen,Erststimmen,Tierschutzpartei,0,0.0
08437102,Schwenningen,Zweitstimmen,Tierschutzpartei,3,0.29791459781529295
08437104,"Sigmaringen, Stadt",Erststimmen,Tierschutzpartei,0,0.0
08437104,"Sigmaringen, Stadt",Zweitstimmen,Tierschutzpartei,60,0.7809449433814916
08437105,Sigmaringendorf,Erststimmen,Tierschutzpartei,0,0.0
08437105,Sigmaringendorf,Zweitstimmen,Tierschutzpartei,13,0.6629270780214177
08437107,Stetten am kalten Markt,Erststimmen,Tierschutzpartei,0,0.0
08437107,Stetten am kalten Markt,Zweitstimmen,Tierschutzpartei,28,1.023765996343693
08437114,"Veringenstadt, Stadt",Erststimmen,Tierschutzpartei,0,0.0
08437114,"Veringenstadt, Stadt",Zweitstimmen,Tierschutzpartei,15,1.2831479897348161
08437118,Wald,Erststimmen,Tierschutzpartei,0,0.0
08437118,Wald,Zweitstimmen,Tierschutzpartei,11,0.6922592825676527
08437123,Sauldorf,Erststimmen,Tierschutzpartei,0,0.0
08437123,Sauldorf,Zweitstimmen,Tierschutzpartei,16,1.0025062656641603
08437124,Herdwangen-Schönach,Erststimmen,Tierschutzpartei,0,0.0
08437124,Herdwangen-Schönach,Zweitstimmen,Tierschutzpartei,21,1.0931806350858928
08121000,"Heilbronn, Universitätsstadt",Erststimmen,Verjüngungsforschung,0,0.0
08121000,"Heilbronn, Universitätsstadt",Zweitstimmen,Verjüngungsforschung,28,0.06187708558926875
08125030,Flein,Erststimmen,Verjüngungsforschung,0,0.0
08125030,Flein,Zweitstimmen,Verjüngungsforschung,0,0.0
08125058,"Leingarten, Stadt",Erststimmen,Verjüngungsforschung,0,0.0
08125058,"Leingarten, Stadt",Zweitstimmen,Verjüngungsforschung,2,0.03446493193175943
08125074,Nordheim,Erststimmen,Verjüngungsforschung,0,0.0
08125074,Nordheim,Zweitstimmen,Verjüngungsforschung,2,0.04401408450704226
08125094,Talheim,Erststimmen,Verjüngungsforschung,0,0.0
08125094,Talheim,Zweitstimmen,Verjüngungsforschung,5,0.17439832577607256
08126011,Bretzfeld,Erststimmen,Verjüngungsforschung,0,0.0
08126011,Bretzfeld,Zweitstimmen,Verjüngungsforschung,10,0.14660606949127694
08126020,Dörzbach,Erststimmen,Verjüngungsforschung,0,0.0
08126020,Dörzbach,Zweitstimmen,Verjüngungsforschung,2,0.141643059490085
08126028,"Forchtenberg, Stadt",Erststimmen,Verjüngungsforschung,0,0.0
08126028,"Forchtenberg, Stadt",Zweitstimmen,Verjüngungsforschung,3,0.10771992818671454
08126039,"Ingelfingen, Stadt",Erststimmen,Verjüngungsforschung,0,0.0
08126039,"Ingelfingen, Stadt",Zweitstimmen,Verjüngungsforschung,0,0.0
08126045,"Krautheim, Stadt",Erststimmen,Verjüngungsforschung,0,0.0
08126045,"Krautheim, Stadt",Zweitstimmen,Verjüngungsforschung,4,0.16427104722792607
08126046,"Künzelsau, Stadt",Erststimmen,Verjüngungsforschung,0,0.0
08126046,"Künzelsau, Stadt",Zweitstimmen,Verjüngungsforschung,4,0.05641748942172073
08126047,Kupferzell,Erststimmen,Verjüngungsforschung,0,0.0
08126047,Kupferzell,Zweitstimmen,Verjüngungsforschung,5,0.15001500150015
08126056,Mulfingen,Erststimmen,Verjüngungsforschung,0,0.0
08126056,Mulfingen,Zweitstimmen,Verjüngungsforschung,3,0.1301518438177874
08126058,"Neuenstein, Stadt",Erststimmen,Verjüngungsforschung,0,0.0
08126058,"Neuenstein, Stadt",Zweitstimmen,Verjüngungsforschung,2,0.05790387955993051
08126060,"Niedernhall, Stadt",Erststimmen,Verjüngungsforschung,0,0.0
08126060,"Niedernhall, Stadt",Zweitstimmen,Verjüngungsforschung,2,0.10101010101010101
08126066,"Öhringen, Stadt",Erststimmen,Verjüngungsforschung,0,0.0
08126066,"Öhringen, Stadt",Zweitstimmen,Verjüngungsforschung,11,0.09564385705590818
08126069,Pfedelbach,Erststimmen,Verjüngungsforschung,0,0.0
08126069,Pfedelbach,Zweitstimmen,Verjüngungsforschung,3,0.06006006006006006
08126072,Schöntal,Erststimmen,Verjüngungsforschung,0,0.0
08126072,Schöntal,Zweitstimmen,Verjüngungsforschung,1,0.028710881424059722
08126085,"Waldenburg, Stadt",Erststimmen,Verjüngungsforschung,0,0.0
08126085,"Waldenburg, Stadt",Zweitstimmen,Verjüngungsforschung,1,0.062034739454094295
08126086,Weißbach,Erststimmen,Verjüngungsforschung,0,0.0
08126086,Weißbach,Zweitstimmen,Verjüngungsforschung,2,0.23837902264600713
08126094,Zweiflingen,Erststimmen,Verjüngungsforschung,0,0.0
08126094,Zweiflingen,Zweitstimmen,Verjüngungsforschung,2,0.1890359168241966
08127008,Blaufelden,Erststimmen,Verjüngungsforschung,0,0.0
08127008,Blaufelden,Zweitstimmen,Verjüngungsforschung,0,0.0
08127009,Braunsbach,Erststimmen,Verjüngungsforschung,0,0.0
08127009,Braunsbach,Zweitstimmen,Verjüngungsforschung,3,0.19828155981493722
08127012,Bühlertann,Erststimmen,Verjüngungsforschung,0,0.0
08127012,Bühlertann,Zweitstimmen,Verjüngungsforschung,2,0.1201923076923077
08127013,Bühlerzell,Erststimmen,Verjüngungsforschung,0,0.0
08127013,Bühlerzell,Zweitstimmen,Verjüngungsforschung,2,0.15278838808250572
08127014,"Crailsheim, Stadt",Erststimmen,Verjüngungsforschung,0,0.0
08127014,"Crailsheim, Stadt",Zweitstimmen,Verjüngungsforschung,13,0.10066594393681276
08127023,Fichtenberg,Erststimmen,Verjüngungsforschung,0,0.0
08127023,Fichtenberg,Zweitstimmen,Verjüngungsforschung,1,0.06165228113440197
08127025,"Gaildorf, Stadt",Erststimmen,Verjüngungsforschung,0,0.0
08127025,"Gaildorf, Stadt",Zweitstimmen,Verjüngungsforschung,2,0.0385951370127364
08127032,"Gerabronn, Stadt",Erststimmen,Verjüngungsforschung,0,0.0
08127032,"Gerabronn, Stadt",Zweitstimmen,Verjüngungsforschung,1,0.04854368932038835
08127043,"Ilshofen, Stadt",Erststimmen,Verjüngungsforschung,0,0.0
08127043,"Ilshofen, Stadt",Zweitstimmen,Verjüngungsforschung,1,0.02966478789676654
08127046,"Kirchberg an der Jagst, Stadt",Erststimmen,Verjüngungsforschung,0,0.0
08127046,"Kirchberg an der Jagst, Stadt",Zweitstimmen,Verjüngungsforschung,0,0.0
08127047,"Langenburg, Stadt",Erststimmen,Verjüngungsforschung,0,0.0
08127047,"Langenburg, Stadt",Zweitstimmen,Verjüngungsforschung,0,0.0
08127052,Mainhardt,Erststimmen,Verjüngungsforschung,0,0.0
08127052,Mainhardt,Zweitstimmen,Verjüngungsforschung,4,0.12395413696932135
08127056,Michelbach an der Bilz,Erststimmen,Verjüngungsforschung,0,0.0
08127056,Michelbach an der Bilz,Zweitstimmen,Verjüngungsforschung,0,0.0
08127059,Michelfeld,Erststimmen,Verjüngungsforschung,0,0.0
08127059,Michelfeld,Zweitstimmen,Verjüngungsforschung,0,0.0
08127062,Oberrot,Erststimmen,Verjüngungsforschung,0,0.0
08127062,Oberrot,Zweitstimmen,Verjüngungsforschung,1,0.055803571428571425
08127063,Obersontheim,Erststimmen,Verjüngungsforschung,0,0.0
08127063,Obersontheim,Zweitstimmen,Verjüngungsforschung,3,0.1092896174863388
08127071,Rot am See,Erststimmen,Verjüngungsforschung,0,0.0
08127071,Rot am See,Zweitstimmen,Verjüngungsforschung,3,0.1012829169480081
08127073,Satteldorf,Erststimmen,Verjüngungsforschung,0,0.0
08127073,Satteldorf,Zweitstimmen,Verjüngungsforschung,2,0.06983240223463687
08127075,"Schrozberg, Stadt",Erststimmen,Verjüngungsforschung,0,0.0
08127075,"Schrozberg, Stadt",Zweitstimmen,Verjüngungsforschung,1,0.03485535029627048
08127076,"Schwäbisch Hall, Stadt",Erststimmen,Verjüngungsforschung,0,0.0
08127076,"Schwäbisch Hall, Stadt",Zweitstimmen,Verjüngungsforschung,14,0.0691836331290769
08127079,Sulzbach-Laufen,Erststimmen,Verjüngungsforschung,0,0.0
08127079,Sulzbach-Laufen,Zweitstimmen,Verjüngungsforschung,0,0.0
08127086,Untermünkheim,Erststimmen,Verjüngungsforschung,0,0.0
08127086,Untermünkheim,Zweitstimmen,Verjüngungsforschung,0,0.0
08127089,"Vellberg, Stadt",Erststimmen,Verjüngungsforschung,0,0.0
08127089,"Vellberg, Stadt",Zweitstimmen,Verjüngungsforschung,2,0.0779423226812159
08127091,Wallhausen,Erststimmen,Verjüngungsforschung,0,0.0
08127091,Wallhausen,Zweitstimmen,Verjüngungsforschung,1,0.05333333333333334
08127099,Wolpertshausen,Erststimmen,Verjüngungsforschung,0,0.0
08127099,Wolpertshausen,Zweitstimmen,Verjüngungsforschung,1,0.08190008190008191
08127100,Rosengarten,Erststimmen,Verjüngungsforschung,0,0.0
08127100,Rosengarten,Zweitstimmen,Verjüngungsforschung,1,0.034411562284927734
08127101,Kreßberg,Erststimmen,Verjüngungsforschung,0,0.0
08127101,Kreßberg,Zweitstimmen,Verjüngungsforschung,1,0.047664442326024785
08127102,Fichtenau,Erststimmen,Verjüngungsforschung,0,0.0
08127102,Fichtenau,Zweitstimmen,Verjüngungsforschung,1,0.04440497335701599
08127103,Frankenhardt,Erststimmen,Verjüngungsforschung,0,0.0
08127103,Frankenhardt,Zweitstimmen,Verjüngungsforschung,2,0.07112375533428165
08127104,Stimpfach,Erststimmen,Verjüngungsforschung,0,0.0
08127104,Stimpfach,Zweitstimmen,Verjüngungsforschung,0,0.0
08128006,Assamstadt,Erststimmen,Verjüngungsforschung,0,0.0
08128006,Assamstadt,Zweitstimmen,Verjüngungsforschung,0,0.0
08128007,"Bad Mergentheim, Stadt",Erststimmen,Verjüngungsforschung,0,0.0
08128007,"Bad Mergentheim, Stadt",Zweitstimmen,Verjüngungsforschung,4,0.035539760106619286
08128014,"Boxberg, Stadt",Erststimmen,Verjüngungsforschung,0,0.0
08128014,"Boxberg, Stadt",Zweitstimmen,Verjüngungsforschung,2,0.05230125523012552
08128020,"Creglingen, Stadt",Erststimmen,Verjüngungsforschung,0,0.0
08128020,"Creglingen, Stadt",Zweitstimmen,Verjüngungsforschung,2,0.0746268656716418
08128039,"Freudenberg, Stadt",Erststimmen,Verjüngungsforschung,0,0.0
08128039,"Freudenberg, Stadt",Zweitstimmen,Verjüngungsforschung,1,0.052910052910052914
08128045,Großrinderfeld,Erststimmen,Verjüngungsforschung,0,0.0
08128045,Großrinderfeld,Zweitstimmen,Verjüngungsforschung,0,0.0
08128047,"Grünsfeld, Stadt",Erststimmen,Verjüngungsforschung,0,0.0
08128047,"Grünsfeld, Stadt",Zweitstimmen,Verjüngungsforschung,1,0.04631773969430292
08128058,Igersheim,Erststimmen,Verjüngungsforschung,0,0.0
08128058,Igersheim,Zweitstimmen,Verjüngungsforschung,4,0.13016596160104132
08128061,Königheim,Erststimmen,Verjüngungsforschung,0,0.0
08128061,Königheim,Zweitstimmen,Verjüngungsforschung,1,0.05271481286241434
08128064,"Külsheim, Stadt",Erststimmen,Verjüngungsforschung,0,0.0
08128064,"Külsheim, Stadt",Zweitstimmen,Verjüngungsforschung,5,0.1635055591890124
08128082,"Niederstetten, Stadt",Erststimmen,Verjüngungsforschung,0,0.0
08128082,"Niederstetten, Stadt",Zweitstimmen,Verjüngungsforschung,0,0.0
08128115,"Tauberbischofsheim, Stadt",Erststimmen,Verjüngungsforschung,0,0.0
08128115,"Tauberbischofsheim, Stadt",Zweitstimmen,Verjüngungsforschung,5,0.07387706855791962
08128126,"Weikersheim, Stadt",Erststimmen,Verjüngungsforschung,0,0.0
08128126,"Weikersheim, Stadt",Zweitstimmen,Verjüngungsforschung,6,0.1341381623071764
08128128,Werbach,Erststimmen,Verjüngungsforschung,0,0.0
08128128,Werbach,Zweitstimmen,Verjüngungsforschung,0,0.0
08128131,"Wertheim, Stadt",Erststimmen,Verjüngungsforschung,0,0.0
08128131,"Wertheim, Stadt",Zweitstimmen,Verjüngungsforschung,9,0.08441193021947102
08128137,Wittighausen,Erststimmen,Verjüngungsforschung,0,0.0
08128137,Wittighausen,Zweitstimmen,Verjüngungsforschung,0,0.0
08128138,Ahorn,Erststimmen,Verjüngungsforschung,0,0.0
08128138,Ahorn,Zweitstimmen,Verjüngungsforschung,1,0.07032348804500703
08128139,"Lauda-Königshofen, Stadt",Erststimmen,Verjüngungsforschung,0,0.0
08128139,"Lauda-Königshofen, Stadt",Zweitstimmen,Verjüngungsforschung,9,0.12178619756427606
08135010,Dischingen,Erststimmen,Verjüngungsforschung,0,0.0
08135010,Dischingen,Zweitstimmen,Verjüngungsforschung,4,0.16135538523598225
08135015,Gerstetten,Erststimmen,Verjüngungsforschung,0,0.0
08135015,Gerstetten,Zweitstimmen,Verjüngungsforschung,4,0.06335128286347799
08135016,"Giengen an der Brenz, Stadt",Erststimmen,Verjüngungsforschung,0,0.0
08135016,"Giengen an der Brenz, Stadt",Zweitstimmen,Verjüngungsforschung,5,0.06466632177961718
08135019,"Heidenheim an der Brenz, Stadt",Erststimmen,Verjüngungsforschung,0,0.0
08135019,"Heidenheim an der Brenz, Stadt",Zweitstimmen,Verjüngungsforschung,9,0.04806151874399231
08135020,"Herbrechtingen, Stadt",Erststimmen,Verjüngungsforschung,0,0.0
08135020,"Herbrechtingen, Stadt",Zweitstimmen,Verjüngungsforschung,3,0.04617515776512237
08135021,Hermaringen,Erststimmen,Verjüngungsforschung,0,0.0
08135021,Hermaringen,Zweitstimmen,Verjüngungsforschung,1,0.07733952049497293
08135025,Königsbronn,Erststimmen,Verjüngungsforschung,0,0.0
08135025,Königsbronn,Zweitstimmen,Verjüngungsforschung,1,0.02627430373095113
08135026,Nattheim,Erststimmen,Verjüngungsforschung,0,0.0
08135026,Nattheim,Zweitstimmen,Verjüngungsforschung,5,0.13448090371167293
08135027,"Niederstotzingen, Stadt",Erststimmen,Verjüngungsforschung,0,0.0
08135027,"Niederstotzingen, Stadt",Zweitstimmen,Verjüngungsforschung,2,0.07864726700747149
08135031,Sontheim an der Brenz,Erststimmen,Verjüngungsforschung,0,0.0
08135031,Sontheim an der Brenz,Zweitstimmen,Verjüngungsforschung,2,0.06371455877668047
08135032,Steinheim am Albuch,Erststimmen,Verjüngungsforschung,0,0.0
08135032,Steinheim am Albuch,Zweitstimmen,Verjüngungsforschung,2,0.04317789291882556
08216002,Au am Rhein,Erststimmen,Verjüngungsforschung,0,0.0
08216002,Au am Rhein,Zweitstimmen,Verjüngungsforschung,0,0.0
08216005,Bietigheim,Erststimmen,Verjüngungsforschung,0,0.0
08216005,Bietigheim,Zweitstimmen,Verjüngungsforschung,4,0.11719894520949312
08216006,Bischweier,Erststimmen,Verjüngungsforschung,0,0.0
08216006,Bischweier,Zweitstimmen,Verjüngungsforschung,0,0.0
08216009,Durmersheim,Erststimmen,Verjüngungsforschung,0,0.0
08216009,Durmersheim,Zweitstimmen,Verjüngungsforschung,4,0.0678195998643608
08216012,Elchesheim-Illingen,Erststimmen,Verjüngungsforschung,0,0.0
08216012,Elchesheim-Illingen,Zweitstimmen,Verjüngungsforschung,3,0.1681614349775785
08216013,Forbach,Erststimmen,Verjüngungsforschung,0,0.0
08216013,Forbach,Zweitstimmen,Verjüngungsforschung,2,0.08329862557267806
08216015,"Gaggenau, Stadt",Erststimmen,Verjüngungsforschung,0,0.0
08216015,"Gaggenau, Stadt",Zweitstimmen,Verjüngungsforschung,12,0.08587376556462001
08216017,"Gernsbach, Stadt",Erststimmen,Verjüngungsforschung,0,0.0
08216017,"Gernsbach, Stadt",Zweitstimmen,Verjüngungsforschung,7,0.10010010010010009
08216023,Iffezheim,Erststimmen,Verjüngungsforschung,0,0.0
08216023,Iffezheim,Zweitstimmen,Verjüngungsforschung,0,0.0
08216024,"Kuppenheim, Stadt",Erststimmen,Verjüngungsforschung,0,0.0
08216024,"Kuppenheim, Stadt",Zweitstimmen,Verjüngungsforschung,1,0.02337540906965872
08216029,Loffenau,Erststimmen,Verjüngungsforschung,0,0.0
08216029,Loffenau,Zweitstimmen,Verjüngungsforschung,0,0.0
08216033,Muggensturm,Erststimmen,Verjüngungsforschung,0,0.0
08216033,Muggensturm,Zweitstimmen,Verjüngungsforschung,3,0.09253547193090685
08216039,Ötigheim,Erststimmen,Verjüngungsforschung,0,0.0
08216039,Ötigheim,Zweitstimmen,Verjüngungsforschung,0,0.0
08216043,"Rastatt, Stadt",Erststimmen,Verjüngungsforschung,0,0.0
08216043,"Rastatt, Stadt",Zweitstimmen,Verjüngungsforschung,11,0.06026406618090177
08216052,Steinmauern,Erststimmen,Verjüngungsforschung,0,0.0
08216052,Steinmauern,Zweitstimmen,Verjüngungsforschung,1,0.06053268765133172
08216059,Weisenbach,Erststimmen,Verjüngungsforschung,0,0.0
08216059,Weisenbach,Zweitstimmen,Verjüngungsforschung,0,0.0
08231000,"Pforzheim, Stadt",Erststimmen,Verjüngungsforschung,0,0.0
08231000,"Pforzheim, Stadt",Zweitstimmen,Verjüngungsforschung,26,0.0640788662969809
08235006,"Altensteig, Stadt",Erststimmen,Verjüngungsforschung,0,0.0
08235006,"Altensteig, Stadt",Zweitstimmen,Verjüngungsforschung,0,0.0
08235007,Althengstett,Erststimmen,Verjüngungsforschung,0,0.0
08235007,Althengstett,Zweitstimmen,Verjüngungsforschung,4,0.08727907484180668
08235008,"Bad Liebenzell, Stadt",Erststimmen,Verjüngungsforschung,0,0.0
08235008,"Bad Liebenzell, Stadt",Zweitstimmen,Verjüngungsforschung,0,0.0
08235018,Dobel,Erststimmen,Verjüngungsforschung,0,0.0
08235018,Dobel,Zweitstimmen,Verjüngungsforschung,0,0.0
08235020,Ebhausen,Erststimmen,Verjüngungsforschung,0,0.0
08235020,Ebhausen,Zweitstimmen,Verjüngungsforschung,2,0.08288437629506838
08235022,Egenhausen,Erststimmen,Verjüngungsforschung,0,0.0
08235022,Egenhausen,Zweitstimmen,Verjüngungsforschung,1,0.08496176720475786
08235025,Enzklösterle,Erststimmen,Verjüngungsforschung,0,0.0
08235025,Enzklösterle,Zweitstimmen,Verjüngungsforschung,0,0.0
08235029,Gechingen,Erststimmen,Verjüngungsforschung,0,0.0
08235029,Gechingen,Zweitstimmen,Verjüngungsforschung,2,0.09433962264150944
08235032,"Haiterbach, Stadt",Erststimmen,Verjüngungsforschung,0,0.0
08235032,"Haiterbach, Stadt",Zweitstimmen,Verjüngungsforschung,2,0.07243752263672583
08235033,"Bad Herrenalb, Stadt",Erststimmen,Verjüngungsforschung,0,0.0
08235033,"Bad Herrenalb, Stadt",Zweitstimmen,Verjüngungsforschung,3,0.07989347536617843
08235035,Höfen an der Enz,Erststimmen,Verjüngungsforschung,0,0.0
08235035,Höfen an der Enz,Zweitstimmen,Verjüngungsforschung,0,0.0
08235046,"Nagold, Stadt",Erststimmen,Verjüngungsforschung,0,0.0
08235046,"Nagold, Stadt",Zweitstimmen,Verjüngungsforschung,2,0.01884481296523132
08235047,"Neubulach, Stadt",Erststimmen,Verjüngungsforschung,0,0.0
08235047,"Neubulach, Stadt",Zweitstimmen,Verjüngungsforschung,1,0.030248033877797946
08235050,Neuweiler,Erststimmen,Verjüngungsforschung,0,0.0
08235050,Neuweiler,Zweitstimmen,Verjüngungsforschung,2,0.10504201680672269
08235055,Oberreichenbach,Erststimmen,Verjüngungsforschung,0,0.0
08235055,Oberreichenbach,Zweitstimmen,Verjüngungsforschung,5,0.26766595289079226
08235057,Ostelsheim,Erststimmen,Verjüngungsforschung,0,0.0
08235057,Ostelsheim,Zweitstimmen,Verjüngungsforschung,2,0.1392757660167131
08235060,Rohrdorf,Erststimmen,Verjüngungsforschung,0,0.0
08235060,Rohrdorf,Zweitstimmen,Verjüngungsforschung,0,0.0
08235065,Schömberg,Erststimmen,Verjüngungsforschung,0,0.0
08235065,Schömberg,Zweitstimmen,Verjüngungsforschung,8,0.2167434299647792
08235066,Simmersfeld,Erststimmen,Verjüngungsforschung,0,0.0
08235066,Simmersfeld,Zweitstimmen,Verjüngungsforschung,0,0.0
08235067,Simmozheim,Erststimmen,Verjüngungsforschung,0,0.0
08235067,Simmozheim,Zweitstimmen,Verjüngungsforschung,0,0.0
08235073,Unterreichenbach,Erststimmen,Verjüngungsforschung,0,0.0
08235073,Unterreichenbach,Zweitstimmen,Verjüngungsforschung,0,0.0
08235079,"Bad Wildbad, Stadt",Erststimmen,Verjüngungsforschung,0,0.0
08235079,"Bad Wildbad, Stadt",Zweitstimmen,Verjüngungsforschung,4,0.09304489416143288
08235080,"Wildberg, Stadt",Erststimmen,Verjüngungsforschung,0,0.0
08235080,"Wildberg, Stadt",Zweitstimmen,Verjüngungsforschung,5,0.08957362952346828
08235084,"Bad Teinach-Zavelstein, Stadt",Erststimmen,Verjüngungsforschung,0,0.0
08235084,"Bad Teinach-Zavelstein, Stadt",Zweitstimmen,Verjüngungsforschung,1,0.056593095642331635
08235085,"Calw, Stadt",Erststimmen,Verjüngungsforschung,0,0.0
08235085,"Calw, Stadt",Zweitstimmen,Verjüngungsforschung,9,0.08481764206955046
08236004,Birkenfeld,Erststimmen,Verjüngungsforschung,0,0.0
08236004,Birkenfeld,Zweitstimmen,Verjüngungsforschung,2,0.03946329913180742
08236011,Eisingen,Erststimmen,Verjüngungsforschung,0,0.0
08236011,Eisingen,Zweitstimmen,Verjüngungsforschung,2,0.0848536274925753
08236013,Engelsbrand,Erststimmen,Verjüngungsforschung,0,0.0
08236013,Engelsbrand,Zweitstimmen,Verjüngungsforschung,3,0.12274959083469722
08236019,Friolzheim,Erststimmen,Verjüngungsforschung,0,0.0
08236019,Friolzheim,Zweitstimmen,Verjüngungsforschung,1,0.04752851711026616
08236025,"Heimsheim, Stadt",Erststimmen,Verjüngungsforschung,0,0.0
08236025,"Heimsheim, Stadt",Zweitstimmen,Verjüngungsforschung,1,0.03759398496240602
08236028,Illingen,Erststimmen,Verjüngungsforschung,0,0.0
08236028,Illingen,Zweitstimmen,Verjüngungsforschung,0,0.0
08236030,Ispringen,Erststimmen,Verjüngungsforschung,0,0.0
08236030,Ispringen,Zweitstimmen,Verjüngungsforschung,6,0.2136752136752137
08236031,Kieselbronn,Erststimmen,Verjüngungsforschung,0,0.0
08236031,Kieselbronn,Zweitstimmen,Verjüngungsforschung,4,0.24875621890547264
08236033,"Knittlingen, Stadt",Erststimmen,Verjüngungsforschung,0,0.0
08236033,"Knittlingen, Stadt",Zweitstimmen,Verjüngungsforschung,3,0.07547169811320754
08236038,"Maulbronn, Stadt",Erststimmen,Verjüngungsforschung,0,0.0
08236038,"Maulbronn, Stadt",Zweitstimmen,Verjüngungsforschung,1,0.030553009471432937
08236039,Mönsheim,Erststimmen,Verjüngungsforschung,0,0.0
08236039,Mönsheim,Zweitstimmen,Verjüngungsforschung,0,0.0
08236040,"Mühlacker, Stadt",Erststimmen,Verjüngungsforschung,0,0.0
08236040,"Mühlacker, Stadt",Zweitstimmen,Verjüngungsforschung,6,0.055736182071528105
08236043,"Neuenbürg, Stadt",Erststimmen,Verjüngungsforschung,0,0.0
08236043,"Neuenbürg, Stadt",Zweitstimmen,Verjüngungsforschung,6,0.16260162601626016
08236044,Neuhausen,Erststimmen,Verjüngungsforschung,0,0.0
08236044,Neuhausen,Zweitstimmen,Verjüngungsforschung,6,0.19672131147540983
08236046,Niefern-Öschelbronn,Erststimmen,Verjüngungsforschung,0,0.0
08236046,Niefern-Öschelbronn,Zweitstimmen,Verjüngungsforschung,4,0.07156915369475755
08236050,Ötisheim,Erststimmen,Verjüngungsforschung,0,0.0
08236050,Ötisheim,Zweitstimmen,Verjüngungsforschung,3,0.11797090051120723
08236061,Sternenfels,Erststimmen,Verjüngungsforschung,0,0.0
08236061,Sternenfels,Zweitstimmen,Verjüngungsforschung,1,0.06426735218508997
08236062,Tiefenbronn,Erststimmen,Verjüngungsforschung,0,0.0
08236062,Tiefenbronn,Zweitstimmen,Verjüngungsforschung,5,0.1554243083618278
08236065,Wiernsheim,Erststimmen,Verjüngungsforschung,0,0.0
08236065,Wiernsheim,Zweitstimmen,Verjüngungsforschung,1,0.026028110359187923
08236067,Wimsheim,Erststimmen,Verjüngungsforschung,0,0.0
08236067,Wimsheim,Zweitstimmen,Verjüngungsforschung,4,0.2457002457002457
08236068,Wurmberg,Erststimmen,Verjüngungsforschung,0,0.0
08236068,Wurmberg,Zweitstimmen,Verjüngungsforschung,1,0.06134969325153375
08236070,Keltern,Erststimmen,Verjüngungsforschung,0,0.0
08236070,Keltern,Zweitstimmen,Verjüngungsforschung,2,0.03806623524933384
08236071,Remchingen,Erststimmen,Verjüngungsforschung,0,0.0
08236071,Remchingen,Zweitstimmen,Verjüngungsforschung,5,0.0771485881808363
08236072,Straubenhardt,Erststimmen,Verjüngungsforschung,0,0.0
08236072,Straubenhardt,Zweitstimmen,Verjüngungsforschung,2,0.03256798567008631
08236073,Neulingen,Erststimmen,Verjüngungsforschung,0,0.0
08236073,Neulingen,Zweitstimmen,Verjüngungsforschung,5,0.13528138528138528
08236074,Kämpfelbach,Erststimmen,Verjüngungsforschung,0,0.0
08236074,Kämpfelbach,Zweitstimmen,Verjüngungsforschung,3,0.08358874338255781
08236075,Ölbronn-Dürrn,Erststimmen,Verjüngungsforschung,0,0.0
08236075,Ölbronn-Dürrn,Zweitstimmen,Verjüngungsforschung,1,0.05102040816326531
08236076,Königsbach-Stein,Erststimmen,Verjüngungsforschung,0,0.0
08236076,Königsbach-Stein,Zweitstimmen,Verjüngungsforschung,2,0.03586157432311279
08237002,"Alpirsbach, Stadt",Erststimmen,Verjüngungsforschung,0,0.0
08237002,"Alpirsbach, Stadt",Zweitstimmen,Verjüngungsforschung,3,0.09668063164679343
08237004,Baiersbronn,Erststimmen,Verjüngungsforschung,0,0.0
08237004,Baiersbronn,Zweitstimmen,Verjüngungsforschung,2,0.026986911347996224
08237019,"Dornstetten, Stadt",Erststimmen,Verjüngungsforschung,0,0.0
08237019,"Dornstetten, Stadt",Zweitstimmen,Verjüngungsforschung,3,0.0740557886941496
08237024,Empfingen,Erststimmen,Verjüngungsforschung,0,0.0
08237024,Empfingen,Zweitstimmen,Verjüngungsforschung,1,0.0449842555105713
08237027,Eutingen im Gäu,Erststimmen,Verjüngungsforschung,0,0.0
08237027,Eutingen im Gäu,Zweitstimmen,Verjüngungsforschung,5,0.14863258026159334
08237028,"Freudenstadt, Stadt",Erststimmen,Verjüngungsforschung,0,0.0
08237028,"Freudenstadt, Stadt",Zweitstimmen,Verjüngungsforschung,7,0.06483282393257386
08237030,Glatten,Erststimmen,Verjüngungsforschung,0,0.0
08237030,Glatten,Zweitstimmen,Verjüngungsforschung,0,0.0
08237032,Grömbach,Erststimmen,Verjüngungsforschung,0,0.0
08237032,Grömbach,Zweitstimmen,Verjüngungsforschung,0,0.0
08237040,"Horb am Neckar, Stadt",Erststimmen,Verjüngungsforschung,0,0.0
08237040,"Horb am Neckar, Stadt",Zweitstimmen,Verjüngungsforschung,3,0.0239769820971867
08237045,Loßburg,Erststimmen,Verjüngungsforschung,0,0.0
08237045,Loßburg,Zweitstimmen,Verjüngungsforschung,1,0.022331397945511387
08237054,Pfalzgrafenweiler,Erststimmen,Verjüngungsforschung,0,0.0
08237054,Pfalzgrafenweiler,Zweitstimmen,Verjüngungsforschung,3,0.08196721311475409
08237061,Schopfloch,Erststimmen,Verjüngungsforschung,0,0.0
08237061,Schopfloch,Zweitstimmen,Verjüngungsforschung,0,0.0
08237072,Wörnersberg,Erststimmen,Verjüngungsforschung,0,0.0
08237072,Wörnersberg,Zweitstimmen,Verjüngungsforschung,0,0.0
08237073,Seewald,Erststimmen,Verjüngungsforschung,0,0.0
08237073,Seewald,Zweitstimmen,Verjüngungsforschung,1,0.08460236886632826
08237074,Waldachtal,Erststimmen,Verjüngungsforschung,0,0.0
08237074,Waldachtal,Zweitstimmen,Verjüngungsforschung,2,0.06215040397762585
08237075,Bad Rippoldsau-Schapbach,Erststimmen,Verjüngungsforschung,0,0.0
08237075,Bad Rippoldsau-Schapbach,Zweitstimmen,Verjüngungsforschung,0,0.0
08316002,Bahlingen am Kaiserstuhl,Erststimmen,Verjüngungsforschung,0,0.0
08316002,Bahlingen am Kaiserstuhl,Zweitstimmen,Verjüngungsforschung,3,0.11569610489780179
08316003,Biederbach,Erststimmen,Verjüngungsforschung,0,0.0
08316003,Biederbach,Zweitstimmen,Verjüngungsforschung,1,0.09727626459143969
08316009,Denzlingen,Erststimmen,Verjüngungsforschung,0,0.0
08316009,Denzlingen,Zweitstimmen,Verjüngungsforschung,3,0.04075533215595707
08316010,"Elzach, Stadt",Erststimmen,Verjüngungsforschung,0,0.0
08316010,"Elzach, Stadt",Zweitstimmen,Verjüngungsforschung,1,0.02328830926874709
08316011,"Emmendingen, Stadt",Erststimmen,Verjüngungsforschung,0,0.0
08316011,"Emmendingen, Stadt",Zweitstimmen,Verjüngungsforschung,7,0.04971590909090909
08316012,"Endingen am Kaiserstuhl, Stadt",Erststimmen,Verjüngungsforschung,0,0.0
08316012,"Endingen am Kaiserstuhl, Stadt",Zweitstimmen,Verjüngungsforschung,7,0.12152777777777778
08316013,Forchheim,Erststimmen,Verjüngungsforschung,0,0.0
08316013,Forchheim,Zweitstimmen,Verjüngungsforschung,0,0.0
08316014,Gutach im Breisgau,Erststimmen,Verjüngungsforschung,0,0.0
08316014,Gutach im Breisgau,Zweitstimmen,Verjüngungsforschung,1,0.03795066413662239
08316017,"Herbolzheim, Stadt",Erststimmen,Verjüngungsforschung,0,0.0
08316017,"Herbolzheim, Stadt",Zweitstimmen,Verjüngungsforschung,4,0.07582938388625592
08316020,"Kenzingen, Stadt",Erststimmen,Verjüngungsforschung,0,0.0
08316020,"Kenzingen, Stadt",Zweitstimmen,Verjüngungsforschung,5,0.08965393580778196
08316024,Malterdingen,Erststimmen,Verjüngungsforschung,0,0.0
08316024,Malterdingen,Zweitstimmen,Verjüngungsforschung,1,0.05254860746190226
08316036,Reute,Erststimmen,Verjüngungsforschung,0,0.0
08316036,Reute,Zweitstimmen,Verjüngungsforschung,6,0.3448275862068966
08316037,Riegel am Kaiserstuhl,Erststimmen,Verjüngungsforschung,0,0.0
08316037,Riegel am Kaiserstuhl,Zweitstimmen,Verjüngungsforschung,1,0.04950495049504951
08316038,Sasbach am Kaiserstuhl,Erststimmen,Verjüngungsforschung,0,0.0
08316038,Sasbach am Kaiserstuhl,Zweitstimmen,Verjüngungsforschung,3,0.1460564751703992
08316039,Sexau,Erststimmen,Verjüngungsforschung,0,0.0
08316039,Sexau,Zweitstimmen,Verjüngungsforschung,1,0.047393364928909956
08316042,Simonswald,Erststimmen,Verjüngungsforschung,0,0.0
08316042,Simonswald,Zweitstimmen,Verjüngungsforschung,1,0.0564334085778781
08316043,Teningen,Erststimmen,Verjüngungsforschung,0,0.0
08316043,Teningen,Zweitstimmen,Verjüngungsforschung,7,0.10896637608966377
08316045,Vörstetten,Erststimmen,Verjüngungsforschung,0,0.0
08316045,Vörstetten,Zweitstimmen,Verjüngungsforschung,3,0.15839493136219643
08316049,Weisweil,Erststimmen,Verjüngungsforschung,0,0.0
08316049,Weisweil,Zweitstimmen,Verjüngungsforschung,1,0.08
08316051,Wyhl am Kaiserstuhl,Erststimmen,Verjüngungsforschung,0,0.0
08316051,Wyhl am Kaiserstuhl,Zweitstimmen,Verjüngungsforschung,2,0.0966183574879227
08316053,Rheinhausen im Breisgau,Erststimmen,Verjüngungsforschung,0,0.0
08316053,Rheinhausen im Breisgau,Zweitstimmen,Verjüngungsforschung,0,0.0
08316054,Freiamt,Erststimmen,Verjüngungsforschung,0,0.0
08316054,Freiamt,Zweitstimmen,Verjüngungsforschung,1,0.039824771007566706
08316055,Winden im Elztal,Erststimmen,Verjüngungsforschung,0,0.0
08316055,Winden im Elztal,Zweitstimmen,Verjüngungsforschung,1,0.06119951040391676
08316056,"Waldkirch, Stadt",Erststimmen,Verjüngungsforschung,0,0.0
08316056,"Waldkirch, Stadt",Zweitstimmen,Verjüngungsforschung,8,0.0708842814105972
08325001,Aichhalden,Erststimmen,Verjüngungsforschung,0,0.0
08325001,Aichhalden,Zweitstimmen,Verjüngungsforschung,5,0.1961553550411926
08325009,Bösingen,Erststimmen,Verjüngungsforschung,0,0.0
08325009,Bösingen,Zweitstimmen,Verjüngungsforschung,2,0.09675858732462506
08325011,Dietingen,Erststimmen,Verjüngungsforschung,0,0.0
08325011,Dietingen,Zweitstimmen,Verjüngungsforschung,3,0.12594458438287154
08325012,"Dornhan, Stadt",Erststimmen,Verjüngungsforschung,0,0.0
08325012,"Dornhan, Stadt",Zweitstimmen,Verjüngungsforschung,3,0.08363534987454697
08325014,Dunningen,Erststimmen,Verjüngungsforschung,0,0.0
08325014,Dunningen,Zweitstimmen,Verjüngungsforschung,6,0.16137708445400753
08325015,Epfendorf,Erststimmen,Verjüngungsforschung,0,0.0
08325015,Epfendorf,Zweitstimmen,Verjüngungsforschung,0,0.0
08325024,Hardt,Erststimmen,Verjüngungsforschung,0,0.0
08325024,Hardt,Zweitstimmen,Verjüngungsforschung,1,0.060024009603841535
08325036,Lauterbach,Erststimmen,Verjüngungsforschung,0,0.0
08325036,Lauterbach,Zweitstimmen,Verjüngungsforschung,2,0.1342281879194631
08325045,"Oberndorf am Neckar, Stadt",Erststimmen,Verjüngungsforschung,0,0.0
08325045,"Oberndorf am Neckar, Stadt",Zweitstimmen,Verjüngungsforschung,3,0.046831095847642834
08325049,"Rottweil, Stadt",Erststimmen,Verjüngungsforschung,0,0.0
08325049,"Rottweil, Stadt",Zweitstimmen,Verjüngungsforschung,1,0.008300821781356355
08325050,Schenkenzell,Erststimmen,Verjüngungsforschung,0,0.0
08325050,Schenkenzell,Zweitstimmen,Verjüngungsforschung,0,0.0
08325051,"Schiltach, Stadt",Erststimmen,Verjüngungsforschung,0,0.0
08325051,"Schiltach, Stadt",Zweitstimmen,Verjüngungsforschung,1,0.04940711462450593
08325053,"Schramberg, Stadt",Erststimmen,Verjüngungsforschung,0,0.0
08325053,"Schramberg, Stadt",Zweitstimmen,Verjüngungsforschung,7,0.07438104345978111
08325057,"Sulz am Neckar, Stadt",Erststimmen,Verjüngungsforschung,0,0.0
08325057,"Sulz am Neckar, Stadt",Zweitstimmen,Verjüngungsforschung,6,0.0970716712506067
08325060,Villingendorf,Erststimmen,Verjüngungsforschung,0,0.0
08325060,Villingendorf,Zweitstimmen,Verjüngungsforschung,1,0.05254860746190226
08325061,Vöhringen,Erststimmen,Verjüngungsforschung,0,0.0
08325061,Vöhringen,Zweitstimmen,Verjüngungsforschung,2,0.08492569002123143
08325064,Wellendingen,Erststimmen,Verjüngungsforschung,0,0.0
08325064,Wellendingen,Zweitstimmen,Verjüngungsforschung,2,0.12048192771084339
08325069,Zimmern ob Rottweil,Erststimmen,Verjüngungsforschung,0,0.0
08325069,Zimmern ob Rottweil,Zweitstimmen,Verjüngungsforschung,2,0.05979073243647235
08325070,Fluorn-Winzeln,Erststimmen,Verjüngungsforschung,0,0.0
08325070,Fluorn-Winzeln,Zweitstimmen,Verjüngungsforschung,0,0.0
08325071,Eschbronn,Erststimmen,Verjüngungsforschung,0,0.0
08325071,Eschbronn,Zweitstimmen,Verjüngungsforschung,3,0.23492560689115116
08325072,Deißlingen,Erststimmen,Verjüngungsforschung,0,0.0
08325072,Deißlingen,Zweitstimmen,Verjüngungsforschung,1,0.03096934035305048
08326003,"Bad Dürrheim, Stadt",Erststimmen,Verjüngungsforschung,0,0.0
08326003,"Bad Dürrheim, Stadt",Zweitstimmen,Verjüngungsforschung,3,0.044065804935370156
08326005,"Blumberg, Stadt",Erststimmen,Verjüngungsforschung,0,0.0
08326005,"Blumberg, Stadt",Zweitstimmen,Verjüngungsforschung,2,0.04552697473252903
08326006,"Bräunlingen, Stadt",Erststimmen,Verjüngungsforschung,0,0.0
08326006,"Bräunlingen, Stadt",Zweitstimmen,Verjüngungsforschung,2,0.06343165239454487
08326010,Dauchingen,Erststimmen,Verjüngungsforschung,0,0.0
08326010,Dauchingen,Zweitstimmen,Verjüngungsforschung,1,0.047664442326024785
08326012,"Donaueschingen, Stadt",Erststimmen,Verjüngungsforschung,0,0.0
08326012,"Donaueschingen, Stadt",Zweitstimmen,Verjüngungsforschung,6,0.05694220366328177
08326017,"Furtwangen im Schwarzwald, Stadt",Erststimmen,Verjüngungsforschung,0,0.0
08326017,"Furtwangen im Schwarzwald, Stadt",Zweitstimmen,Verjüngungsforschung,2,0.0501002004008016
08326020,Gütenbach,Erststimmen,Verjüngungsforschung,0,0.0
08326020,Gütenbach,Zweitstimmen,Verjüngungsforschung,0,0.0
08326027,"Hüfingen, Stadt",Erststimmen,Verjüngungsforschung,0,0.0
08326027,"Hüfingen, Stadt",Zweitstimmen,Verjüngungsforschung,3,0.07593014426727411
08326031,Königsfeld im Schwarzwald,Erststimmen,Verjüngungsforschung,0,0.0
08326031,Königsfeld im Schwarzwald,Zweitstimmen,Verjüngungsforschung,3,0.08498583569405099
08326037,Mönchweiler,Erststimmen,Verjüngungsforschung,0,0.0
08326037,Mönchweiler,Zweitstimmen,Verjüngungsforschung,2,0.12062726176115801
08326041,Niedereschach,Erststimmen,Verjüngungsforschung,0,0.0
08326041,Niedereschach,Zweitstimmen,Verjüngungsforschung,3,0.09011715229798738
08326052,"St. Georgen im Schwarzwald, Stadt",Erststimmen,Verjüngungsforschung,0,0.0
08326052,"St. Georgen im Schwarzwald, Stadt",Zweitstimmen,Verjüngungsforschung,4,0.0648403306856865
08326054,Schönwald im Schwarzwald,Erststimmen,Verjüngungsforschung,0,0.0
08326054,Schönwald im Schwarzwald,Zweitstimmen,Verjüngungsforschung,0,0.0
08326055,Schonach im Schwarzwald,Erststimmen,Verjüngungsforschung,0,0.0
08326055,Schonach im Schwarzwald,Zweitstimmen,Verjüngungsforschung,1,0.04746084480303749
08326060,"Triberg im Schwarzwald, Stadt",Erststimmen,Verjüngungsforschung,0,0.0
08326060,"Triberg im Schwarzwald, Stadt",Zweitstimmen,Verjüngungsforschung,1,0.055865921787709494
08326061,Tuningen,Erststimmen,Verjüngungsforschung,0,0.0
08326061,Tuningen,Zweitstimmen,Verjüngungsforschung,1,0.060024009603841535
08326065,Unterkirnach,Erststimmen,Verjüngungsforschung,0,0.0
08326065,Unterkirnach,Zweitstimmen,Verjüngungsforschung,1,0.0796812749003984
08326068,"Vöhrenbach, Stadt",Erststimmen,Verjüngungsforschung,0,0.0
08326068,"Vöhrenbach, Stadt",Zweitstimmen,Verjüngungsforschung,1,0.05931198102016608
08326074,"Villingen-Schwenningen, Stadt",Erststimmen,Verjüngungsforschung,0,0.0
08326074,"Villingen-Schwenningen, Stadt",Zweitstimmen,Verjüngungsforschung,28,0.07981755986316989
08326075,Brigachtal,Erststimmen,Verjüngungsforschung,0,0.0
08326075,Brigachtal,Zweitstimmen,Verjüngungsforschung,3,0.1023541453428864
08327002,Aldingen,Erststimmen,Verjüngungsforschung,0,0.0
08327002,Aldingen,Zweitstimmen,Verjüngungsforschung,2,0.061823802163833076
08327004,Bärenthal,Erststimmen,Verjüngungsforschung,0,0.0
08327004,Bärenthal,Zweitstimmen,Verjüngungsforschung,0,0.0
08327005,Balgheim,Erststimmen,Verjüngungsforschung,0,0.0
08327005,Balgheim,Zweitstimmen,Verjüngungsforschung,0,0.0
08327006,Böttingen,Erststimmen,Verjüngungsforschung,0,0.0
08327006,Böttingen,Zweitstimmen,Verjüngungsforschung,1,0.12330456226880394
08327007,Bubsheim,Erststimmen,Verjüngungsforschung,0,0.0
08327007,Bubsheim,Zweitstimmen,Verjüngungsforschung,2,0.36036036036036034
08327008,Buchheim,Erststimmen,Verjüngungsforschung,0,0.0
08327008,Buchheim,Zweitstimmen,Verjüngungsforschung,0,0.0
08327009,Deilingen,Erststimmen,Verjüngungsforschung,0,0.0
08327009,Deilingen,Zweitstimmen,Verjüngungsforschung,1,0.1049317943336831
08327010,Denkingen,Erststimmen,Verjüngungsforschung,0,0.0
08327010,Denkingen,Zweitstimmen,Verjüngungsforschung,4,0.2702702702702703
08327011,Dürbheim,Erststimmen,Verjüngungsforschung,0,0.0
08327011,Dürbheim,Zweitstimmen,Verjüngungsforschung,0,0.0
08327012,Durchhausen,Erststimmen,Verjüngungsforschung,0,0.0
08327012,Durchhausen,Zweitstimmen,Verjüngungsforschung,1,0.1890359168241966
08327013,Egesheim,Erststimmen,Verjüngungsforschung,0,0.0
08327013,Egesheim,Zweitstimmen,Verjüngungsforschung,0,0.0
08327016,"Fridingen an der Donau, Stadt",Erststimmen,Verjüngungsforschung,0,0.0
08327016,"Fridingen an der Donau, Stadt",Zweitstimmen,Verjüngungsforschung,2,0.11940298507462686
08327017,Frittlingen,Erststimmen,Verjüngungsforschung,0,0.0
08327017,Frittlingen,Zweitstimmen,Verjüngungsforschung,0,0.0
08327018,"Geisingen, Stadt",Erststimmen,Verjüngungsforschung,0,0.0
08327018,"Geisingen, Stadt",Zweitstimmen,Verjüngungsforschung,0,0.0
08327019,Gosheim,Erststimmen,Verjüngungsforschung,0,0.0
08327019,Gosheim,Zweitstimmen,Verjüngungsforschung,0,0.0
08327020,Gunningen,Erststimmen,Verjüngungsforschung,0,0.0
08327020,Gunningen,Zweitstimmen,Verjüngungsforschung,0,0.0
08327023,Hausen ob Verena,Erststimmen,Verjüngungsforschung,0,0.0
08327023,Hausen ob Verena,Zweitstimmen,Verjüngungsforschung,0,0.0
08327025,Immendingen,Erststimmen,Verjüngungsforschung,0,0.0
08327025,Immendingen,Zweitstimmen,Verjüngungsforschung,4,0.13179571663920922
08327027,Irndorf,Erststimmen,Verjüngungsforschung,0,0.0
08327027,Irndorf,Zweitstimmen,Verjüngungsforschung,0,0.0
08327029,Königsheim,Erststimmen,Verjüngungsforschung,0,0.0
08327029,Königsheim,Zweitstimmen,Verjüngungsforschung,0,0.0
08327030,Kolbingen,Erststimmen,Verjüngungsforschung,0,0.0
08327030,Kolbingen,Zweitstimmen,Verjüngungsforschung,2,0.261437908496732
08327033,Mahlstetten,Erststimmen,Verjüngungsforschung,0,0.0
08327033,Mahlstetten,Zweitstimmen,Verjüngungsforschung,0,0.0
08327036,"Mühlheim an der Donau, Stadt",Erststimmen,Verjüngungsforschung,0,0.0
08327036,"Mühlheim an der Donau, Stadt",Zweitstimmen,Verjüngungsforschung,2,0.09886307464162135
08327038,Neuhausen ob Eck,Erststimmen,Verjüngungsforschung,0,0.0
08327038,Neuhausen ob Eck,Zweitstimmen,Verjüngungsforschung,5,0.2598752598752599
08327040,Reichenbach am Heuberg,Erststimmen,Verjüngungsforschung,0,0.0
08327040,Reichenbach am Heuberg,Zweitstimmen,Verjüngungsforschung,0,0.0
08327041,Renquishausen,Erststimmen,Verjüngungsforschung,0,0.0
08327041,Renquishausen,Zweitstimmen,Verjüngungsforschung,0,0.0
08327046,"Spaichingen, Stadt",Erststimmen,Verjüngungsforschung,0,0.0
08327046,"Spaichingen, Stadt",Zweitstimmen,Verjüngungsforschung,3,0.05189413596263622
08327048,Talheim,Erststimmen,Verjüngungsforschung,0,0.0
08327048,Talheim,Zweitstimmen,Verjüngungsforschung,0,0.0
08327049,"Trossingen, Stadt",Erststimmen,Verjüngungsforschung,0,0.0
08327049,"Trossingen, Stadt",Zweitstimmen,Verjüngungsforschung,7,0.10787486515641855
08327050,"Tuttlingen, Stadt",Erststimmen,Verjüngungsforschung,0,0.0
08327050,"Tuttlingen, Stadt",Zweitstimmen,Verjüngungsforschung,6,0.046139649338665024
08327051,Wehingen,Erststimmen,Verjüngungsforschung,0,0.0
08327051,Wehingen,Zweitstimmen,Verjüngungsforschung,2,0.12911555842479017
08327054,Wurmlingen,Erststimmen,Verjüngungsforschung,0,0.0
08327054,Wurmlingen,Zweitstimmen,Verjüngungsforschung,2,0.09285051067780872
08327055,Seitingen-Oberflacht,Erststimmen,Verjüngungsforschung,0,0.0
08327055,Seitingen-Oberflacht,Zweitstimmen,Verjüngungsforschung,1,0.07633587786259542
08327056,Rietheim-Weilheim,Erststimmen,Verjüngungsforschung,0,0.0
08327056,Rietheim-Weilheim,Zweitstimmen,Verjüngungsforschung,3,0.2079002079002079
08327057,Emmingen-Liptingen,Erststimmen,Verjüngungsforschung,0,0.0
08327057,Emmingen-Liptingen,Zweitstimmen,Verjüngungsforschung,1,0.03815337657382679
08336004,Aitern,Erststimmen,Verjüngungsforschung,0,0.0
08336004,Aitern,Zweitstimmen,Verjüngungsforschung,0,0.0
08336006,Bad Bellingen,Erststimmen,Verjüngungsforschung,0,0.0
08336006,Bad Bellingen,Zweitstimmen,Verjüngungsforschung,2,0.09263547938860583
08336008,Binzen,Erststimmen,Verjüngungsforschung,0,0.0
08336008,Binzen,Zweitstimmen,Verjüngungsforschung,0,0.0
08336010,Böllen,Erststimmen,Verjüngungsforschung,0,0.0
08336010,Böllen,Zweitstimmen,Verjüngungsforschung,1,1.639344262295082
08336014,Efringen-Kirchen,Erststimmen,Verjüngungsforschung,0,0.0
08336014,Efringen-Kirchen,Zweitstimmen,Verjüngungsforschung,2,0.04175365344467641
08336019,Eimeldingen,Erststimmen,Verjüngungsforschung,0,0.0
08336019,Eimeldingen,Zweitstimmen,Verjüngungsforschung,3,0.23219814241486067
08336024,Fischingen,Erststimmen,Verjüngungsforschung,0,0.0
08336024,Fischingen,Zweitstimmen,Verjüngungsforschung,1,0.23923444976076555
08336025,Fröhnd,Erststimmen,Verjüngungsforschung,0,0.0
08336025,Fröhnd,Zweitstimmen,Verjüngungsforschung,0,0.0
08336034,Hasel,Erststimmen,Verjüngungsforschung,0,0.0
08336034,Hasel,Zweitstimmen,Verjüngungsforschung,1,0.16393442622950818
08336036,Hausen im Wiesental,Erststimmen,Verjüngungsforschung,0,0.0
08336036,Hausen im Wiesental,Zweitstimmen,Verjüngungsforschung,3,0.24469820554649263
08336043,Inzlingen,Erststimmen,Verjüngungsforschung,0,0.0
08336043,Inzlingen,Zweitstimmen,Verjüngungsforschung,2,0.15026296018031557
08336050,"Lörrach, Stadt",Erststimmen,Verjüngungsforschung,0,0.0
08336050,"Lörrach, Stadt",Zweitstimmen,Verjüngungsforschung,14,0.06809007344000778
08336057,Maulburg,Erststimmen,Verjüngungsforschung,0,0.0
08336057,Maulburg,Zweitstimmen,Verjüngungsforschung,3,0.14962593516209477
08336069,"Rheinfelden (Baden), Stadt",Erststimmen,Verjüngungsforschung,0,0.0
08336069,"Rheinfelden (Baden), Stadt",Zweitstimmen,Verjüngungsforschung,10,0.07331378299120235
08336073,Rümmingen,Erststimmen,Verjüngungsforschung,0,0.0
08336073,Rümmingen,Zweitstimmen,Verjüngungsforschung,0,0.0
08336075,Schallbach,Erststimmen,Verjüngungsforschung,0,0.0
08336075,Schallbach,Zweitstimmen,Verjüngungsforschung,1,0.2070393374741201
08336079,"Schönau im Schwarzwald, Stadt",Erststimmen,Verjüngungsforschung,0,0.0
08336079,"Schönau im Schwarzwald, Stadt",Zweitstimmen,Verjüngungsforschung,3,0.46153846153846156
08336080,Schönenberg,Erststimmen,Verjüngungsforschung,0,0.0
08336080,Schönenberg,Zweitstimmen,Verjüngungsforschung,0,0.0
08336081,"Schopfheim, Stadt",Erststimmen,Verjüngungsforschung,0,0.0
08336081,"Schopfheim, Stadt",Zweitstimmen,Verjüngungsforschung,8,0.08520609223559485
08336082,Schwörstadt,Erststimmen,Verjüngungsforschung,0,0.0
08336082,Schwörstadt,Zweitstimmen,Verjüngungsforschung,1,0.08488964346349745
08336084,Steinen,Erststimmen,Verjüngungsforschung,0,0.0
08336084,Steinen,Zweitstimmen,Verjüngungsforschung,3,0.05622188905547226
08336087,"Todtnau, Stadt",Erststimmen,Verjüngungsforschung,0,0.0
08336087,"Todtnau, Stadt",Zweitstimmen,Verjüngungsforschung,1,0.03992015968063872
08336089,Tunau,Erststimmen,Verjüngungsforschung,0,0.0
08336089,Tunau,Zweitstimmen,Verjüngungsforschung,0,0.0
08336090,Utzenfeld,Erststimmen,Verjüngungsforschung,0,0.0
08336090,Utzenfeld,Zweitstimmen,Verjüngungsforschung,0,0.0
08336091,"Weil am Rhein, Stadt",Erststimmen,Verjüngungsforschung,0,0.0
08336091,"Weil am Rhein, Stadt",Zweitstimmen,Verjüngungsforschung,10,0.08519338899301414
08336094,Wembach,Erststimmen,Verjüngungsforschung,0,0.0
08336094,Wembach,Zweitstimmen,Verjüngungsforschung,0,0.0
08336096,Wieden,Erststimmen,Verjüngungsforschung,0,0.0
08336096,Wieden,Zweitstimmen,Verjüngungsforschung,0,0.0
08336100,Wittlingen,Erststimmen,Verjüngungsforschung,0,0.0
08336100,Wittlingen,Zweitstimmen,Verjüngungsforschung,1,0.18656716417910446
08336103,"Zell im Wiesental, Stadt",Erststimmen,Verjüngungsforschung,0,0.0
08336103,"Zell im Wiesental, Stadt",Zweitstimmen,Verjüngungsforschung,1,0.0395882818685669
08336105,Grenzach-Wyhlen,Erststimmen,Verjüngungsforschung,0,0.0
08336105,Grenzach-Wyhlen,Zweitstimmen,Verjüngungsforschung,5,0.08111615833874108
08336106,Häg-Ehrsberg,Erststimmen,Verjüngungsforschung,0,0.0
08336106,Häg-Ehrsberg,Zweitstimmen,Verjüngungsforschung,0,0.0
08336107,Kleines Wiesental,Erststimmen,Verjüngungsforschung,0,0.0
08336107,Kleines Wiesental,Zweitstimmen,Verjüngungsforschung,1,0.06049606775559589
08337002,Albbruck,Erststimmen,Verjüngungsforschung,0,0.0
08337002,Albbruck,Zweitstimmen,Verjüngungsforschung,0,0.0
08337030,Dettighofen,Erststimmen,Verjüngungsforschung,0,0.0
08337030,Dettighofen,Zweitstimmen,Verjüngungsforschung,0,0.0
08337032,Dogern,Erststimmen,Verjüngungsforschung,0,0.0
08337032,Dogern,Zweitstimmen,Verjüngungsforschung,2,0.16393442622950818
08337038,Görwihl,Erststimmen,Verjüngungsforschung,0,0.0
08337038,Görwihl,Zweitstimmen,Verjüngungsforschung,1,0.04164931278633903
08337049,Herrischried,Erststimmen,Verjüngungsforschung,0,0.0
08337049,Herrischried,Zweitstimmen,Verjüngungsforschung,2,0.14781966001478197
08337053,Hohentengen am Hochrhein,Erststimmen,Verjüngungsforschung,0,0.0
08337053,Hohentengen am Hochrhein,Zweitstimmen,Verjüngungsforschung,2,0.10615711252653928
08337060,Jestetten,Erststimmen,Verjüngungsforschung,0,0.0
08337060,Jestetten,Zweitstimmen,Verjüngungsforschung,4,0.19193857965451055
08337062,Klettgau,Erststimmen,Verjüngungsforschung,0,0.0
08337062,Klettgau,Zweitstimmen,Verjüngungsforschung,1,0.027434842249657067
08337065,Lauchringen,Erststimmen,Verjüngungsforschung,0,0.0
08337065,Lauchringen,Zweitstimmen,Verjüngungsforschung,2,0.053748992206396125
08337066,"Laufenburg (Baden), Stadt",Erststimmen,Verjüngungsforschung,0,0.0
08337066,"Laufenburg (Baden), Stadt",Zweitstimmen,Verjüngungsforschung,2,0.0535475234270415
08337070,Lottstetten,Erststimmen,Verjüngungsforschung,0,0.0
08337070,Lottstetten,Zweitstimmen,Verjüngungsforschung,2,0.22246941045606228
08337076,Murg,Erststimmen,Verjüngungsforschung,0,0.0
08337076,Murg,Zweitstimmen,Verjüngungsforschung,4,0.1252740369558409
08337090,Rickenbach,Erststimmen,Verjüngungsforschung,0,0.0
08337090,Rickenbach,Zweitstimmen,Verjüngungsforschung,1,0.04716981132075472
08337096,"Bad Säckingen, Stadt",Erststimmen,Verjüngungsforschung,0,0.0
08337096,"Bad Säckingen, Stadt",Zweitstimmen,Verjüngungsforschung,2,0.027897893709024967
08337106,"Stühlingen, Stadt",Erststimmen,Verjüngungsforschung,0,0.0
08337106,"Stühlingen, Stadt",Zweitstimmen,Verjüngungsforschung,0,0.0
08337116,"Wehr, Stadt",Erststimmen,Verjüngungsforschung,0,0.0
08337116,"Wehr, Stadt",Zweitstimmen,Verjüngungsforschung,5,0.09199632014719411
08337118,Weilheim,Erststimmen,Verjüngungsforschung,0,0.0
08337118,Weilheim,Zweitstimmen,Verjüngungsforschung,2,0.10368066355624676
08337123,Wutöschingen,Erststimmen,Verjüngungsforschung,0,0.0
08337123,Wutöschingen,Zweitstimmen,Verjüngungsforschung,1,0.031525851197982346
08337124,Eggingen,Erststimmen,Verjüngungsforschung,0,0.0
08337124,Eggingen,Zweitstimmen,Verjüngungsforschung,1,0.10718113612004287
08337125,Küssaberg,Erststimmen,Verjüngungsforschung,0,0.0
08337125,Küssaberg,Zweitstimmen,Verjüngungsforschung,0,0.0
08337126,"Waldshut-Tiengen, Stadt",Erststimmen,Verjüngungsforschung,0,0.0
08337126,"Waldshut-Tiengen, Stadt",Zweitstimmen,Verjüngungsforschung,7,0.07366094917394507
08416006,Bodelshausen,Erststimmen,Verjüngungsforschung,0,0.0
08416006,Bodelshausen,Zweitstimmen,Verjüngungsforschung,5,0.18975332068311196
08416009,Dettenhausen,Erststimmen,Verjüngungsforschung,0,0.0
08416009,Dettenhausen,Zweitstimmen,Verjüngungsforschung,5,0.1567398119122257
08416018,Hirrlingen,Erststimmen,Verjüngungsforschung,0,0.0
08416018,Hirrlingen,Zweitstimmen,Verjüngungsforschung,4,0.22779043280182232
08416025,"Mössingen, Stadt",Erststimmen,Verjüngungsforschung,0,0.0
08416025,"Mössingen, Stadt",Zweitstimmen,Verjüngungsforschung,8,0.07631403224267863
08416031,Ofterdingen,Erststimmen,Verjüngungsforschung,0,0.0
08416031,Ofterdingen,Zweitstimmen,Verjüngungsforschung,2,0.07189072609633358
08416036,"Rottenburg am Neckar, Stadt",Erststimmen,Verjüngungsforschung,0,0.0
08416036,"Rottenburg am Neckar, Stadt",Zweitstimmen,Verjüngungsforschung,9,0.03910833007430582
08416041,"Tübingen, Universitätsstadt",Erststimmen,Verjüngungsforschung,0,0.0
08416041,"Tübingen, Universitätsstadt",Zweitstimmen,Verjüngungsforschung,38,0.07371913011426465
08416048,Ammerbuch,Erststimmen,Verjüngungsforschung,0,0.0
08416048,Ammerbuch,Zweitstimmen,Verjüngungsforschung,7,0.10427528675703858
08416049,Neustetten,Erststimmen,Verjüngungsforschung,0,0.0
08416049,Neustetten,Zweitstimmen,Verjüngungsforschung,0,0.0
08416050,Starzach,Erststimmen,Verjüngungsforschung,0,0.0
08416050,Starzach,Zweitstimmen,Verjüngungsforschung,0,0.0
08417002,"Balingen, Stadt",Erststimmen,Verjüngungsforschung,0,0.0
08417002,"Balingen, Stadt",Zweitstimmen,Verjüngungsforschung,15,0.08543600842968617
08417008,Bisingen,Erststimmen,Verjüngungsforschung,0,0.0
08417008,Bisingen,Zweitstimmen,Verjüngungsforschung,7,0.14175779667881733
08417010,Bitz,Erststimmen,Verjüngungsforschung,0,0.0
08417010,Bitz,Zweitstimmen,Verjüngungsforschung,1,0.049333991119881605
08417014,Dautmergen,Erststimmen,Verjüngungsforschung,0,0.0
08417014,Dautmergen,Zweitstimmen,Verjüngungsforschung,0,0.0
08417015,Dormettingen,Erststimmen,Verjüngungsforschung,0,0.0
08417015,Dormettingen,Zweitstimmen,Verjüngungsforschung,0,0.0
08417016,Dotternhausen,Erststimmen,Verjüngungsforschung,0,0.0
08417016,Dotternhausen,Zweitstimmen,Verjüngungsforschung,5,0.46641791044776115
08417022,"Geislingen, Stadt",Erststimmen,Verjüngungsforschung,0,0.0
08417022,"Geislingen, Stadt",Zweitstimmen,Verjüngungsforschung,3,0.08886255924170616
08417023,Grosselfingen,Erststimmen,Verjüngungsforschung,0,0.0
08417023,Grosselfingen,Zweitstimmen,Verjüngungsforschung,0,0.0
08417025,"Haigerloch, Stadt",Erststimmen,Verjüngungsforschung,0,0.0
08417025,"Haigerloch, Stadt",Zweitstimmen,Verjüngungsforschung,5,0.08779631255487269
08417029,Hausen am Tann,Erststimmen,Verjüngungsforschung,0,0.0
08417029,Hausen am Tann,Zweitstimmen,Verjüngungsforschung,0,0.0
08417044,"Meßstetten, Stadt",Erststimmen,Verjüngungsforschung,0,0.0
08417044,"Meßstetten, Stadt",Zweitstimmen,Verjüngungsforschung,2,0.036081544290095614
08417045,Nusplingen,Erststimmen,Verjüngungsforschung,0,0.0
08417045,Nusplingen,Zweitstimmen,Verjüngungsforschung,0,0.0
08417047,Obernheim,Erststimmen,Verjüngungsforschung,0,0.0
08417047,Obernheim,Zweitstimmen,Verjüngungsforschung,0,0.0
08417051,Rangendingen,Erststimmen,Verjüngungsforschung,0,0.0
08417051,Rangendingen,Zweitstimmen,Verjüngungsforschung,3,0.1047851903597625
08417052,Ratshausen,Erststimmen,Verjüngungsforschung,0,0.0
08417052,Ratshausen,Zweitstimmen,Verjüngungsforschung,1,0.22123893805309736
08417054,"Rosenfeld, Stadt",Erststimmen,Verjüngungsforschung,0,0.0
08417054,"Rosenfeld, Stadt",Zweitstimmen,Verjüngungsforschung,5,0.1434308663224326
08417057,"Schömberg, Stadt",Erststimmen,Verjüngungsforschung,0,0.0
08417057,"Schömberg, Stadt",Zweitstimmen,Verjüngungsforschung,4,0.18140589569160998
08417063,Straßberg,Erststimmen,Verjüngungsforschung,0,0.0
08417063,Straßberg,Zweitstimmen,Verjüngungsforschung,1,0.06978367062107467
08417071,Weilen unter den Rinnen,Erststimmen,Verjüngungsforschung,0,0.0
08417071,Weilen unter den Rinnen,Zweitstimmen,Verjüngungsforschung,0,0.0
08417075,Winterlingen,Erststimmen,Verjüngungsforschung,0,0.0
08417075,Winterlingen,Zweitstimmen,Verjüngungsforschung,6,0.18007202881152462
08417078,Zimmern unter der Burg,Erststimmen,Verjüngungsforschung,0,0.0
08417078,Zimmern unter der Burg,Zweitstimmen,Verjüngungsforschung,0,0.0
08417079,"Albstadt, Stadt",Erststimmen,Verjüngungsforschung,0,0.0
08417079,"Albstadt, Stadt",Zweitstimmen,Verjüngungsforschung,14,0.07442453883366117
08425002,Allmendingen,Erststimmen,Verjüngungsforschung,0,0.0
08425002,Allmendingen,Zweitstimmen,Verjüngungsforschung,1,0.03735524841240195
08425004,Altheim,Erststimmen,Verjüngungsforschung,0,0.0
08425004,Altheim,Zweitstimmen,Verjüngungsforschung,0,0.0
08425005,Altheim (Alb),Erststimmen,Verjüngungsforschung,0,0.0
08425005,Altheim (Alb),Zweitstimmen,Verjüngungsforschung,0,0.0
08425008,Amstetten,Erststimmen,Verjüngungsforschung,0,0.0
08425008,Amstetten,Zweitstimmen,Verjüngungsforschung,2,0.09066183136899365
08425011,Asselfingen,Erststimmen,Verjüngungsforschung,0,0.0
08425011,Asselfingen,Zweitstimmen,Verjüngungsforschung,0,0.0
08425013,Ballendorf,Erststimmen,Verjüngungsforschung,0,0.0
08425013,Ballendorf,Zweitstimmen,Verjüngungsforschung,0,0.0
08425014,Beimerstetten,Erststimmen,Verjüngungsforschung,0,0.0
08425014,Beimerstetten,Zweitstimmen,Verjüngungsforschung,0,0.0
08425017,Berghülen,Erststimmen,Verjüngungsforschung,0,0.0
08425017,Berghülen,Zweitstimmen,Verjüngungsforschung,0,0.0
08425019,Bernstadt,Erststimmen,Verjüngungsforschung,0,0.0
08425019,Bernstadt,Zweitstimmen,Verjüngungsforschung,1,0.07246376811594203
08425020,"Blaubeuren, Stadt",Erststimmen,Verjüngungsforschung,0,0.0
08425020,"Blaubeuren, Stadt",Zweitstimmen,Verjüngungsforschung,7,0.1161247511612475
08425022,Börslingen,Erststimmen,Verjüngungsforschung,0,0.0
08425022,Börslingen,Zweitstimmen,Verjüngungsforschung,0,0.0
08425024,Breitingen,Erststimmen,Verjüngungsforschung,0,0.0
08425024,Breitingen,Zweitstimmen,Verjüngungsforschung,0,0.0
08425031,Dornstadt,Erststimmen,Verjüngungsforschung,0,0.0
08425031,Dornstadt,Zweitstimmen,Verjüngungsforschung,1,0.020458265139116204
08425033,"Ehingen (Donau), Stadt",Erststimmen,Verjüngungsforschung,0,0.0
08425033,"Ehingen (Donau), Stadt",Zweitstimmen,Verjüngungsforschung,11,0.08513272966488662
08425035,Emeringen,Erststimmen,Verjüngungsforschung,0,0.0
08425035,Emeringen,Zweitstimmen,Verjüngungsforschung,0,0.0
08425036,Emerkingen,Erststimmen,Verjüngungsforschung,0,0.0
08425036,Emerkingen,Zweitstimmen,Verjüngungsforschung,0,0.0
08425050,Griesingen,Erststimmen,Verjüngungsforschung,0,0.0
08425050,Griesingen,Zweitstimmen,Verjüngungsforschung,0,0.0
08425052,Grundsheim,Erststimmen,Verjüngungsforschung,0,0.0
08425052,Grundsheim,Zweitstimmen,Verjüngungsforschung,0,0.0
08425055,Hausen am Bussen,Erststimmen,Verjüngungsforschung,0,0.0
08425055,Hausen am Bussen,Zweitstimmen,Verjüngungsforschung,0,0.0
08425062,Holzkirch,Erststimmen,Verjüngungsforschung,0,0.0
08425062,Holzkirch,Zweitstimmen,Verjüngungsforschung,0,0.0
08425071,"Laichingen, Stadt",Erststimmen,Verjüngungsforschung,0,0.0
08425071,"Laichingen, Stadt",Zweitstimmen,Verjüngungsforschung,3,0.0507700118463361
08425072,"Langenau, Stadt",Erststimmen,Verjüngungsforschung,0,0.0
08425072,"Langenau, Stadt",Zweitstimmen,Verjüngungsforschung,9,0.11133102424542304
08425073,Lauterach,Erststimmen,Verjüngungsforschung,0,0.0
08425073,Lauterach,Zweitstimmen,Verjüngungsforschung,0,0.0
08425075,Lonsee,Erststimmen,Verjüngungsforschung,0,0.0
08425075,Lonsee,Zweitstimmen,Verjüngungsforschung,2,0.07199424046076314
08425079,Merklingen,Erststimmen,Verjüngungsforschung,0,0.0
08425079,Merklingen,Zweitstimmen,Verjüngungsforschung,3,0.24937655860349126
08425081,"Munderkingen, Stadt",Erststimmen,Verjüngungsforschung,0,0.0
08425081,"Munderkingen, Stadt",Zweitstimmen,Verjüngungsforschung,2,0.0881057268722467
08425083,Neenstetten,Erststimmen,Verjüngungsforschung,0,0.0
08425083,Neenstetten,Zweitstimmen,Verjüngungsforschung,0,0.0
08425084,Nellingen,Erststimmen,Verjüngungsforschung,0,0.0
08425084,Nellingen,Zweitstimmen,Verjüngungsforschung,2,0.15360983102918588
08425085,Nerenstetten,Erststimmen,Verjüngungsforschung,0,0.0
08425085,Nerenstetten,Zweitstimmen,Verjüngungsforschung,0,0.0
08425088,Oberdischingen,Erststimmen,Verjüngungsforschung,0,0.0
08425088,Oberdischingen,Zweitstimmen,Verjüngungsforschung,0,0.0
08425090,Obermarchtal,Erststimmen,Verjüngungsforschung,0,0.0
08425090,Obermarchtal,Zweitstimmen,Verjüngungsforschung,1,0.12360939431396785
08425091,Oberstadion,Erststimmen,Verjüngungsforschung,0,0.0
08425091,Oberstadion,Zweitstimmen,Verjüngungsforschung,1,0.09871668311944717
08425092,Öllingen,Erststimmen,Verjüngungsforschung,0,0.0
08425092,Öllingen,Zweitstimmen,Verjüngungsforschung,0,0.0
08425093,Öpfingen,Erststimmen,Verjüngungsforschung,0,0.0
08425093,Öpfingen,Zweitstimmen,Verjüngungsforschung,0,0.0
08425097,Rammingen,Erststimmen,Verjüngungsforschung,0,0.0
08425097,Rammingen,Zweitstimmen,Verjüngungsforschung,1,0.13089005235602094
08425098,Rechtenstein,Erststimmen,Verjüngungsforschung,0,0.0
08425098,Rechtenstein,Zweitstimmen,Verjüngungsforschung,0,0.0
08425104,Rottenacker,Erststimmen,Verjüngungsforschung,0,0.0
08425104,Rottenacker,Zweitstimmen,Verjüngungsforschung,1,0.08196721311475409
08425108,"Schelklingen, Stadt",Erststimmen,Verjüngungsforschung,0,0.0
08425108,"Schelklingen, Stadt",Zweitstimmen,Verjüngungsforschung,7,0.20521841102316035
08425112,Setzingen,Erststimmen,Verjüngungsforschung,0,0.0
08425112,Setzingen,Zweitstimmen,Verjüngungsforschung,0,0.0
08425123,Untermarchtal,Erststimmen,Verjüngungsforschung,0,0.0
08425123,Untermarchtal,Zweitstimmen,Verjüngungsforschung,0,0.0
08425124,Unterstadion,Erststimmen,Verjüngungsforschung,0,0.0
08425124,Unterstadion,Zweitstimmen,Verjüngungsforschung,0,0.0
08425125,Unterwachingen,Erststimmen,Verjüngungsforschung,0,0.0
08425125,Unterwachingen,Zweitstimmen,Verjüngungsforschung,0,0.0
08425130,Weidenstetten,Erststimmen,Verjüngungsforschung,0,0.0
08425130,Weidenstetten,Zweitstimmen,Verjüngungsforschung,0,0.0
08425134,Westerheim,Erststimmen,Verjüngungsforschung,0,0.0
08425134,Westerheim,Zweitstimmen,Verjüngungsforschung,3,0.16025641025641024
08425135,Westerstetten,Erststimmen,Verjüngungsforschung,0,0.0
08425135,Westerstetten,Zweitstimmen,Verjüngungsforschung,1,0.07530120481927711
08425139,Heroldstatt,Erststimmen,Verjüngungsforschung,0,0.0
08425139,Heroldstatt,Zweitstimmen,Verjüngungsforschung,0,0.0
08426001,Achstetten,Erststimmen,Verjüngungsforschung,0,0.0
08426001,Achstetten,Zweitstimmen,Verjüngungsforschung,6,0.2031144211238998
08426005,Alleshausen,Erststimmen,Verjüngungsforschung,0,0.0
08426005,Alleshausen,Zweitstimmen,Verjüngungsforschung,1,0.34965034965034963
08426006,Allmannsweiler,Erststimmen,Verjüngungsforschung,0,0.0
08426006,Allmannsweiler,Zweitstimmen,Verjüngungsforschung,0,0.0
08426008,Altheim,Erststimmen,Verjüngungsforschung,0,0.0
08426008,Altheim,Zweitstimmen,Verjüngungsforschung,0,0.0
08426011,Attenweiler,Erststimmen,Verjüngungsforschung,0,0.0
08426011,Attenweiler,Zweitstimmen,Verjüngungsforschung,1,0.08203445447087777
08426013,"Bad Buchau, Stadt",Erststimmen,Verjüngungsforschung,0,0.0
08426013,"Bad Buchau, Stadt",Zweitstimmen,Verjüngungsforschung,5,0.18456995201181248
08426014,"Bad Schussenried, Stadt",Erststimmen,Verjüngungsforschung,0,0.0
08426014,"Bad Schussenried, Stadt",Zweitstimmen,Verjüngungsforschung,6,0.137520055008022
08426020,Betzenweiler,Erststimmen,Verjüngungsforschung,0,0.0
08426020,Betzenweiler,Zweitstimmen,Verjüngungsforschung,0,0.0
08426021,"Biberach an der Riß, Stadt",Erststimmen,Verjüngungsforschung,0,0.0
08426021,"Biberach an der Riß, Stadt",Zweitstimmen,Verjüngungsforschung,7,0.04311937908094123
08426028,Burgrieden,Erststimmen,Verjüngungsforschung,0,0.0
08426028,Burgrieden,Zweitstimmen,Verjüngungsforschung,2,0.08576329331046312
08426035,Dürmentingen,Erststimmen,Verjüngungsforschung,0,0.0
08426035,Dürmentingen,Zweitstimmen,Verjüngungsforschung,1,0.06756756756756757
08426036,Dürnau,Erststimmen,Verjüngungsforschung,0,0.0
08426036,Dürnau,Zweitstimmen,Verjüngungsforschung,0,0.0
08426038,Eberhardzell,Erststimmen,Verjüngungsforschung,0,0.0
08426038,Eberhardzell,Zweitstimmen,Verjüngungsforschung,2,0.07448789571694599
08426043,Erlenmoos,Erststimmen,Verjüngungsforschung,0,0.0
08426043,Erlenmoos,Zweitstimmen,Verjüngungsforschung,0,0.0
08426045,Ertingen,Erststimmen,Verjüngungsforschung,0,0.0
08426045,Ertingen,Zweitstimmen,Verjüngungsforschung,5,0.1644195988161789
08426058,Hochdorf,Erststimmen,Verjüngungsforschung,0,0.0
08426058,Hochdorf,Zweitstimmen,Verjüngungsforschung,1,0.06901311249137336
08426062,Ingoldingen,Erststimmen,Verjüngungsforschung,0,0.0
08426062,Ingoldingen,Zweitstimmen,Verjüngungsforschung,1,0.052994170641229466
08426064,Kanzach,Erststimmen,Verjüngungsforschung,0,0.0
08426064,Kanzach,Zweitstimmen,Verjüngungsforschung,0,0.0
08426067,Langenenslingen,Erststimmen,Verjüngungsforschung,0,0.0
08426067,Langenenslingen,Zweitstimmen,Verjüngungsforschung,3,0.14563106796116504
08426070,"Laupheim, Stadt",Erststimmen,Verjüngungsforschung,0,0.0
08426070,"Laupheim, Stadt",Zweitstimmen,Verjüngungsforschung,10,0.08996041741633681
08426071,Maselheim,Erststimmen,Verjüngungsforschung,0,0.0
08426071,Maselheim,Zweitstimmen,Verjüngungsforschung,1,0.03795066413662239
08426073,Mietingen,Erststimmen,Verjüngungsforschung,0,0.0
08426073,Mietingen,Zweitstimmen,Verjüngungsforschung,1,0.03454231433506045
08426074,Mittelbiberach,Erststimmen,Verjüngungsforschung,0,0.0
08426074,Mittelbiberach,Zweitstimmen,Verjüngungsforschung,5,0.19290123456790123
08426078,Moosburg,Erststimmen,Verjüngungsforschung,0,0.0
08426078,Moosburg,Zweitstimmen,Verjüngungsforschung,0,0.0
08426087,"Ochsenhausen, Stadt",Erststimmen,Verjüngungsforschung,0,0.0
08426087,"Ochsenhausen, Stadt",Zweitstimmen,Verjüngungsforschung,3,0.06603565925599823
08426090,Oggelshausen,Erststimmen,Verjüngungsforschung,0,0.0
08426090,Oggelshausen,Zweitstimmen,Verjüngungsforschung,0,0.0
08426097,"Riedlingen, Stadt",Erststimmen,Verjüngungsforschung,0,0.0
08426097,"Riedlingen, Stadt",Zweitstimmen,Verjüngungsforschung,5,0.09446438692612885
08426108,Schwendi,Erststimmen,Verjüngungsforschung,0,0.0
08426108,Schwendi,Zweitstimmen,Verjüngungsforschung,3,0.08027829810008028
08426109,Seekirch,Erststimmen,Verjüngungsforschung,0,0.0
08426109,Seekirch,Zweitstimmen,Verjüngungsforschung,0,0.0
08426113,Steinhausen an der Rottum,Erststimmen,Verjüngungsforschung,0,0.0
08426113,Steinhausen an der Rottum,Zweitstimmen,Verjüngungsforschung,1,0.07468259895444362
08426118,Tiefenbach,Erststimmen,Verjüngungsforschung,0,0.0
08426118,Tiefenbach,Zweitstimmen,Verjüngungsforschung,0,0.0
08426120,Ummendorf,Erststimmen,Verjüngungsforschung,0,0.0
08426120,Ummendorf,Zweitstimmen,Verjüngungsforschung,3,0.11723329425556857
08426121,Unlingen,Erststimmen,Verjüngungsforschung,0,0.0
08426121,Unlingen,Zweitstimmen,Verjüngungsforschung,0,0.0
08426124,Uttenweiler,Erststimmen,Verjüngungsforschung,0,0.0
08426124,Uttenweiler,Zweitstimmen,Verjüngungsforschung,2,0.088261253309797
08426125,Wain,Erststimmen,Verjüngungsforschung,0,0.0
08426125,Wain,Zweitstimmen,Verjüngungsforschung,0,0.0
08426128,Warthausen,Erststimmen,Verjüngungsforschung,0,0.0
08426128,Warthausen,Zweitstimmen,Verjüngungsforschung,1,0.03459010722933241
08426134,Schemmerhofen,Erststimmen,Verjüngungsforschung,0,0.0
08426134,Schemmerhofen,Zweitstimmen,Verjüngungsforschung,3,0.0589159465828751
08426135,Gutenzell-Hürbel,Erststimmen,Verjüngungsforschung,0,0.0
08426135,Gutenzell-Hürbel,Zweitstimmen,Verjüngungsforschung,0,0.0
08435005,Bermatingen,Erststimmen,Verjüngungsforschung,0,0.0
08435005,Bermatingen,Zweitstimmen,Verjüngungsforschung,2,0.08688097306689835
08435010,Daisendorf,Erststimmen,Verjüngungsforschung,0,0.0
08435010,Daisendorf,Zweitstimmen,Verjüngungsforschung,0,0.0
08435013,Eriskirch,Erststimmen,Verjüngungsforschung,0,0.0
08435013,Eriskirch,Zweitstimmen,Verjüngungsforschung,1,0.03881987577639751
08435015,Frickingen,Erststimmen,Verjüngungsforschung,0,0.0
08435015,Frickingen,Zweitstimmen,Verjüngungsforschung,1,0.05359056806002144
08435016,"Friedrichshafen, Stadt",Erststimmen,Verjüngungsforschung,0,0.0
08435016,"Friedrichshafen, Stadt",Zweitstimmen,Verjüngungsforschung,22,0.0843428921944487
08435018,Hagnau am Bodensee,Erststimmen,Verjüngungsforschung,0,0.0
08435018,Hagnau am Bodensee,Zweitstimmen,Verjüngungsforschung,1,0.1201923076923077
08435020,Heiligenberg,Erststimmen,Verjüngungsforschung,0,0.0
08435020,Heiligenberg,Zweitstimmen,Verjüngungsforschung,1,0.0588235294117647
08435024,Immenstaad am Bodensee,Erststimmen,Verjüngungsforschung,0,0.0
08435024,Immenstaad am Bodensee,Zweitstimmen,Verjüngungsforschung,1,0.028620492272467084
08435029,Kressbronn am Bodensee,Erststimmen,Verjüngungsforschung,0,0.0
08435029,Kressbronn am Bodensee,Zweitstimmen,Verjüngungsforschung,7,0.1468736886277801
08435030,Langenargen,Erststimmen,Verjüngungsforschung,0,0.0
08435030,Langenargen,Zweitstimmen,Verjüngungsforschung,1,0.022168033695411215
08435034,"Markdorf, Stadt",Erststimmen,Verjüngungsforschung,0,0.0
08435034,"Markdorf, Stadt",Zweitstimmen,Verjüngungsforschung,2,0.02720348204570185
08435036,"Meersburg, Stadt",Erststimmen,Verjüngungsforschung,0,0.0
08435036,"Meersburg, Stadt",Zweitstimmen,Verjüngungsforschung,2,0.06607201850016517
08435045,Oberteuringen,Erststimmen,Verjüngungsforschung,0,0.0
08435045,Oberteuringen,Zweitstimmen,Verjüngungsforschung,0,0.0
08435047,Owingen,Erststimmen,Verjüngungsforschung,0,0.0
08435047,Owingen,Zweitstimmen,Verjüngungsforschung,0,0.0
08435052,Salem,Erststimmen,Verjüngungsforschung,0,0.0
08435052,Salem,Zweitstimmen,Verjüngungsforschung,5,0.07442691277165824
08435053,Sipplingen,Erststimmen,Verjüngungsforschung,0,0.0
08435053,Sipplingen,Zweitstimmen,Verjüngungsforschung,1,0.08257638315441783
08435054,Stetten,Erststimmen,Verjüngungsforschung,0,0.0
08435054,Stetten,Zweitstimmen,Verjüngungsforschung,0,0.0
08435059,"Überlingen, Stadt",Erststimmen,Verjüngungsforschung,0,0.0
08435059,"Überlingen, Stadt",Zweitstimmen,Verjüngungsforschung,6,0.04926108374384236
08435066,Uhldingen-Mühlhofen,Erststimmen,Verjüngungsforschung,0,0.0
08435066,Uhldingen-Mühlhofen,Zweitstimmen,Verjüngungsforschung,0,0.0
08435067,Deggenhausertal,Erststimmen,Verjüngungsforschung,0,0.0
08435067,Deggenhausertal,Zweitstimmen,Verjüngungsforschung,3,0.11705033164260631
08437005,Beuron,Erststimmen,Verjüngungsforschung,0,0.0
08437005,Beuron,Zweitstimmen,Verjüngungsforschung,0,0.0
08437008,Bingen,Erststimmen,Verjüngungsforschung,0,0.0
08437008,Bingen,Zweitstimmen,Verjüngungsforschung,0,0.0
08437031,"Gammertingen, Stadt",Erststimmen,Verjüngungsforschung,0,0.0
08437031,"Gammertingen, Stadt",Zweitstimmen,Verjüngungsforschung,4,0.12674271229404308
08437044,Herbertingen,Erststimmen,Verjüngungsforschung,0,0.0
08437044,Herbertingen,Zweitstimmen,Verjüngungsforschung,3,0.11244377811094453
08437047,"Hettingen, Stadt",Erststimmen,Verjüngungsforschung,0,0.0
08437047,"Hettingen, Stadt",Zweitstimmen,Verjüngungsforschung,0,0.0
08437053,Hohentengen,Erststimmen,Verjüngungsforschung,0,0.0
08437053,Hohentengen,Zweitstimmen,Verjüngungsforschung,0,0.0
08437056,Illmensee,Erststimmen,Verjüngungsforschung,0,0.0
08437056,Illmensee,Zweitstimmen,Verjüngungsforschung,2,0.16168148746968472
08437059,Inzigkofen,Erststimmen,Verjüngungsforschung,0,0.0
08437059,Inzigkofen,Zweitstimmen,Verjüngungsforschung,0,0.0
08437065,Krauchenwies,Erststimmen,Verjüngungsforschung,0,0.0
08437065,Krauchenwies,Zweitstimmen,Verjüngungsforschung,1,0.037037037037037035
08437072,Leibertingen,Erststimmen,Verjüngungsforschung,0,0.0
08437072,Leibertingen,Zweitstimmen,Verjüngungsforschung,1,0.06968641114982578
08437076,"Mengen, Stadt",Erststimmen,Verjüngungsforschung,0,0.0
08437076,"Mengen, Stadt",Zweitstimmen,Verjüngungsforschung,5,0.10162601626016261
08437078,"Meßkirch, Stadt",Erststimmen,Verjüngungsforschung,0,0.0
08437078,"Meßkirch, Stadt",Zweitstimmen,Verjüngungsforschung,2,0.0484027105517909
08437082,Neufra,Erststimmen,Verjüngungsforschung,0,0.0
08437082,Neufra,Zweitstimmen,Verjüngungsforschung,2,0.19305019305019305
08437086,Ostrach,Erststimmen,Verjüngungsforschung,0,0.0
08437086,Ostrach,Zweitstimmen,Verjüngungsforschung,4,0.10327911179963851
08437088,"Pfullendorf, Stadt",Erststimmen,Verjüngungsforschung,0,0.0
08437088,"Pfullendorf, Stadt",Zweitstimmen,Verjüngungsforschung,3,0.05266853932584269
08437100,"Bad Saulgau, Stadt",Erststimmen,Verjüngungsforschung,0,0.0
08437100,"Bad Saulgau, Stadt",Zweitstimmen,Verjüngungsforschung,8,0.09085746734809767
08437101,"Scheer, Stadt",Erststimmen,Verjüngungsforschung,0,0.0
08437101,"Scheer, Stadt",Zweitstimmen,Verjüngungsforschung,1,0.07818608287724785
08437102,Schwenningen,Erststimmen,Verjüngungsforschung,0,0.0
08437102,Schwenningen,Zweitstimmen,Verjüngungsforschung,0,0.0
08437104,"Sigmaringen, Stadt",Erststimmen,Verjüngungsforschung,0,0.0
08437104,"Sigmaringen, Stadt",Zweitstimmen,Verjüngungsforschung,6,0.07809449433814916
08437105,Sigmaringendorf,Erststimmen,Verjüngungsforschung,0,0.0
08437105,Sigmaringendorf,Zweitstimmen,Verjüngungsforschung,0,0.0
08437107,Stetten am kalten Markt,Erststimmen,Verjüngungsforschung,0,0.0
08437107,Stetten am kalten Markt,Zweitstimmen,Verjüngungsforschung,1,0.03656307129798903
08437114,"Veringenstadt, Stadt",Erststimmen,Verjüngungsforschung,0,0.0
08437114,"Veringenstadt, Stadt",Zweitstimmen,Verjüngungsforschung,2,0.1710863986313088
08437118,Wald,Erststimmen,Verjüngungsforschung,0,0.0
08437118,Wald,Zweitstimmen,Verjüngungsforschung,1,0.06293266205160479
08437123,Sauldorf,Erststimmen,Verjüngungsforschung,0,0.0
08437123,Sauldorf,Zweitstimmen,Verjüngungsforschung,2,0.12531328320802004
08437124,Herdwangen-Schönach,Erststimmen,Verjüngungsforschung,0,0.0
08437124,Herdwangen-Schönach,Zweitstimmen,Verjüngungsforschung,3,0.15616866215512754
08121000,"Heilbronn, Universitätsstadt",Erststimmen,Volt,592,1.3106333990125971
08121000,"Heilbronn, Universitätsstadt",Zweitstimmen,Volt,386,0.8530198227663478
08125030,Flein,Erststimmen,Volt,43,1.048780487804878
08125030,Flein,Zweitstimmen,Volt,28,0.6809338521400778
08125058,"Leingarten, Stadt",Erststimmen,Volt,70,1.2066885019824167
08125058,"Leingarten, Stadt",Zweitstimmen,Volt,52,0.8960882302257454
08125074,Nordheim,Erststimmen,Volt,56,1.235112483458315
08125074,Nordheim,Zweitstimmen,Volt,31,0.6822183098591549
08125094,Talheim,Erststimmen,Volt,33,1.154249737670514
08125094,Talheim,Zweitstimmen,Volt,18,0.6278339727938612
08126011,Bretzfeld,Erststimmen,Volt,0,0.0
08126011,Bretzfeld,Zweitstimmen,Volt,63,0.9236182377950448
08126020,Dörzbach,Erststimmen,Volt,0,0.0
08126020,Dörzbach,Zweitstimmen,Volt,6,0.424929178470255
08126028,"Forchtenberg, Stadt",Erststimmen,Volt,0,0.0
08126028,"Forchtenberg, Stadt",Zweitstimmen,Volt,19,0.6822262118491921
08126039,"Ingelfingen, Stadt",Erststimmen,Volt,0,0.0
08126039,"Ingelfingen, Stadt",Zweitstimmen,Volt,16,0.53351117039013
08126045,"Krautheim, Stadt",Erststimmen,Volt,0,0.0
08126045,"Krautheim, Stadt",Zweitstimmen,Volt,9,0.36960985626283366
08126046,"Künzelsau, Stadt",Erststimmen,Volt,0,0.0
08126046,"Künzelsau, Stadt",Zweitstimmen,Volt,38,0.5359661495063469
08126047,Kupferzell,Erststimmen,Volt,0,0.0
08126047,Kupferzell,Zweitstimmen,Volt,22,0.6600660066006601
08126056,Mulfingen,Erststimmen,Volt,0,0.0
08126056,Mulfingen,Zweitstimmen,Volt,4,0.1735357917570499
08126058,"Neuenstein, Stadt",Erststimmen,Volt,0,0.0
08126058,"Neuenstein, Stadt",Zweitstimmen,Volt,24,0.6948465547191662
08126060,"Niedernhall, Stadt",Erststimmen,Volt,0,0.0
08126060,"Niedernhall, Stadt",Zweitstimmen,Volt,16,0.8080808080808081
08126066,"Öhringen, Stadt",Erststimmen,Volt,0,0.0
08126066,"Öhringen, Stadt",Zweitstimmen,Volt,79,0.6868967915833406
08126069,Pfedelbach,Erststimmen,Volt,0,0.0
08126069,Pfedelbach,Zweitstimmen,Volt,31,0.6206206206206206
08126072,Schöntal,Erststimmen,Volt,0,0.0
08126072,Schöntal,Zweitstimmen,Volt,20,0.5742176284811944
08126085,"Waldenburg, Stadt",Erststimmen,Volt,0,0.0
08126085,"Waldenburg, Stadt",Zweitstimmen,Volt,10,0.620347394540943
08126086,Weißbach,Erststimmen,Volt,0,0.0
08126086,Weißbach,Zweitstimmen,Volt,6,0.7151370679380215
08126094,Zweiflingen,Erststimmen,Volt,0,0.0
08126094,Zweiflingen,Zweitstimmen,Volt,4,0.3780718336483932
08127008,Blaufelden,Erststimmen,Volt,0,0.0
08127008,Blaufelden,Zweitstimmen,Volt,6,0.2181818181818182
08127009,Braunsbach,Erststimmen,Volt,0,0.0
08127009,Braunsbach,Zweitstimmen,Volt,4,0.2643754130865829
08127012,Bühlertann,Erststimmen,Volt,12,0.7198560287942412
08127012,Bühlertann,Zweitstimmen,Volt,11,0.6610576923076923
08127013,Bühlerzell,Erststimmen,Volt,3,0.22988505747126436
08127013,Bühlerzell,Zweitstimmen,Volt,5,0.38197097020626436
08127014,"Crailsheim, Stadt",Erststimmen,Volt,138,1.0711790731972366
08127014,"Crailsheim, Stadt",Zweitstimmen,Volt,97,0.751122812451603
08127023,Fichtenberg,Erststimmen,Volt,14,0.8641975308641975
08127023,Fichtenberg,Zweitstimmen,Volt,7,0.43156596794081376
08127025,"Gaildorf, Stadt",Erststimmen,Volt,26,0.5029013539651838
08127025,"Gaildorf, Stadt",Zweitstimmen,Volt,19,0.36665380162099576
08127032,"Gerabronn, Stadt",Erststimmen,Volt,0,0.0
08127032,"Gerabronn, Stadt",Zweitstimmen,Volt,6,0.2912621359223301
08127043,"Ilshofen, Stadt",Erststimmen,Volt,25,0.7431629013079667
08127043,"Ilshofen, Stadt",Zweitstimmen,Volt,18,0.5339661821417977
08127046,"Kirchberg an der Jagst, Stadt",Erststimmen,Volt,17,0.7910656119125176
08127046,"Kirchberg an der Jagst, Stadt",Zweitstimmen,Volt,14,0.6490496059341678
08127047,"Langenburg, Stadt",Erststimmen,Volt,0,0.0
08127047,"Langenburg, Stadt",Zweitstimmen,Volt,1,0.09910802775024777
08127052,Mainhardt,Erststimmen,Volt,17,0.5269683818970862
08127052,Mainhardt,Zweitstimmen,Volt,9,0.27889680818097307
08127056,Michelbach an der Bilz,Erststimmen,Volt,14,0.6979062811565304
08127056,Michelbach an der Bilz,Zweitstimmen,Volt,7,0.34791252485089463
08127059,Michelfeld,Erststimmen,Volt,21,0.9749303621169917
08127059,Michelfeld,Zweitstimmen,Volt,15,0.6957328385899815
08127062,Oberrot,Erststimmen,Volt,12,0.6722689075630253
08127062,Oberrot,Zweitstimmen,Volt,6,0.33482142857142855
08127063,Obersontheim,Erststimmen,Volt,13,0.47427946005107624
08127063,Obersontheim,Zweitstimmen,Volt,9,0.32786885245901637
08127071,Rot am See,Erststimmen,Volt,19,0.6414584740040513
08127071,Rot am See,Zweitstimmen,Volt,17,0.5739365293720459
08127073,Satteldorf,Erststimmen,Volt,21,0.7363253856942497
08127073,Satteldorf,Zweitstimmen,Volt,18,0.6284916201117319
08127075,"Schrozberg, Stadt",Erststimmen,Volt,0,0.0
08127075,"Schrozberg, Stadt",Zweitstimmen,Volt,15,0.5228302544440572
08127076,"Schwäbisch Hall, Stadt",Erststimmen,Volt,176,0.8713734033072582
08127076,"Schwäbisch Hall, Stadt",Zweitstimmen,Volt,133,0.6572445147262305
08127079,Sulzbach-Laufen,Erststimmen,Volt,5,0.35790980672870437
08127079,Sulzbach-Laufen,Zweitstimmen,Volt,5,0.35816618911174786
08127086,Untermünkheim,Erststimmen,Volt,0,0.0
08127086,Untermünkheim,Zweitstimmen,Volt,3,0.1646542261251372
08127089,"Vellberg, Stadt",Erststimmen,Volt,20,0.779423226812159
08127089,"Vellberg, Stadt",Zweitstimmen,Volt,15,0.5845674201091192
08127091,Wallhausen,Erststimmen,Volt,17,0.9090909090909091
08127091,Wallhausen,Zweitstimmen,Volt,7,0.37333333333333335
08127099,Wolpertshausen,Erststimmen,Volt,10,0.8210180623973727
08127099,Wolpertshausen,Zweitstimmen,Volt,5,0.4095004095004095
08127100,Rosengarten,Erststimmen,Volt,22,0.7601935038009675
08127100,Rosengarten,Zweitstimmen,Volt,8,0.27529249827942187
08127101,Kreßberg,Erststimmen,Volt,14,0.6679389312977099
08127101,Kreßberg,Zweitstimmen,Volt,10,0.47664442326024786
08127102,Fichtenau,Erststimmen,Volt,12,0.5323868677905945
08127102,Fichtenau,Zweitstimmen,Volt,5,0.2220248667850799
08127103,Frankenhardt,Erststimmen,Volt,26,0.9265858873841768
08127103,Frankenhardt,Zweitstimmen,Volt,17,0.604551920341394
08127104,Stimpfach,Erststimmen,Volt,6,0.35863717872086076
08127104,Stimpfach,Zweitstimmen,Volt,3,0.17953321364452424
08128006,Assamstadt,Erststimmen,Volt,0,0.0
08128006,Assamstadt,Zweitstimmen,Volt,7,0.5147058823529411
08128007,"Bad Mergentheim, Stadt",Erststimmen,Volt,0,0.0
08128007,"Bad Mergentheim, Stadt",Zweitstimmen,Volt,63,0.5597512216792537
08128014,"Boxberg, Stadt",Erststimmen,Volt,0,0.0
08128014,"Boxberg, Stadt",Zweitstimmen,Volt,18,0.47071129707112974
08128020,"Creglingen, Stadt",Erststimmen,Volt,0,0.0
08128020,"Creglingen, Stadt",Zweitstimmen,Volt,17,0.6343283582089552
08128039,"Freudenberg, Stadt",Erststimmen,Volt,0,0.0
08128039,"Freudenberg, Stadt",Zweitstimmen,Volt,7,0.3703703703703704
08128045,Großrinderfeld,Erststimmen,Volt,0,0.0
08128045,Großrinderfeld,Zweitstimmen,Volt,11,0.4643309413254538
08128047,"Grünsfeld, Stadt",Erststimmen,Volt,0,0.0
08128047,"Grünsfeld, Stadt",Zweitstimmen,Volt,8,0.37054191755442334
08128058,Igersheim,Erststimmen,Volt,0,0.0
08128058,Igersheim,Zweitstimmen,Volt,10,0.3254149040026033
08128061,Königheim,Erststimmen,Volt,0,0.0
08128061,Königheim,Zweitstimmen,Volt,3,0.158144438587243
08128064,"Külsheim, Stadt",Erststimmen,Volt,0,0.0
08128064,"Külsheim, Stadt",Zweitstimmen,Volt,15,0.49051667756703726
08128082,"Niederstetten, Stadt",Erststimmen,Volt,0,0.0
08128082,"Niederstetten, Stadt",Zweitstimmen,Volt,11,0.3646005966191581
08128115,"Tauberbischofsheim, Stadt",Erststimmen,Volt,0,0.0
08128115,"Tauberbischofsheim, Stadt",Zweitstimmen,Volt,39,0.576241134751773
08128126,"Weikersheim, Stadt",Erststimmen,Volt,0,0.0
08128126,"Weikersheim, Stadt",Zweitstimmen,Volt,27,0.6036217303822937
08128128,Werbach,Erststimmen,Volt,0,0.0
08128128,Werbach,Zweitstimmen,Volt,7,0.3611971104231166
08128131,"Wertheim, Stadt",Erststimmen,Volt,0,0.0
08128131,"Wertheim, Stadt",Zweitstimmen,Volt,58,0.5439879947477021
08128137,Wittighausen,Erststimmen,Volt,0,0.0
08128137,Wittighausen,Zweitstimmen,Volt,6,0.5946481665014867
08128138,Ahorn,Erststimmen,Volt,0,0.0
08128138,Ahorn,Zweitstimmen,Volt,5,0.35161744022503516
08128139,"Lauda-Königshofen, Stadt",Erststimmen,Volt,0,0.0
08128139,"Lauda-Königshofen, Stadt",Zweitstimmen,Volt,35,0.4736129905277402
08135010,Dischingen,Erststimmen,Volt,0,0.0
08135010,Dischingen,Zweitstimmen,Volt,6,0.24203307785397335
08135015,Gerstetten,Erststimmen,Volt,0,0.0
08135015,Gerstetten,Zweitstimmen,Volt,27,0.42762115932847644
08135016,"Giengen an der Brenz, Stadt",Erststimmen,Volt,0,0.0
08135016,"Giengen an der Brenz, Stadt",Zweitstimmen,Volt,27,0.34919813760993273
08135019,"Heidenheim an der Brenz, Stadt",Erststimmen,Volt,0,0.0
08135019,"Heidenheim an der Brenz, Stadt",Zweitstimmen,Volt,69,0.36847164370394103
08135020,"Herbrechtingen, Stadt",Erststimmen,Volt,0,0.0
08135020,"Herbrechtingen, Stadt",Zweitstimmen,Volt,27,0.4155764198861013
08135021,Hermaringen,Erststimmen,Volt,0,0.0
08135021,Hermaringen,Zweitstimmen,Volt,2,0.15467904098994587
08135025,Königsbronn,Erststimmen,Volt,0,0.0
08135025,Königsbronn,Zweitstimmen,Volt,13,0.34156594850236466
08135026,Nattheim,Erststimmen,Volt,0,0.0
08135026,Nattheim,Zweitstimmen,Volt,14,0.37654653039268426
08135027,"Niederstotzingen, Stadt",Erststimmen,Volt,0,0.0
08135027,"Niederstotzingen, Stadt",Zweitstimmen,Volt,13,0.5112072355485646
08135031,Sontheim an der Brenz,Erststimmen,Volt,0,0.0
08135031,Sontheim an der Brenz,Zweitstimmen,Volt,10,0.31857279388340237
08135032,Steinheim am Albuch,Erststimmen,Volt,0,0.0
08135032,Steinheim am Albuch,Zweitstimmen,Volt,21,0.45336787564766834
08216002,Au am Rhein,Erststimmen,Volt,36,1.865284974093264
08216002,Au am Rhein,Zweitstimmen,Volt,19,0.9783728115345005
08216005,Bietigheim,Erststimmen,Volt,79,2.3221634332745444
08216005,Bietigheim,Zweitstimmen,Volt,33,0.9668912979783182
08216006,Bischweier,Erststimmen,Volt,45,2.608695652173913
08216006,Bischweier,Zweitstimmen,Volt,16,0.9232544720138488
08216009,Durmersheim,Erststimmen,Volt,104,1.7756530647088955
08216009,Durmersheim,Zweitstimmen,Volt,50,0.84774499830451
08216012,Elchesheim-Illingen,Erststimmen,Volt,28,1.5783540022547913
08216012,Elchesheim-Illingen,Zweitstimmen,Volt,15,0.8408071748878924
08216013,Forbach,Erststimmen,Volt,38,1.5853149770546515
08216013,Forbach,Zweitstimmen,Volt,15,0.6247396917950854
08216015,"Gaggenau, Stadt",Erststimmen,Volt,234,1.6783818677377709
08216015,"Gaggenau, Stadt",Zweitstimmen,Volt,98,0.70130241877773
08216017,"Gernsbach, Stadt",Erststimmen,Volt,92,1.3212695677150654
08216017,"Gernsbach, Stadt",Zweitstimmen,Volt,48,0.6864006864006864
08216023,Iffezheim,Erststimmen,Volt,38,1.4377601210745365
08216023,Iffezheim,Zweitstimmen,Volt,16,0.6028636021100227
08216024,"Kuppenheim, Stadt",Erststimmen,Volt,73,1.7196702002355715
08216024,"Kuppenheim, Stadt",Zweitstimmen,Volt,37,0.8648901355773725
08216029,Loffenau,Erststimmen,Volt,12,0.9036144578313252
08216029,Loffenau,Zweitstimmen,Volt,9,0.67618332081142
08216033,Muggensturm,Erststimmen,Volt,39,1.205564142194745
08216033,Muggensturm,Zweitstimmen,Volt,13,0.4009870450339297
08216039,Ötigheim,Erststimmen,Volt,25,0.8979885057471264
08216039,Ötigheim,Zweitstimmen,Volt,13,0.46611688777339555
08216043,"Rastatt, Stadt",Erststimmen,Volt,339,1.86550737398195
08216043,"Rastatt, Stadt",Zweitstimmen,Volt,143,0.7834328603517231
08216052,Steinmauern,Erststimmen,Volt,27,1.6423357664233578
08216052,Steinmauern,Zweitstimmen,Volt,22,1.331719128329298
08216059,Weisenbach,Erststimmen,Volt,20,1.5847860538827259
08216059,Weisenbach,Zweitstimmen,Volt,11,0.865460267505901
08231000,"Pforzheim, Stadt",Erststimmen,Volt,674,1.6685233320955566
08231000,"Pforzheim, Stadt",Zweitstimmen,Volt,397,0.9784349969192853
08235006,"Altensteig, Stadt",Erststimmen,Volt,0,0.0
08235006,"Altensteig, Stadt",Zweitstimmen,Volt,10,0.20491803278688525
08235007,Althengstett,Erststimmen,Volt,0,0.0
08235007,Althengstett,Zweitstimmen,Volt,18,0.39275583678813003
08235008,"Bad Liebenzell, Stadt",Erststimmen,Volt,0,0.0
08235008,"Bad Liebenzell, Stadt",Zweitstimmen,Volt,17,0.3513122545980575
08235018,Dobel,Erststimmen,Volt,0,0.0
08235018,Dobel,Zweitstimmen,Volt,7,0.5843071786310517
08235020,Ebhausen,Erststimmen,Volt,0,0.0
08235020,Ebhausen,Zweitstimmen,Volt,12,0.49730625777041026
08235022,Egenhausen,Erststimmen,Volt,0,0.0
08235022,Egenhausen,Zweitstimmen,Volt,8,0.6796941376380629
08235025,Enzklösterle,Erststimmen,Volt,0,0.0
08235025,Enzklösterle,Zweitstimmen,Volt,1,0.13986013986013987
08235029,Gechingen,Erststimmen,Volt,0,0.0
08235029,Gechingen,Zweitstimmen,Volt,21,0.9905660377358491
08235032,"Haiterbach, Stadt",Erststimmen,Volt,0,0.0
08235032,"Haiterbach, Stadt",Zweitstimmen,Volt,16,0.5795001810938066
08235033,"Bad Herrenalb, Stadt",Erststimmen,Volt,0,0.0
08235033,"Bad Herrenalb, Stadt",Zweitstimmen,Volt,35,0.9320905459387484
08235035,Höfen an der Enz,Erststimmen,Volt,0,0.0
08235035,Höfen an der Enz,Zweitstimmen,Volt,3,0.37641154328732745
08235046,"Nagold, Stadt",Erststimmen,Volt,0,0.0
08235046,"Nagold, Stadt",Zweitstimmen,Volt,62,0.5841892019221708
08235047,"Neubulach, Stadt",Erststimmen,Volt,0,0.0
08235047,"Neubulach, Stadt",Zweitstimmen,Volt,12,0.3629764065335753
08235050,Neuweiler,Erststimmen,Volt,0,0.0
08235050,Neuweiler,Zweitstimmen,Volt,9,0.4726890756302521
08235055,Oberreichenbach,Erststimmen,Volt,0,0.0
08235055,Oberreichenbach,Zweitstimmen,Volt,5,0.26766595289079226
08235057,Ostelsheim,Erststimmen,Volt,0,0.0
08235057,Ostelsheim,Zweitstimmen,Volt,6,0.4178272980501393
08235060,Rohrdorf,Erststimmen,Volt,0,0.0
08235060,Rohrdorf,Zweitstimmen,Volt,1,0.11350737797956867
08235065,Schömberg,Erststimmen,Volt,0,0.0
08235065,Schömberg,Zweitstimmen,Volt,20,0.541858574911948
08235066,Simmersfeld,Erststimmen,Volt,0,0.0
08235066,Simmersfeld,Zweitstimmen,Volt,3,0.2356637863315004
08235067,Simmozheim,Erststimmen,Volt,0,0.0
08235067,Simmozheim,Zweitstimmen,Volt,9,0.5579665220086795
08235073,Unterreichenbach,Erststimmen,Volt,0,0.0
08235073,Unterreichenbach,Zweitstimmen,Volt,8,0.7023705004389815
08235079,"Bad Wildbad, Stadt",Erststimmen,Volt,0,0.0
08235079,"Bad Wildbad, Stadt",Zweitstimmen,Volt,31,0.7210979297511049
08235080,"Wildberg, Stadt",Erststimmen,Volt,0,0.0
08235080,"Wildberg, Stadt",Zweitstimmen,Volt,26,0.46578287352203507
08235084,"Bad Teinach-Zavelstein, Stadt",Erststimmen,Volt,0,0.0
08235084,"Bad Teinach-Zavelstein, Stadt",Zweitstimmen,Volt,19,1.0752688172043012
08235085,"Calw, Stadt",Erststimmen,Volt,0,0.0
08235085,"Calw, Stadt",Zweitstimmen,Volt,42,0.3958156629912355
08236004,Birkenfeld,Erststimmen,Volt,85,1.6805061289047054
08236004,Birkenfeld,Zweitstimmen,Volt,35,0.6906077348066298
08236011,Eisingen,Erststimmen,Volt,45,1.9230769230769231
08236011,Eisingen,Zweitstimmen,Volt,12,0.5091217649554518
08236013,Engelsbrand,Erststimmen,Volt,25,1.029654036243822
08236013,Engelsbrand,Zweitstimmen,Volt,18,0.7364975450081833
08236019,Friolzheim,Erststimmen,Volt,40,1.9120458891013385
08236019,Friolzheim,Zweitstimmen,Volt,21,0.9980988593155894
08236025,"Heimsheim, Stadt",Erststimmen,Volt,55,2.0700037636432067
08236025,"Heimsheim, Stadt",Zweitstimmen,Volt,27,1.0150375939849625
08236028,Illingen,Erststimmen,Volt,72,1.8036072144288577
08236028,Illingen,Zweitstimmen,Volt,34,0.8504252126063032
08236030,Ispringen,Erststimmen,Volt,59,2.1086490350250178
08236030,Ispringen,Zweitstimmen,Volt,28,0.9971509971509971
08236031,Kieselbronn,Erststimmen,Volt,21,1.3100436681222707
08236031,Kieselbronn,Zweitstimmen,Volt,12,0.7462686567164178
08236033,"Knittlingen, Stadt",Erststimmen,Volt,59,1.4944275582573454
08236033,"Knittlingen, Stadt",Zweitstimmen,Volt,23,0.5786163522012578
08236038,"Maulbronn, Stadt",Erststimmen,Volt,47,1.4403922770456636
08236038,"Maulbronn, Stadt",Zweitstimmen,Volt,21,0.6416131989000917
08236039,Mönsheim,Erststimmen,Volt,17,1.0786802030456852
08236039,Mönsheim,Zweitstimmen,Volt,11,0.6962025316455696
08236040,"Mühlacker, Stadt",Erststimmen,Volt,177,1.6497343648056668
08236040,"Mühlacker, Stadt",Zweitstimmen,Volt,88,0.8174640037157455
08236043,"Neuenbürg, Stadt",Erststimmen,Volt,102,2.7740005439216753
08236043,"Neuenbürg, Stadt",Zweitstimmen,Volt,51,1.3821138211382114
08236044,Neuhausen,Erststimmen,Volt,59,1.933792199278925
08236044,Neuhausen,Zweitstimmen,Volt,26,0.8524590163934427
08236046,Niefern-Öschelbronn,Erststimmen,Volt,78,1.3981000179243592
08236046,Niefern-Öschelbronn,Zweitstimmen,Volt,51,0.9125067096081589
08236050,Ötisheim,Erststimmen,Volt,46,1.8138801261829656
08236050,Ötisheim,Zweitstimmen,Volt,16,0.6291781360597719
08236061,Sternenfels,Erststimmen,Volt,38,2.4563671622495153
08236061,Sternenfels,Zweitstimmen,Volt,13,0.8354755784061696
08236062,Tiefenbronn,Erststimmen,Volt,52,1.6234779893849516
08236062,Tiefenbronn,Zweitstimmen,Volt,16,0.4973577867578489
08236065,Wiernsheim,Erststimmen,Volt,66,1.7241379310344827
08236065,Wiernsheim,Zweitstimmen,Volt,28,0.7287870900572618
08236067,Wimsheim,Erststimmen,Volt,30,1.843884449907806
08236067,Wimsheim,Zweitstimmen,Volt,9,0.5528255528255528
08236068,Wurmberg,Erststimmen,Volt,31,1.900674432863274
08236068,Wurmberg,Zweitstimmen,Volt,13,0.7975460122699387
08236070,Keltern,Erststimmen,Volt,138,2.6371106439900633
08236070,Keltern,Zweitstimmen,Volt,57,1.0848877046060146
08236071,Remchingen,Erststimmen,Volt,121,1.874515879163439
08236071,Remchingen,Zweitstimmen,Volt,63,0.9720722110785374
08236072,Straubenhardt,Erststimmen,Volt,124,2.0244897959183676
08236072,Straubenhardt,Zweitstimmen,Volt,54,0.8793356130923302
08236073,Neulingen,Erststimmen,Volt,55,1.4933478142818355
08236073,Neulingen,Zweitstimmen,Volt,20,0.5411255411255411
08236074,Kämpfelbach,Erststimmen,Volt,72,2.00836820083682
08236074,Kämpfelbach,Zweitstimmen,Volt,34,0.9473390916689886
08236075,Ölbronn-Dürrn,Erststimmen,Volt,38,1.9577537351880476
08236075,Ölbronn-Dürrn,Zweitstimmen,Volt,16,0.8163265306122449
08236076,Königsbach-Stein,Erststimmen,Volt,98,1.7641764176417642
08236076,Königsbach-Stein,Zweitstimmen,Volt,48,0.8606777837547067
08237002,"Alpirsbach, Stadt",Erststimmen,Volt,0,0.0
08237002,"Alpirsbach, Stadt",Zweitstimmen,Volt,19,0.6123106670963584
08237004,Baiersbronn,Erststimmen,Volt,0,0.0
08237004,Baiersbronn,Zweitstimmen,Volt,34,0.4587774929159357
08237019,"Dornstetten, Stadt",Erststimmen,Volt,0,0.0
08237019,"Dornstetten, Stadt",Zweitstimmen,Volt,27,0.6665020982473463
08237024,Empfingen,Erststimmen,Volt,0,0.0
08237024,Empfingen,Zweitstimmen,Volt,9,0.4048582995951417
08237027,Eutingen im Gäu,Erststimmen,Volt,0,0.0
08237027,Eutingen im Gäu,Zweitstimmen,Volt,13,0.3864447086801427
08237028,"Freudenstadt, Stadt",Erststimmen,Volt,0,0.0
08237028,"Freudenstadt, Stadt",Zweitstimmen,Volt,65,0.6020190793739002
08237030,Glatten,Erststimmen,Volt,0,0.0
08237030,Glatten,Zweitstimmen,Volt,7,0.4936530324400564
08237032,Grömbach,Erststimmen,Volt,0,0.0
08237032,Grömbach,Zweitstimmen,Volt,2,0.7547169811320755
08237040,"Horb am Neckar, Stadt",Erststimmen,Volt,0,0.0
08237040,"Horb am Neckar, Stadt",Zweitstimmen,Volt,72,0.5754475703324808
08237045,Loßburg,Erststimmen,Volt,0,0.0
08237045,Loßburg,Zweitstimmen,Volt,34,0.7592675301473872
08237054,Pfalzgrafenweiler,Erststimmen,Volt,0,0.0
08237054,Pfalzgrafenweiler,Zweitstimmen,Volt,16,0.4371584699453552
08237061,Schopfloch,Erststimmen,Volt,0,0.0
08237061,Schopfloch,Zweitstimmen,Volt,8,0.5124919923126201
08237072,Wörnersberg,Erststimmen,Volt,0,0.0
08237072,Wörnersberg,Zweitstimmen,Volt,0,0.0
08237073,Seewald,Erststimmen,Volt,0,0.0
08237073,Seewald,Zweitstimmen,Volt,6,0.5076142131979695
08237074,Waldachtal,Erststimmen,Volt,0,0.0
08237074,Waldachtal,Zweitstimmen,Volt,16,0.4972032318210068
08237075,Bad Rippoldsau-Schapbach,Erststimmen,Volt,0,0.0
08237075,Bad Rippoldsau-Schapbach,Zweitstimmen,Volt,4,0.32025620496397117
08316002,Bahlingen am Kaiserstuhl,Erststimmen,Volt,30,1.160092807424594
08316002,Bahlingen am Kaiserstuhl,Zweitstimmen,Volt,17,0.6556112610875434
08316003,Biederbach,Erststimmen,Volt,15,1.461988304093567
08316003,Biederbach,Zweitstimmen,Volt,7,0.6809338521400778
08316009,Denzlingen,Erststimmen,Volt,74,1.0076252723311547
08316009,Denzlingen,Zweitstimmen,Volt,47,0.6385002037766607
08316010,"Elzach, Stadt",Erststimmen,Volt,91,2.1226965243760207
08316010,"Elzach, Stadt",Zweitstimmen,Volt,30,0.6986492780624126
08316011,"Emmendingen, Stadt",Erststimmen,Volt,163,1.1595646297218467
08316011,"Emmendingen, Stadt",Zweitstimmen,Volt,118,0.8380681818181819
08316012,"Endingen am Kaiserstuhl, Stadt",Erststimmen,Volt,57,0.9904430929626411
08316012,"Endingen am Kaiserstuhl, Stadt",Zweitstimmen,Volt,37,0.642361111111111
08316013,Forchheim,Erststimmen,Volt,5,0.6038647342995169
08316013,Forchheim,Zweitstimmen,Volt,2,0.24183796856106407
08316014,Gutach im Breisgau,Erststimmen,Volt,30,1.1385199240986716
08316014,Gutach im Breisgau,Zweitstimmen,Volt,25,0.9487666034155597
08316017,"Herbolzheim, Stadt",Erststimmen,Volt,50,0.9505703422053232
08316017,"Herbolzheim, Stadt",Zweitstimmen,Volt,39,0.7393364928909952
08316020,"Kenzingen, Stadt",Erststimmen,Volt,64,1.1506652283351313
08316020,"Kenzingen, Stadt",Zweitstimmen,Volt,46,0.8248162094315941
08316024,Malterdingen,Erststimmen,Volt,15,0.7890583903208838
08316024,Malterdingen,Zweitstimmen,Volt,10,0.5254860746190226
08316036,Reute,Erststimmen,Volt,18,1.037463976945245
08316036,Reute,Zweitstimmen,Volt,16,0.9195402298850575
08316037,Riegel am Kaiserstuhl,Erststimmen,Volt,18,0.8893280632411068
08316037,Riegel am Kaiserstuhl,Zweitstimmen,Volt,12,0.594059405940594
08316038,Sasbach am Kaiserstuhl,Erststimmen,Volt,17,0.8292682926829269
08316038,Sasbach am Kaiserstuhl,Zweitstimmen,Volt,16,0.7789678675754625
08316039,Sexau,Erststimmen,Volt,20,0.9501187648456058
08316039,Sexau,Zweitstimmen,Volt,14,0.6635071090047393
08316042,Simonswald,Erststimmen,Volt,29,1.6319639842431062
08316042,Simonswald,Zweitstimmen,Volt,19,1.072234762979684
08316043,Teningen,Erststimmen,Volt,83,1.296875
08316043,Teningen,Zweitstimmen,Volt,51,0.7938978829389789
08316045,Vörstetten,Erststimmen,Volt,28,1.478352692713833
08316045,Vörstetten,Zweitstimmen,Volt,17,0.8975712777191129
08316049,Weisweil,Erststimmen,Volt,11,0.8807045636509208
08316049,Weisweil,Zweitstimmen,Volt,13,1.04
08316051,Wyhl am Kaiserstuhl,Erststimmen,Volt,26,1.2560386473429952
08316051,Wyhl am Kaiserstuhl,Zweitstimmen,Volt,8,0.3864734299516908
08316053,Rheinhausen im Breisgau,Erststimmen,Volt,25,1.1071744906997343
08316053,Rheinhausen im Breisgau,Zweitstimmen,Volt,12,0.528169014084507
08316054,Freiamt,Erststimmen,Volt,30,1.1956954962136308
08316054,Freiamt,Zweitstimmen,Volt,17,0.6770211071286341
08316055,Winden im Elztal,Erststimmen,Volt,11,0.6744328632740649
08316055,Winden im Elztal,Zweitstimmen,Volt,8,0.4895960832313341
08316056,"Waldkirch, Stadt",Erststimmen,Volt,141,1.2516644474034622
08316056,"Waldkirch, Stadt",Zweitstimmen,Volt,119,1.0544036859826333
08325001,Aichhalden,Erststimmen,Volt,32,1.2553942722636329
08325001,Aichhalden,Zweitstimmen,Volt,18,0.7061592781482934
08325009,Bösingen,Erststimmen,Volt,56,2.7131782945736433
08325009,Bösingen,Zweitstimmen,Volt,17,0.822447992259313
08325011,Dietingen,Erststimmen,Volt,51,2.1401594628619387
08325011,Dietingen,Zweitstimmen,Volt,22,0.9235936188077246
08325012,"Dornhan, Stadt",Erststimmen,Volt,67,1.8688981868898187
08325012,"Dornhan, Stadt",Zweitstimmen,Volt,32,0.8921103986618344
08325014,Dunningen,Erststimmen,Volt,55,1.480086114101184
08325014,Dunningen,Zweitstimmen,Volt,35,0.9413663259817107
08325015,Epfendorf,Erststimmen,Volt,84,4.648588821250692
08325015,Epfendorf,Zweitstimmen,Volt,34,1.8815716657443278
08325024,Hardt,Erststimmen,Volt,20,1.1983223487118035
08325024,Hardt,Zweitstimmen,Volt,16,0.9603841536614646
08325036,Lauterbach,Erststimmen,Volt,18,1.2113055181695829
08325036,Lauterbach,Zweitstimmen,Volt,14,0.9395973154362416
08325045,"Oberndorf am Neckar, Stadt",Erststimmen,Volt,113,1.7639712769278801
08325045,"Oberndorf am Neckar, Stadt",Zweitstimmen,Volt,45,0.7024664377146426
08325049,"Rottweil, Stadt",Erststimmen,Volt,237,1.969583644976315
08325049,"Rottweil, Stadt",Zweitstimmen,Volt,111,0.9213912177305553
08325050,Schenkenzell,Erststimmen,Volt,12,1.1616650532429817
08325050,Schenkenzell,Zweitstimmen,Volt,11,1.0597302504816954
08325051,"Schiltach, Stadt",Erststimmen,Volt,30,1.4866204162537164
08325051,"Schiltach, Stadt",Zweitstimmen,Volt,16,0.7905138339920948
08325053,"Schramberg, Stadt",Erststimmen,Volt,148,1.5766485565143282
08325053,"Schramberg, Stadt",Zweitstimmen,Volt,97,1.0307087450855381
08325057,"Sulz am Neckar, Stadt",Erststimmen,Volt,71,1.1509158696709354
08325057,"Sulz am Neckar, Stadt",Zweitstimmen,Volt,42,0.6795016987542469
08325060,Villingendorf,Erststimmen,Volt,56,2.9473684210526314
08325060,Villingendorf,Zweitstimmen,Volt,30,1.5764582238570677
08325061,Vöhringen,Erststimmen,Volt,29,1.23614663256607
08325061,Vöhringen,Zweitstimmen,Volt,17,0.7218683651804672
08325064,Wellendingen,Erststimmen,Volt,14,0.8454106280193237
08325064,Wellendingen,Zweitstimmen,Volt,10,0.6024096385542169
08325069,Zimmern ob Rottweil,Erststimmen,Volt,48,1.434548714883443
08325069,Zimmern ob Rottweil,Zweitstimmen,Volt,39,1.1659192825112108
08325070,Fluorn-Winzeln,Erststimmen,Volt,23,1.2870733072188025
08325070,Fluorn-Winzeln,Zweitstimmen,Volt,12,0.6696428571428571
08325071,Eschbronn,Erststimmen,Volt,32,2.501954652071931
08325071,Eschbronn,Zweitstimmen,Volt,22,1.7227877838684416
08325072,Deißlingen,Erststimmen,Volt,33,1.0254816656308265
08325072,Deißlingen,Zweitstimmen,Volt,30,0.9290802105915144
08326003,"Bad Dürrheim, Stadt",Erststimmen,Volt,0,0.0
08326003,"Bad Dürrheim, Stadt",Zweitstimmen,Volt,43,0.6316098707403055
08326005,"Blumberg, Stadt",Erststimmen,Volt,64,1.462188713730866
08326005,"Blumberg, Stadt",Zweitstimmen,Volt,34,0.7739585704529933
08326006,"Bräunlingen, Stadt",Erststimmen,Volt,0,0.0
08326006,"Bräunlingen, Stadt",Zweitstimmen,Volt,27,0.8563273073263558
08326010,Dauchingen,Erststimmen,Volt,0,0.0
08326010,Dauchingen,Zweitstimmen,Volt,8,0.3813155386081983
08326012,"Donaueschingen, Stadt",Erststimmen,Volt,214,2.0408163265306123
08326012,"Donaueschingen, Stadt",Zweitstimmen,Volt,101,0.9585270949985766
08326017,"Furtwangen im Schwarzwald, Stadt",Erststimmen,Volt,0,0.0
08326017,"Furtwangen im Schwarzwald, Stadt",Zweitstimmen,Volt,32,0.8016032064128256
08326020,Gütenbach,Erststimmen,Volt,0,0.0
08326020,Gütenbach,Zweitstimmen,Volt,1,0.1779359430604982
08326027,"Hüfingen, Stadt",Erststimmen,Volt,99,2.5197251208959024
08326027,"Hüfingen, Stadt",Zweitstimmen,Volt,44,1.1136421159200203
08326031,Königsfeld im Schwarzwald,Erststimmen,Volt,0,0.0
08326031,Königsfeld im Schwarzwald,Zweitstimmen,Volt,39,1.1048158640226629
08326037,Mönchweiler,Erststimmen,Volt,0,0.0
08326037,Mönchweiler,Zweitstimmen,Volt,18,1.0856453558504222
08326041,Niedereschach,Erststimmen,Volt,0,0.0
08326041,Niedereschach,Zweitstimmen,Volt,31,0.9312105737458696
08326052,"St. Georgen im Schwarzwald, Stadt",Erststimmen,Volt,0,0.0
08326052,"St. Georgen im Schwarzwald, Stadt",Zweitstimmen,Volt,79,1.2805965310423084
08326054,Schönwald im Schwarzwald,Erststimmen,Volt,0,0.0
08326054,Schönwald im Schwarzwald,Zweitstimmen,Volt,7,0.5275056518462697
08326055,Schonach im Schwarzwald,Erststimmen,Volt,0,0.0
08326055,Schonach im Schwarzwald,Zweitstimmen,Volt,22,1.044138585666825
08326060,"Triberg im Schwarzwald, Stadt",Erststimmen,Volt,0,0.0
08326060,"Triberg im Schwarzwald, Stadt",Zweitstimmen,Volt,21,1.1731843575418994
08326061,Tuningen,Erststimmen,Volt,0,0.0
08326061,Tuningen,Zweitstimmen,Volt,22,1.3205282112845138
08326065,Unterkirnach,Erststimmen,Volt,0,0.0
08326065,Unterkirnach,Zweitstimmen,Volt,11,0.8764940239043826
08326068,"Vöhrenbach, Stadt",Erststimmen,Volt,0,0.0
08326068,"Vöhrenbach, Stadt",Zweitstimmen,Volt,16,0.9489916963226572
08326074,"Villingen-Schwenningen, Stadt",Erststimmen,Volt,0,0.0
08326074,"Villingen-Schwenningen, Stadt",Zweitstimmen,Volt,262,0.7468643101482326
08326075,Brigachtal,Erststimmen,Volt,0,0.0
08326075,Brigachtal,Zweitstimmen,Volt,15,0.511770726714432
08327002,Aldingen,Erststimmen,Volt,49,1.520322680732237
08327002,Aldingen,Zweitstimmen,Volt,16,0.4945904173106646
08327004,Bärenthal,Erststimmen,Volt,1,0.3597122302158274
08327004,Bärenthal,Zweitstimmen,Volt,0,0.0
08327005,Balgheim,Erststimmen,Volt,12,1.7167381974248928
08327005,Balgheim,Zweitstimmen,Volt,10,1.4204545454545454
08327006,Böttingen,Erststimmen,Volt,14,1.7391304347826086
08327006,Böttingen,Zweitstimmen,Volt,8,0.9864364981504316
08327007,Bubsheim,Erststimmen,Volt,9,1.6363636363636365
08327007,Bubsheim,Zweitstimmen,Volt,5,0.9009009009009009
08327008,Buchheim,Erststimmen,Volt,8,1.7817371937639197
08327008,Buchheim,Zweitstimmen,Volt,2,0.4424778761061947
08327009,Deilingen,Erststimmen,Volt,8,0.8412197686645636
08327009,Deilingen,Zweitstimmen,Volt,3,0.3147953830010493
08327010,Denkingen,Erststimmen,Volt,26,1.766304347826087
08327010,Denkingen,Zweitstimmen,Volt,14,0.945945945945946
08327011,Dürbheim,Erststimmen,Volt,5,0.5170630816959669
08327011,Dürbheim,Zweitstimmen,Volt,2,0.20597322348094746
08327012,Durchhausen,Erststimmen,Volt,7,1.3333333333333335
08327012,Durchhausen,Zweitstimmen,Volt,5,0.945179584120983
08327013,Egesheim,Erststimmen,Volt,1,0.35714285714285715
08327013,Egesheim,Zweitstimmen,Volt,0,0.0
08327016,"Fridingen an der Donau, Stadt",Erststimmen,Volt,15,0.8998200359928014
08327016,"Fridingen an der Donau, Stadt",Zweitstimmen,Volt,7,0.417910447761194
08327017,Frittlingen,Erststimmen,Volt,10,0.9233610341643583
08327017,Frittlingen,Zweitstimmen,Volt,5,0.4591368227731864
08327018,"Geisingen, Stadt",Erststimmen,Volt,42,1.4000000000000001
08327018,"Geisingen, Stadt",Zweitstimmen,Volt,22,0.7311399135925557
08327019,Gosheim,Erststimmen,Volt,29,1.6811594202898552
08327019,Gosheim,Zweitstimmen,Volt,15,0.8655510675129832
08327020,Gunningen,Erststimmen,Volt,4,0.9732360097323601
08327020,Gunningen,Zweitstimmen,Volt,3,0.7334963325183375
08327023,Hausen ob Verena,Erststimmen,Volt,6,1.2320328542094456
08327023,Hausen ob Verena,Zweitstimmen,Volt,5,1.0245901639344261
08327025,Immendingen,Erststimmen,Volt,60,1.982815598149372
08327025,Immendingen,Zweitstimmen,Volt,32,1.0543657331136738
08327027,Irndorf,Erststimmen,Volt,6,1.342281879194631
08327027,Irndorf,Zweitstimmen,Volt,2,0.4424778761061947
08327029,Königsheim,Erststimmen,Volt,2,0.5681818181818182
08327029,Königsheim,Zweitstimmen,Volt,2,0.5649717514124294
08327030,Kolbingen,Erststimmen,Volt,6,0.7832898172323759
08327030,Kolbingen,Zweitstimmen,Volt,2,0.261437908496732
08327033,Mahlstetten,Erststimmen,Volt,9,1.8789144050104383
08327033,Mahlstetten,Zweitstimmen,Volt,1,0.2079002079002079
08327036,"Mühlheim an der Donau, Stadt",Erststimmen,Volt,25,1.2431626056688214
08327036,"Mühlheim an der Donau, Stadt",Zweitstimmen,Volt,13,0.6426099851705388
08327038,Neuhausen ob Eck,Erststimmen,Volt,32,1.671891327063741
08327038,Neuhausen ob Eck,Zweitstimmen,Volt,13,0.6756756756756757
08327040,Reichenbach am Heuberg,Erststimmen,Volt,0,0.0
08327040,Reichenbach am Heuberg,Zweitstimmen,Volt,0,0.0
08327041,Renquishausen,Erststimmen,Volt,7,1.402805611222445
08327041,Renquishausen,Zweitstimmen,Volt,3,0.5988023952095809
08327046,"Spaichingen, Stadt",Erststimmen,Volt,91,1.5771230502599654
08327046,"Spaichingen, Stadt",Zweitstimmen,Volt,49,0.8476042207230583
08327048,Talheim,Erststimmen,Volt,10,1.3869625520110958
08327048,Talheim,Zweitstimmen,Volt,4,0.5563282336578581
08327049,"Trossingen, Stadt",Erststimmen,Volt,124,1.9138755980861244
08327049,"Trossingen, Stadt",Zweitstimmen,Volt,42,0.6472491909385114
08327050,"Tuttlingen, Stadt",Erststimmen,Volt,218,1.6797657574356604
08327050,"Tuttlingen, Stadt",Zweitstimmen,Volt,101,0.7766840972008613
08327051,Wehingen,Erststimmen,Volt,19,1.2305699481865284
08327051,Wehingen,Zweitstimmen,Volt,8,0.5164622336991607
08327054,Wurmlingen,Erststimmen,Volt,29,1.3488372093023255
08327054,Wurmlingen,Zweitstimmen,Volt,21,0.9749303621169917
08327055,Seitingen-Oberflacht,Erststimmen,Volt,16,1.2232415902140672
08327055,Seitingen-Oberflacht,Zweitstimmen,Volt,12,0.9160305343511451
08327056,Rietheim-Weilheim,Erststimmen,Volt,26,1.8030513176144243
08327056,Rietheim-Weilheim,Zweitstimmen,Volt,12,0.8316008316008316
08327057,Emmingen-Liptingen,Erststimmen,Volt,36,1.3740458015267176
08327057,Emmingen-Liptingen,Zweitstimmen,Volt,19,0.7249141549027089
08336004,Aitern,Erststimmen,Volt,0,0.0
08336004,Aitern,Zweitstimmen,Volt,0,0.0
08336006,Bad Bellingen,Erststimmen,Volt,35,1.6286644951140066
08336006,Bad Bellingen,Zweitstimmen,Volt,21,0.9726725335803612
08336008,Binzen,Erststimmen,Volt,27,1.6433353621424223
08336008,Binzen,Zweitstimmen,Volt,25,1.5206812652068127
08336010,Böllen,Erststimmen,Volt,1,1.6129032258064515
08336010,Böllen,Zweitstimmen,Volt,0,0.0
08336014,Efringen-Kirchen,Erststimmen,Volt,54,1.1299435028248588
08336014,Efringen-Kirchen,Zweitstimmen,Volt,39,0.81419624217119
08336019,Eimeldingen,Erststimmen,Volt,22,1.7107309486780715
08336019,Eimeldingen,Zweitstimmen,Volt,21,1.6253869969040249
08336024,Fischingen,Erststimmen,Volt,9,2.15311004784689
08336024,Fischingen,Zweitstimmen,Volt,5,1.1961722488038278
08336025,Fröhnd,Erststimmen,Volt,3,0.9345794392523363
08336025,Fröhnd,Zweitstimmen,Volt,3,0.949367088607595
08336034,Hasel,Erststimmen,Volt,7,1.1475409836065573
08336034,Hasel,Zweitstimmen,Volt,6,0.9836065573770493
08336036,Hausen im Wiesental,Erststimmen,Volt,23,1.8821603927986905
08336036,Hausen im Wiesental,Zweitstimmen,Volt,11,0.897226753670473
08336043,Inzlingen,Erststimmen,Volt,17,1.281085154483798
08336043,Inzlingen,Zweitstimmen,Volt,13,0.9767092411720512
08336050,"Lörrach, Stadt",Erststimmen,Volt,280,1.3649215170127718
08336050,"Lörrach, Stadt",Zweitstimmen,Volt,272,1.3228928554058654
08336057,Maulburg,Erststimmen,Volt,31,1.546134663341646
08336057,Maulburg,Zweitstimmen,Volt,25,1.2468827930174564
08336069,"Rheinfelden (Baden), Stadt",Erststimmen,Volt,0,0.0
08336069,"Rheinfelden (Baden), Stadt",Zweitstimmen,Volt,165,1.2096774193548387
08336073,Rümmingen,Erststimmen,Volt,12,1.284796573875803
08336073,Rümmingen,Zweitstimmen,Volt,13,1.3903743315508021
08336075,Schallbach,Erststimmen,Volt,4,0.8213552361396305
08336075,Schallbach,Zweitstimmen,Volt,3,0.6211180124223602
08336079,"Schönau im Schwarzwald, Stadt",Erststimmen,Volt,8,1.2269938650306749
08336079,"Schönau im Schwarzwald, Stadt",Zweitstimmen,Volt,3,0.46153846153846156
08336080,Schönenberg,Erststimmen,Volt,0,0.0
08336080,Schönenberg,Zweitstimmen,Volt,0,0.0
08336081,"Schopfheim, Stadt",Erststimmen,Volt,143,1.5277777777777777
08336081,"Schopfheim, Stadt",Zweitstimmen,Volt,95,1.0118223452976887
08336082,Schwörstadt,Erststimmen,Volt,0,0.0
08336082,Schwörstadt,Zweitstimmen,Volt,13,1.1035653650254669
08336084,Steinen,Erststimmen,Volt,64,1.2030075187969926
08336084,Steinen,Zweitstimmen,Volt,58,1.0869565217391304
08336087,"Todtnau, Stadt",Erststimmen,Volt,27,1.077414205905826
08336087,"Todtnau, Stadt",Zweitstimmen,Volt,18,0.718562874251497
08336089,Tunau,Erststimmen,Volt,0,0.0
08336089,Tunau,Zweitstimmen,Volt,1,1.1494252873563218
08336090,Utzenfeld,Erststimmen,Volt,2,0.5847953216374269
08336090,Utzenfeld,Zweitstimmen,Volt,3,0.8746355685131195
08336091,"Weil am Rhein, Stadt",Erststimmen,Volt,176,1.504402085648346
08336091,"Weil am Rhein, Stadt",Zweitstimmen,Volt,141,1.2012267848014992
08336094,Wembach,Erststimmen,Volt,0,0.0
08336094,Wembach,Zweitstimmen,Volt,0,0.0
08336096,Wieden,Erststimmen,Volt,3,0.8823529411764706
08336096,Wieden,Zweitstimmen,Volt,2,0.5865102639296188
08336100,Wittlingen,Erststimmen,Volt,11,2.0560747663551404
08336100,Wittlingen,Zweitstimmen,Volt,8,1.4925373134328357
08336103,"Zell im Wiesental, Stadt",Erststimmen,Volt,23,0.9105304829770388
08336103,"Zell im Wiesental, Stadt",Zweitstimmen,Volt,16,0.6334125098970704
08336105,Grenzach-Wyhlen,Erststimmen,Volt,105,1.7028867985728187
08336105,Grenzach-Wyhlen,Zweitstimmen,Volt,77,1.2491888384166125
08336106,Häg-Ehrsberg,Erststimmen,Volt,9,1.8255578093306288
08336106,Häg-Ehrsberg,Zweitstimmen,Volt,5,1.0162601626016259
08336107,Kleines Wiesental,Erststimmen,Volt,11,0.6662628709872804
08336107,Kleines Wiesental,Zweitstimmen,Volt,14,0.8469449485783425
08337002,Albbruck,Erststimmen,Volt,0,0.0
08337002,Albbruck,Zweitstimmen,Volt,43,1.155292853304675
08337030,Dettighofen,Erststimmen,Volt,0,0.0
08337030,Dettighofen,Zweitstimmen,Volt,8,1.4059753954305798
08337032,Dogern,Erststimmen,Volt,0,0.0
08337032,Dogern,Zweitstimmen,Volt,9,0.7377049180327869
08337038,Görwihl,Erststimmen,Volt,0,0.0
08337038,Görwihl,Zweitstimmen,Volt,14,0.5830903790087464
08337049,Herrischried,Erststimmen,Volt,0,0.0
08337049,Herrischried,Zweitstimmen,Volt,10,0.7390983000739099
08337053,Hohentengen am Hochrhein,Erststimmen,Volt,0,0.0
08337053,Hohentengen am Hochrhein,Zweitstimmen,Volt,12,0.6369426751592357
08337060,Jestetten,Erststimmen,Volt,0,0.0
08337060,Jestetten,Zweitstimmen,Volt,15,0.7197696737044146
08337062,Klettgau,Erststimmen,Volt,0,0.0
08337062,Klettgau,Zweitstimmen,Volt,42,1.1522633744855968
08337065,Lauchringen,Erststimmen,Volt,0,0.0
08337065,Lauchringen,Zweitstimmen,Volt,44,1.182477828540715
08337066,"Laufenburg (Baden), Stadt",Erststimmen,Volt,0,0.0
08337066,"Laufenburg (Baden), Stadt",Zweitstimmen,Volt,39,1.0441767068273093
08337070,Lottstetten,Erststimmen,Volt,0,0.0
08337070,Lottstetten,Zweitstimmen,Volt,6,0.6674082313681869
08337076,Murg,Erststimmen,Volt,0,0.0
08337076,Murg,Zweitstimmen,Volt,14,0.4384591293454432
08337090,Rickenbach,Erststimmen,Volt,0,0.0
08337090,Rickenbach,Zweitstimmen,Volt,14,0.6603773584905661
08337096,"Bad Säckingen, Stadt",Erststimmen,Volt,0,0.0
08337096,"Bad Säckingen, Stadt",Zweitstimmen,Volt,96,1.3390988980331986
08337106,"Stühlingen, Stadt",Erststimmen,Volt,0,0.0
08337106,"Stühlingen, Stadt",Zweitstimmen,Volt,13,0.45598035776920376
08337116,"Wehr, Stadt",Erststimmen,Volt,0,0.0
08337116,"Wehr, Stadt",Zweitstimmen,Volt,53,0.9751609935602576
08337118,Weilheim,Erststimmen,Volt,0,0.0
08337118,Weilheim,Zweitstimmen,Volt,17,0.8812856402280975
08337123,Wutöschingen,Erststimmen,Volt,0,0.0
08337123,Wutöschingen,Zweitstimmen,Volt,29,0.9142496847414879
08337124,Eggingen,Erststimmen,Volt,0,0.0
08337124,Eggingen,Zweitstimmen,Volt,7,0.7502679528403001
08337125,Küssaberg,Erststimmen,Volt,0,0.0
08337125,Küssaberg,Zweitstimmen,Volt,19,0.6704304869442484
08337126,"Waldshut-Tiengen, Stadt",Erststimmen,Volt,0,0.0
08337126,"Waldshut-Tiengen, Stadt",Zweitstimmen,Volt,86,0.904977375565611
08416006,Bodelshausen,Erststimmen,Volt,29,1.097653292959879
08416006,Bodelshausen,Zweitstimmen,Volt,18,0.683111954459203
08416009,Dettenhausen,Erststimmen,Volt,37,1.160966426106056
08416009,Dettenhausen,Zweitstimmen,Volt,24,0.7523510971786834
08416018,Hirrlingen,Erststimmen,Volt,26,1.489971346704871
08416018,Hirrlingen,Zweitstimmen,Volt,14,0.7972665148063782
08416025,"Mössingen, Stadt",Erststimmen,Volt,108,1.0323073982030204
08416025,"Mössingen, Stadt",Zweitstimmen,Volt,57,0.5437374797290851
08416031,Ofterdingen,Erststimmen,Volt,22,0.791651673263764
08416031,Ofterdingen,Zweitstimmen,Volt,17,0.6110711718188354
08416036,"Rottenburg am Neckar, Stadt",Erststimmen,Volt,233,1.0152947840864526
08416036,"Rottenburg am Neckar, Stadt",Zweitstimmen,Volt,127,0.5518619910485378
08416041,"Tübingen, Universitätsstadt",Erststimmen,Volt,947,1.8409439940903172
08416041,"Tübingen, Universitätsstadt",Zweitstimmen,Volt,520,1.0087880963004636
08416048,Ammerbuch,Erststimmen,Volt,75,1.119737234995521
08416048,Ammerbuch,Zweitstimmen,Volt,42,0.6256517205422315
08416049,Neustetten,Erststimmen,Volt,19,0.8945386064030132
08416049,Neustetten,Zweitstimmen,Volt,9,0.42213883677298314
08416050,Starzach,Erststimmen,Volt,40,1.5570260801868432
08416050,Starzach,Zweitstimmen,Volt,16,0.6196746707978312
08417002,"Balingen, Stadt",Erststimmen,Volt,266,1.520086862106406
08417002,"Balingen, Stadt",Zweitstimmen,Volt,124,0.706271003018739
08417008,Bisingen,Erststimmen,Volt,95,1.934432905721849
08417008,Bisingen,Zweitstimmen,Volt,41,0.8302956662616444
08417010,Bitz,Erststimmen,Volt,32,1.5865146256817053
08417010,Bitz,Zweitstimmen,Volt,6,0.2960039467192896
08417014,Dautmergen,Erststimmen,Volt,1,0.38910505836575876
08417014,Dautmergen,Zweitstimmen,Volt,0,0.0
08417015,Dormettingen,Erststimmen,Volt,7,1.1965811965811968
08417015,Dormettingen,Zweitstimmen,Volt,0,0.0
08417016,Dotternhausen,Erststimmen,Volt,12,1.1225444340505144
08417016,Dotternhausen,Zweitstimmen,Volt,7,0.6529850746268656
08417022,"Geislingen, Stadt",Erststimmen,Volt,58,1.7256768818803927
08417022,"Geislingen, Stadt",Zweitstimmen,Volt,20,0.5924170616113744
08417023,Grosselfingen,Erststimmen,Volt,19,1.6754850088183422
08417023,Grosselfingen,Zweitstimmen,Volt,9,0.79155672823219
08417025,"Haigerloch, Stadt",Erststimmen,Volt,68,1.201838105337575
08417025,"Haigerloch, Stadt",Zweitstimmen,Volt,49,0.8604038630377524
08417029,Hausen am Tann,Erststimmen,Volt,2,0.7722007722007722
08417029,Hausen am Tann,Zweitstimmen,Volt,1,0.38314176245210724
08417044,"Meßstetten, Stadt",Erststimmen,Volt,56,1.0143090019923928
08417044,"Meßstetten, Stadt",Zweitstimmen,Volt,15,0.2706115821757171
08417045,Nusplingen,Erststimmen,Volt,4,0.4024144869215292
08417045,Nusplingen,Zweitstimmen,Volt,1,0.1002004008016032
08417047,Obernheim,Erststimmen,Volt,11,1.2895662368112544
08417047,Obernheim,Zweitstimmen,Volt,4,0.46783625730994155
08417051,Rangendingen,Erststimmen,Volt,42,1.4736842105263157
08417051,Rangendingen,Zweitstimmen,Volt,8,0.2794271742927
08417052,Ratshausen,Erststimmen,Volt,8,1.7817371937639197
08417052,Ratshausen,Zweitstimmen,Volt,5,1.1061946902654867
08417054,"Rosenfeld, Stadt",Erststimmen,Volt,50,1.4459224985540775
08417054,"Rosenfeld, Stadt",Zweitstimmen,Volt,25,0.7171543316121629
08417057,"Schömberg, Stadt",Erststimmen,Volt,23,1.0464058234758873
08417057,"Schömberg, Stadt",Zweitstimmen,Volt,10,0.45351473922902497
08417063,Straßberg,Erststimmen,Volt,10,0.6993006993006993
08417063,Straßberg,Zweitstimmen,Volt,3,0.20935101186322402
08417071,Weilen unter den Rinnen,Erststimmen,Volt,6,1.6
08417071,Weilen unter den Rinnen,Zweitstimmen,Volt,3,0.8042895442359249
08417075,Winterlingen,Erststimmen,Volt,32,0.9644364074743821
08417075,Winterlingen,Zweitstimmen,Volt,12,0.36014405762304924
08417078,Zimmern unter der Burg,Erststimmen,Volt,3,1.056338028169014
08417078,Zimmern unter der Burg,Zweitstimmen,Volt,1,0.34965034965034963
08417079,"Albstadt, Stadt",Erststimmen,Volt,251,1.340955230259643
08417079,"Albstadt, Stadt",Zweitstimmen,Volt,94,0.4997076178831535
08425002,Allmendingen,Erststimmen,Volt,0,0.0
08425002,Allmendingen,Zweitstimmen,Volt,5,0.1867762420620097
08425004,Altheim,Erststimmen,Volt,0,0.0
08425004,Altheim,Zweitstimmen,Volt,1,0.36363636363636365
08425005,Altheim (Alb),Erststimmen,Volt,0,0.0
08425005,Altheim (Alb),Zweitstimmen,Volt,2,0.1926782273603083
08425008,Amstetten,Erststimmen,Volt,0,0.0
08425008,Amstetten,Zweitstimmen,Volt,2,0.09066183136899365
08425011,Asselfingen,Erststimmen,Volt,0,0.0
08425011,Asselfingen,Zweitstimmen,Volt,1,0.18867924528301888
08425013,Ballendorf,Erststimmen,Volt,0,0.0
08425013,Ballendorf,Zweitstimmen,Volt,3,0.9868421052631579
08425014,Beimerstetten,Erststimmen,Volt,0,0.0
08425014,Beimerstetten,Zweitstimmen,Volt,11,0.7773851590106008
08425017,Berghülen,Erststimmen,Volt,0,0.0
08425017,Berghülen,Zweitstimmen,Volt,8,0.6509357200976403
08425019,Bernstadt,Erststimmen,Volt,0,0.0
08425019,Bernstadt,Zweitstimmen,Volt,3,0.21739130434782608
08425020,"Blaubeuren, Stadt",Erststimmen,Volt,0,0.0
08425020,"Blaubeuren, Stadt",Zweitstimmen,Volt,39,0.6469807564698076
08425022,Börslingen,Erststimmen,Volt,0,0.0
08425022,Börslingen,Zweitstimmen,Volt,0,0.0
08425024,Breitingen,Erststimmen,Volt,0,0.0
08425024,Breitingen,Zweitstimmen,Volt,3,2.112676056338028
08425031,Dornstadt,Erststimmen,Volt,0,0.0
08425031,Dornstadt,Zweitstimmen,Volt,32,0.6546644844517185
08425033,"Ehingen (Donau), Stadt",Erststimmen,Volt,0,0.0
08425033,"Ehingen (Donau), Stadt",Zweitstimmen,Volt,48,0.3714882749013234
08425035,Emeringen,Erststimmen,Volt,0,0.0
08425035,Emeringen,Zweitstimmen,Volt,0,0.0
08425036,Emerkingen,Erststimmen,Volt,0,0.0
08425036,Emerkingen,Zweitstimmen,Volt,1,0.26246719160104987
08425050,Griesingen,Erststimmen,Volt,0,0.0
08425050,Griesingen,Zweitstimmen,Volt,0,0.0
08425052,Grundsheim,Erststimmen,Volt,0,0.0
08425052,Grundsheim,Zweitstimmen,Volt,0,0.0
08425055,Hausen am Bussen,Erststimmen,Volt,0,0.0
08425055,Hausen am Bussen,Zweitstimmen,Volt,0,0.0
08425062,Holzkirch,Erststimmen,Volt,0,0.0
08425062,Holzkirch,Zweitstimmen,Volt,0,0.0
08425071,"Laichingen, Stadt",Erststimmen,Volt,0,0.0
08425071,"Laichingen, Stadt",Zweitstimmen,Volt,35,0.5923168048739211
08425072,"Langenau, Stadt",Erststimmen,Volt,0,0.0
08425072,"Langenau, Stadt",Zweitstimmen,Volt,63,0.7793171697179614
08425073,Lauterach,Erststimmen,Volt,0,0.0
08425073,Lauterach,Zweitstimmen,Volt,1,0.37174721189591076
08425075,Lonsee,Erststimmen,Volt,0,0.0
08425075,Lonsee,Zweitstimmen,Volt,20,0.7199424046076314
08425079,Merklingen,Erststimmen,Volt,0,0.0
08425079,Merklingen,Zweitstimmen,Volt,4,0.3325020781379884
08425081,"Munderkingen, Stadt",Erststimmen,Volt,0,0.0
08425081,"Munderkingen, Stadt",Zweitstimmen,Volt,8,0.3524229074889868
08425083,Neenstetten,Erststimmen,Volt,0,0.0
08425083,Neenstetten,Zweitstimmen,Volt,0,0.0
08425084,Nellingen,Erststimmen,Volt,0,0.0
08425084,Nellingen,Zweitstimmen,Volt,4,0.30721966205837176
08425085,Nerenstetten,Erststimmen,Volt,0,0.0
08425085,Nerenstetten,Zweitstimmen,Volt,0,0.0
08425088,Oberdischingen,Erststimmen,Volt,0,0.0
08425088,Oberdischingen,Zweitstimmen,Volt,4,0.3115264797507788
08425090,Obermarchtal,Erststimmen,Volt,0,0.0
08425090,Obermarchtal,Zweitstimmen,Volt,2,0.2472187886279357
08425091,Oberstadion,Erststimmen,Volt,0,0.0
08425091,Oberstadion,Zweitstimmen,Volt,6,0.5923000987166831
08425092,Öllingen,Erststimmen,Volt,0,0.0
08425092,Öllingen,Zweitstimmen,Volt,3,1.2195121951219512
08425093,Öpfingen,Erststimmen,Volt,0,0.0
08425093,Öpfingen,Zweitstimmen,Volt,5,0.3968253968253968
08425097,Rammingen,Erststimmen,Volt,0,0.0
08425097,Rammingen,Zweitstimmen,Volt,1,0.13089005235602094
08425098,Rechtenstein,Erststimmen,Volt,0,0.0
08425098,Rechtenstein,Zweitstimmen,Volt,0,0.0
08425104,Rottenacker,Erststimmen,Volt,0,0.0
08425104,Rottenacker,Zweitstimmen,Volt,1,0.08196721311475409
08425108,"Schelklingen, Stadt",Erststimmen,Volt,0,0.0
08425108,"Schelklingen, Stadt",Zweitstimmen,Volt,10,0.2931691586045148
08425112,Setzingen,Erststimmen,Volt,0,0.0
08425112,Setzingen,Zweitstimmen,Volt,3,0.8797653958944283
08425123,Untermarchtal,Erststimmen,Volt,0,0.0
08425123,Untermarchtal,Zweitstimmen,Volt,0,0.0
08425124,Unterstadion,Erststimmen,Volt,0,0.0
08425124,Unterstadion,Zweitstimmen,Volt,1,0.22471910112359553
08425125,Unterwachingen,Erststimmen,Volt,0,0.0
08425125,Unterwachingen,Zweitstimmen,Volt,0,0.0
08425130,Weidenstetten,Erststimmen,Volt,0,0.0
08425130,Weidenstetten,Zweitstimmen,Volt,1,0.11848341232227488
08425134,Westerheim,Erststimmen,Volt,0,0.0
08425134,Westerheim,Zweitstimmen,Volt,12,0.641025641025641
08425135,Westerstetten,Erststimmen,Volt,0,0.0
08425135,Westerstetten,Zweitstimmen,Volt,6,0.4518072289156626
08425139,Heroldstatt,Erststimmen,Volt,0,0.0
08425139,Heroldstatt,Zweitstimmen,Volt,4,0.23121387283236997
08426001,Achstetten,Erststimmen,Volt,32,1.0814464346062858
08426001,Achstetten,Zweitstimmen,Volt,14,0.47393364928909953
08426005,Alleshausen,Erststimmen,Volt,5,1.7361111111111112
08426005,Alleshausen,Zweitstimmen,Volt,1,0.34965034965034963
08426006,Allmannsweiler,Erststimmen,Volt,0,0.0
08426006,Allmannsweiler,Zweitstimmen,Volt,0,0.0
08426008,Altheim,Erststimmen,Volt,12,0.93603744149766
08426008,Altheim,Zweitstimmen,Volt,6,0.468384074941452
08426011,Attenweiler,Erststimmen,Volt,20,1.6433853738701727
08426011,Attenweiler,Zweitstimmen,Volt,8,0.6562756357670222
08426013,"Bad Buchau, Stadt",Erststimmen,Volt,38,1.411589895988113
08426013,"Bad Buchau, Stadt",Zweitstimmen,Volt,22,0.8121077888519748
08426014,"Bad Schussenried, Stadt",Erststimmen,Volt,54,1.2379642365887207
08426014,"Bad Schussenried, Stadt",Zweitstimmen,Volt,33,0.756360302544121
08426020,Betzenweiler,Erststimmen,Volt,2,0.6493506493506493
08426020,Betzenweiler,Zweitstimmen,Volt,1,0.32573289902280134
08426021,"Biberach an der Riß, Stadt",Erststimmen,Volt,197,1.2144750631896923
08426021,"Biberach an der Riß, Stadt",Zweitstimmen,Volt,133,0.8192682025378835
08426028,Burgrieden,Erststimmen,Volt,25,1.0757314974182444
08426028,Burgrieden,Zweitstimmen,Volt,18,0.7718696397941681
08426035,Dürmentingen,Erststimmen,Volt,19,1.280323450134771
08426035,Dürmentingen,Zweitstimmen,Volt,15,1.0135135135135136
08426036,Dürnau,Erststimmen,Volt,1,0.5025125628140703
08426036,Dürnau,Zweitstimmen,Volt,0,0.0
08426038,Eberhardzell,Erststimmen,Volt,15,0.5574136008918618
08426038,Eberhardzell,Zweitstimmen,Volt,9,0.33519553072625696
08426043,Erlenmoos,Erststimmen,Volt,7,0.6505576208178439
08426043,Erlenmoos,Zweitstimmen,Volt,9,0.8379888268156425
08426045,Ertingen,Erststimmen,Volt,22,0.722495894909688
08426045,Ertingen,Zweitstimmen,Volt,12,0.39460703715882933
08426058,Hochdorf,Erststimmen,Volt,8,0.5513439007580978
08426058,Hochdorf,Zweitstimmen,Volt,7,0.4830917874396135
08426062,Ingoldingen,Erststimmen,Volt,13,0.688924218335983
08426062,Ingoldingen,Zweitstimmen,Volt,10,0.5299417064122947
08426064,Kanzach,Erststimmen,Volt,3,1.2244897959183674
08426064,Kanzach,Zweitstimmen,Volt,3,1.2244897959183674
08426067,Langenenslingen,Erststimmen,Volt,15,0.7299270072992701
08426067,Langenenslingen,Zweitstimmen,Volt,4,0.1941747572815534
08426070,"Laupheim, Stadt",Erststimmen,Volt,120,1.0807889759524454
08426070,"Laupheim, Stadt",Zweitstimmen,Volt,62,0.5577545879812882
08426071,Maselheim,Erststimmen,Volt,23,0.8725341426403642
08426071,Maselheim,Zweitstimmen,Volt,17,0.6451612903225806
08426073,Mietingen,Erststimmen,Volt,22,0.7599309153713298
08426073,Mietingen,Zweitstimmen,Volt,11,0.3799654576856649
08426074,Mittelbiberach,Erststimmen,Volt,27,1.0452961672473868
08426074,Mittelbiberach,Zweitstimmen,Volt,22,0.8487654320987654
08426078,Moosburg,Erststimmen,Volt,2,1.5267175572519083
08426078,Moosburg,Zweitstimmen,Volt,0,0.0
08426087,"Ochsenhausen, Stadt",Erststimmen,Volt,36,0.7941760423560555
08426087,"Ochsenhausen, Stadt",Zweitstimmen,Volt,26,0.572309046885318
08426090,Oggelshausen,Erststimmen,Volt,2,0.6349206349206349
08426090,Oggelshausen,Zweitstimmen,Volt,2,0.6329113924050633
08426097,"Riedlingen, Stadt",Erststimmen,Volt,46,0.8680883185506699
08426097,"Riedlingen, Stadt",Zweitstimmen,Volt,33,0.6234649537124504
08426108,Schwendi,Erststimmen,Volt,37,0.9903640256959315
08426108,Schwendi,Zweitstimmen,Volt,31,0.8295424137008296
08426109,Seekirch,Erststimmen,Volt,4,2.877697841726619
08426109,Seekirch,Zweitstimmen,Volt,2,1.4388489208633095
08426113,Steinhausen an der Rottum,Erststimmen,Volt,10,0.7479431563201197
08426113,Steinhausen an der Rottum,Zweitstimmen,Volt,7,0.5227781926811054
08426118,Tiefenbach,Erststimmen,Volt,3,1.3574660633484164
08426118,Tiefenbach,Zweitstimmen,Volt,1,0.45045045045045046
08426120,Ummendorf,Erststimmen,Volt,21,0.8209538702111024
08426120,Ummendorf,Zweitstimmen,Volt,22,0.8597108245408362
08426121,Unlingen,Erststimmen,Volt,25,1.6937669376693765
08426121,Unlingen,Zweitstimmen,Volt,9,0.6072874493927125
08426124,Uttenweiler,Erststimmen,Volt,59,2.6025584472871635
08426124,Uttenweiler,Zweitstimmen,Volt,21,0.9267431597528684
08426125,Wain,Erststimmen,Volt,4,0.45558086560364464
08426125,Wain,Zweitstimmen,Volt,3,0.3401360544217687
08426128,Warthausen,Erststimmen,Volt,37,1.2780656303972366
08426128,Warthausen,Zweitstimmen,Volt,25,0.8647526807333102
08426134,Schemmerhofen,Erststimmen,Volt,38,0.7474429583005507
08426134,Schemmerhofen,Zweitstimmen,Volt,29,0.5695208169677927
08426135,Gutenzell-Hürbel,Erststimmen,Volt,10,0.864304235090752
08426135,Gutenzell-Hürbel,Zweitstimmen,Volt,5,0.4317789291882556
08435005,Bermatingen,Erststimmen,Volt,32,1.3937282229965158
08435005,Bermatingen,Zweitstimmen,Volt,21,0.9122502172024326
08435010,Daisendorf,Erststimmen,Volt,10,1.0976948408342482
08435010,Daisendorf,Zweitstimmen,Volt,5,0.5452562704471101
08435013,Eriskirch,Erststimmen,Volt,37,1.4380101049358724
08435013,Eriskirch,Zweitstimmen,Volt,22,0.8540372670807453
08435015,Frickingen,Erststimmen,Volt,19,1.0209564750134337
08435015,Frickingen,Zweitstimmen,Volt,9,0.482315112540193
08435016,"Friedrichshafen, Stadt",Erststimmen,Volt,429,1.6503808571208742
08435016,"Friedrichshafen, Stadt",Zweitstimmen,Volt,219,0.8395951541174667
08435018,Hagnau am Bodensee,Erststimmen,Volt,11,1.3301088270858523
08435018,Hagnau am Bodensee,Zweitstimmen,Volt,12,1.4423076923076923
08435020,Heiligenberg,Erststimmen,Volt,33,1.9549763033175356
08435020,Heiligenberg,Zweitstimmen,Volt,14,0.823529411764706
08435024,Immenstaad am Bodensee,Erststimmen,Volt,45,1.291248206599713
08435024,Immenstaad am Bodensee,Zweitstimmen,Volt,35,1.001717229536348
08435029,Kressbronn am Bodensee,Erststimmen,Volt,55,1.1571638964864297
08435029,Kressbronn am Bodensee,Zweitstimmen,Volt,38,0.7973143096936635
08435030,Langenargen,Erststimmen,Volt,67,1.4872364039955606
08435030,Langenargen,Zweitstimmen,Volt,46,1.019729549988916
08435034,"Markdorf, Stadt",Erststimmen,Volt,115,1.5678254942058625
08435034,"Markdorf, Stadt",Zweitstimmen,Volt,81,1.101741022850925
08435036,"Meersburg, Stadt",Erststimmen,Volt,41,1.3562686073436983
08435036,"Meersburg, Stadt",Zweitstimmen,Volt,37,1.2223323422530559
08435045,Oberteuringen,Erststimmen,Volt,22,0.818452380952381
08435045,Oberteuringen,Zweitstimmen,Volt,14,0.5192878338278931
08435047,Owingen,Erststimmen,Volt,40,1.6253555465258025
08435047,Owingen,Zweitstimmen,Volt,21,0.8481421647819063
08435052,Salem,Erststimmen,Volt,101,1.5058893693156403
08435052,Salem,Zweitstimmen,Volt,55,0.8186960404882405
08435053,Sipplingen,Erststimmen,Volt,22,1.8166804293971925
08435053,Sipplingen,Zweitstimmen,Volt,20,1.6515276630883566
08435054,Stetten,Erststimmen,Volt,5,0.8665511265164645
08435054,Stetten,Zweitstimmen,Volt,6,1.0362694300518136
08435059,"Überlingen, Stadt",Erststimmen,Volt,173,1.4246891213044552
08435059,"Überlingen, Stadt",Zweitstimmen,Volt,124,1.018062397372742
08435066,Uhldingen-Mühlhofen,Erststimmen,Volt,66,1.550387596899225
08435066,Uhldingen-Mühlhofen,Zweitstimmen,Volt,44,1.0302036993678294
08435067,Deggenhausertal,Erststimmen,Volt,41,1.6015624999999998
08435067,Deggenhausertal,Zweitstimmen,Volt,22,0.8583690987124464
08437005,Beuron,Erststimmen,Volt,3,0.7653061224489796
08437005,Beuron,Zweitstimmen,Volt,4,1.015228426395939
08437008,Bingen,Erststimmen,Volt,10,0.6361323155216284
08437008,Bingen,Zweitstimmen,Volt,4,0.25252525252525254
08437031,"Gammertingen, Stadt",Erststimmen,Volt,25,0.7926442612555484
08437031,"Gammertingen, Stadt",Zweitstimmen,Volt,8,0.25348542458808615
08437044,Herbertingen,Erststimmen,Volt,30,1.1337868480725624
08437044,Herbertingen,Zweitstimmen,Volt,22,0.8245877061469266
08437047,"Hettingen, Stadt",Erststimmen,Volt,7,0.5887300252312868
08437047,"Hettingen, Stadt",Zweitstimmen,Volt,1,0.08431703204047217
08437053,Hohentengen,Erststimmen,Volt,15,0.6124948958758677
08437053,Hohentengen,Zweitstimmen,Volt,12,0.487012987012987
08437056,Illmensee,Erststimmen,Volt,19,1.5422077922077921
08437056,Illmensee,Zweitstimmen,Volt,8,0.6467259498787389
08437059,Inzigkofen,Erststimmen,Volt,13,0.7505773672055427
08437059,Inzigkofen,Zweitstimmen,Volt,14,0.805523590333717
08437065,Krauchenwies,Erststimmen,Volt,22,0.8169327887114741
08437065,Krauchenwies,Zweitstimmen,Volt,11,0.4074074074074074
08437072,Leibertingen,Erststimmen,Volt,10,0.6978367062107467
08437072,Leibertingen,Zweitstimmen,Volt,5,0.34843205574912894
08437076,"Mengen, Stadt",Erststimmen,Volt,46,0.9405029646289103
08437076,"Mengen, Stadt",Zweitstimmen,Volt,25,0.5081300813008129
08437078,"Meßkirch, Stadt",Erststimmen,Volt,41,0.9910563210055595
08437078,"Meßkirch, Stadt",Zweitstimmen,Volt,21,0.5082284607938045
08437082,Neufra,Erststimmen,Volt,7,0.6802721088435374
08437082,Neufra,Zweitstimmen,Volt,4,0.3861003861003861
08437086,Ostrach,Erststimmen,Volt,49,1.2674599068804966
08437086,Ostrach,Zweitstimmen,Volt,25,0.6454944487477408
08437088,"Pfullendorf, Stadt",Erststimmen,Volt,109,1.9186762893856715
08437088,"Pfullendorf, Stadt",Zweitstimmen,Volt,48,0.8426966292134831
08437100,"Bad Saulgau, Stadt",Erststimmen,Volt,92,1.045811071956349
08437100,"Bad Saulgau, Stadt",Zweitstimmen,Volt,49,0.5565019875070982
08437101,"Scheer, Stadt",Erststimmen,Volt,15,1.1709601873536302
08437101,"Scheer, Stadt",Zweitstimmen,Volt,5,0.3909304143862392
08437102,Schwenningen,Erststimmen,Volt,6,0.5976095617529881
08437102,Schwenningen,Zweitstimmen,Volt,4,0.3972194637537239
08437104,"Sigmaringen, Stadt",Erststimmen,Volt,75,0.9798798014110269
08437104,"Sigmaringen, Stadt",Zweitstimmen,Volt,42,0.5466614603670441
08437105,Sigmaringendorf,Erststimmen,Volt,7,0.35915854284248333
08437105,Sigmaringendorf,Zweitstimmen,Volt,6,0.3059663437021928
08437107,Stetten am kalten Markt,Erststimmen,Volt,34,1.2486228424531767
08437107,Stetten am kalten Markt,Zweitstimmen,Volt,16,0.5850091407678245
08437114,"Veringenstadt, Stadt",Erststimmen,Volt,5,0.4251700680272109
08437114,"Veringenstadt, Stadt",Zweitstimmen,Volt,4,0.3421727972626176
08437118,Wald,Erststimmen,Volt,19,1.1964735516372795
08437118,Wald,Zweitstimmen,Volt,8,0.5034612964128383
08437123,Sauldorf,Erststimmen,Volt,11,0.6909547738693468
08437123,Sauldorf,Zweitstimmen,Volt,9,0.5639097744360901
08437124,Herdwangen-Schönach,Erststimmen,Volt,65,3.38365434669443
08437124,Herdwangen-Schönach,Zweitstimmen,Volt,25,1.3014055179593962
08121000,"Heilbronn, Universitätsstadt",Erststimmen,Werteunion,0,0.0
08121000,"Heilbronn, Universitätsstadt",Zweitstimmen,Werteunion,90,0.19889063225122094
08125030,Flein,Erststimmen,Werteunion,0,0.0
08125030,Flein,Zweitstimmen,Werteunion,11,0.26750972762645914
08125058,"Leingarten, Stadt",Erststimmen,Werteunion,0,0.0
08125058,"Leingarten, Stadt",Zweitstimmen,Werteunion,12,0.2067895915905566
08125074,Nordheim,Erststimmen,Werteunion,0,0.0
08125074,Nordheim,Zweitstimmen,Werteunion,18,0.39612676056338025
08125094,Talheim,Erststimmen,Werteunion,0,0.0
08125094,Talheim,Zweitstimmen,Werteunion,5,0.17439832577607256
08126011,Bretzfeld,Erststimmen,Werteunion,0,0.0
08126011,Bretzfeld,Zweitstimmen,Werteunion,56,0.8209939891511508
08126020,Dörzbach,Erststimmen,Werteunion,0,0.0
08126020,Dörzbach,Zweitstimmen,Werteunion,5,0.3541076487252125
08126028,"Forchtenberg, Stadt",Erststimmen,Werteunion,0,0.0
08126028,"Forchtenberg, Stadt",Zweitstimmen,Werteunion,8,0.2872531418312388
08126039,"Ingelfingen, Stadt",Erststimmen,Werteunion,0,0.0
08126039,"Ingelfingen, Stadt",Zweitstimmen,Werteunion,10,0.33344448149383127
08126045,"Krautheim, Stadt",Erststimmen,Werteunion,0,0.0
08126045,"Krautheim, Stadt",Zweitstimmen,Werteunion,5,0.20533880903490762
08126046,"Künzelsau, Stadt",Erststimmen,Werteunion,0,0.0
08126046,"Künzelsau, Stadt",Zweitstimmen,Werteunion,13,0.18335684062059238
08126047,Kupferzell,Erststimmen,Werteunion,0,0.0
08126047,Kupferzell,Zweitstimmen,Werteunion,8,0.24002400240024005
08126056,Mulfingen,Erststimmen,Werteunion,0,0.0
08126056,Mulfingen,Zweitstimmen,Werteunion,4,0.1735357917570499
08126058,"Neuenstein, Stadt",Erststimmen,Werteunion,0,0.0
08126058,"Neuenstein, Stadt",Zweitstimmen,Werteunion,12,0.3474232773595831
08126060,"Niedernhall, Stadt",Erststimmen,Werteunion,0,0.0
08126060,"Niedernhall, Stadt",Zweitstimmen,Werteunion,3,0.15151515151515152
08126066,"Öhringen, Stadt",Erststimmen,Werteunion,0,0.0
08126066,"Öhringen, Stadt",Zweitstimmen,Werteunion,27,0.23476219459177464
08126069,Pfedelbach,Erststimmen,Werteunion,0,0.0
08126069,Pfedelbach,Zweitstimmen,Werteunion,20,0.40040040040040037
08126072,Schöntal,Erststimmen,Werteunion,0,0.0
08126072,Schöntal,Zweitstimmen,Werteunion,11,0.3158196956646569
08126085,"Waldenburg, Stadt",Erststimmen,Werteunion,0,0.0
08126085,"Waldenburg, Stadt",Zweitstimmen,Werteunion,7,0.4342431761786601
08126086,Weißbach,Erststimmen,Werteunion,0,0.0
08126086,Weißbach,Zweitstimmen,Werteunion,1,0.11918951132300357
08126094,Zweiflingen,Erststimmen,Werteunion,0,0.0
08126094,Zweiflingen,Zweitstimmen,Werteunion,3,0.28355387523629494
08127008,Blaufelden,Erststimmen,Werteunion,0,0.0
08127008,Blaufelden,Zweitstimmen,Werteunion,5,0.18181818181818182
08127009,Braunsbach,Erststimmen,Werteunion,0,0.0
08127009,Braunsbach,Zweitstimmen,Werteunion,1,0.06609385327164573
08127012,Bühlertann,Erststimmen,Werteunion,0,0.0
08127012,Bühlertann,Zweitstimmen,Werteunion,3,0.18028846153846154
08127013,Bühlerzell,Erststimmen,Werteunion,0,0.0
08127013,Bühlerzell,Zweitstimmen,Werteunion,1,0.07639419404125286
08127014,"Crailsheim, Stadt",Erststimmen,Werteunion,0,0.0
08127014,"Crailsheim, Stadt",Zweitstimmen,Werteunion,17,0.13164008053275514
08127023,Fichtenberg,Erststimmen,Werteunion,0,0.0
08127023,Fichtenberg,Zweitstimmen,Werteunion,7,0.43156596794081376
08127025,"Gaildorf, Stadt",Erststimmen,Werteunion,0,0.0
08127025,"Gaildorf, Stadt",Zweitstimmen,Werteunion,14,0.2701659590891548
08127032,"Gerabronn, Stadt",Erststimmen,Werteunion,0,0.0
08127032,"Gerabronn, Stadt",Zweitstimmen,Werteunion,2,0.0970873786407767
08127043,"Ilshofen, Stadt",Erststimmen,Werteunion,0,0.0
08127043,"Ilshofen, Stadt",Zweitstimmen,Werteunion,7,0.20765351527736575
08127046,"Kirchberg an der Jagst, Stadt",Erststimmen,Werteunion,0,0.0
08127046,"Kirchberg an der Jagst, Stadt",Zweitstimmen,Werteunion,4,0.18544274455261936
08127047,"Langenburg, Stadt",Erststimmen,Werteunion,0,0.0
08127047,"Langenburg, Stadt",Zweitstimmen,Werteunion,5,0.4955401387512388
08127052,Mainhardt,Erststimmen,Werteunion,0,0.0
08127052,Mainhardt,Zweitstimmen,Werteunion,7,0.21691973969631237
08127056,Michelbach an der Bilz,Erststimmen,Werteunion,0,0.0
08127056,Michelbach an der Bilz,Zweitstimmen,Werteunion,4,0.19880715705765406
08127059,Michelfeld,Erststimmen,Werteunion,0,0.0
08127059,Michelfeld,Zweitstimmen,Werteunion,7,0.3246753246753247
08127062,Oberrot,Erststimmen,Werteunion,0,0.0
08127062,Oberrot,Zweitstimmen,Werteunion,11,0.6138392857142857
08127063,Obersontheim,Erststimmen,Werteunion,0,0.0
08127063,Obersontheim,Zweitstimmen,Werteunion,7,0.2550091074681239
08127071,Rot am See,Erststimmen,Werteunion,0,0.0
08127071,Rot am See,Zweitstimmen,Werteunion,2,0.0675219446320054
08127073,Satteldorf,Erststimmen,Werteunion,0,0.0
08127073,Satteldorf,Zweitstimmen,Werteunion,3,0.10474860335195531
08127075,"Schrozberg, Stadt",Erststimmen,Werteunion,0,0.0
08127075,"Schrozberg, Stadt",Zweitstimmen,Werteunion,1,0.03485535029627048
08127076,"Schwäbisch Hall, Stadt",Erststimmen,Werteunion,0,0.0
08127076,"Schwäbisch Hall, Stadt",Zweitstimmen,Werteunion,41,0.20260921130658233
08127079,Sulzbach-Laufen,Erststimmen,Werteunion,0,0.0
08127079,Sulzbach-Laufen,Zweitstimmen,Werteunion,7,0.501432664756447
08127086,Untermünkheim,Erststimmen,Werteunion,0,0.0
08127086,Untermünkheim,Zweitstimmen,Werteunion,10,0.5488474204171241
08127089,"Vellberg, Stadt",Erststimmen,Werteunion,0,0.0
08127089,"Vellberg, Stadt",Zweitstimmen,Werteunion,6,0.23382696804364772
08127091,Wallhausen,Erststimmen,Werteunion,0,0.0
08127091,Wallhausen,Zweitstimmen,Werteunion,5,0.26666666666666666
08127099,Wolpertshausen,Erststimmen,Werteunion,0,0.0
08127099,Wolpertshausen,Zweitstimmen,Werteunion,2,0.16380016380016382
08127100,Rosengarten,Erststimmen,Werteunion,0,0.0
08127100,Rosengarten,Zweitstimmen,Werteunion,4,0.13764624913971094
08127101,Kreßberg,Erststimmen,Werteunion,0,0.0
08127101,Kreßberg,Zweitstimmen,Werteunion,4,0.19065776930409914
08127102,Fichtenau,Erststimmen,Werteunion,0,0.0
08127102,Fichtenau,Zweitstimmen,Werteunion,1,0.04440497335701599
08127103,Frankenhardt,Erststimmen,Werteunion,0,0.0
08127103,Frankenhardt,Zweitstimmen,Werteunion,5,0.17780938833570412
08127104,Stimpfach,Erststimmen,Werteunion,0,0.0
08127104,Stimpfach,Zweitstimmen,Werteunion,2,0.11968880909634949
08128006,Assamstadt,Erststimmen,Werteunion,0,0.0
08128006,Assamstadt,Zweitstimmen,Werteunion,5,0.3676470588235294
08128007,"Bad Mergentheim, Stadt",Erststimmen,Werteunion,0,0.0
08128007,"Bad Mergentheim, Stadt",Zweitstimmen,Werteunion,17,0.15104398045313194
08128014,"Boxberg, Stadt",Erststimmen,Werteunion,0,0.0
08128014,"Boxberg, Stadt",Zweitstimmen,Werteunion,11,0.28765690376569036
08128020,"Creglingen, Stadt",Erststimmen,Werteunion,0,0.0
08128020,"Creglingen, Stadt",Zweitstimmen,Werteunion,3,0.11194029850746269
08128039,"Freudenberg, Stadt",Erststimmen,Werteunion,0,0.0
08128039,"Freudenberg, Stadt",Zweitstimmen,Werteunion,5,0.26455026455026454
08128045,Großrinderfeld,Erststimmen,Werteunion,0,0.0
08128045,Großrinderfeld,Zweitstimmen,Werteunion,4,0.16884761502743773
08128047,"Grünsfeld, Stadt",Erststimmen,Werteunion,0,0.0
08128047,"Grünsfeld, Stadt",Zweitstimmen,Werteunion,4,0.18527095877721167
08128058,Igersheim,Erststimmen,Werteunion,0,0.0
08128058,Igersheim,Zweitstimmen,Werteunion,4,0.13016596160104132
08128061,Königheim,Erststimmen,Werteunion,0,0.0
08128061,Königheim,Zweitstimmen,Werteunion,4,0.21085925144965736
08128064,"Külsheim, Stadt",Erststimmen,Werteunion,0,0.0
08128064,"Külsheim, Stadt",Zweitstimmen,Werteunion,6,0.1962066710268149
08128082,"Niederstetten, Stadt",Erststimmen,Werteunion,0,0.0
08128082,"Niederstetten, Stadt",Zweitstimmen,Werteunion,6,0.19887305270135897
08128115,"Tauberbischofsheim, Stadt",Erststimmen,Werteunion,0,0.0
08128115,"Tauberbischofsheim, Stadt",Zweitstimmen,Werteunion,15,0.22163120567375888
08128126,"Weikersheim, Stadt",Erststimmen,Werteunion,0,0.0
08128126,"Weikersheim, Stadt",Zweitstimmen,Werteunion,6,0.1341381623071764
08128128,Werbach,Erststimmen,Werteunion,0,0.0
08128128,Werbach,Zweitstimmen,Werteunion,2,0.10319917440660474
08128131,"Wertheim, Stadt",Erststimmen,Werteunion,0,0.0
08128131,"Wertheim, Stadt",Zweitstimmen,Werteunion,21,0.19696117051209902
08128137,Wittighausen,Erststimmen,Werteunion,0,0.0
08128137,Wittighausen,Zweitstimmen,Werteunion,0,0.0
08128138,Ahorn,Erststimmen,Werteunion,0,0.0
08128138,Ahorn,Zweitstimmen,Werteunion,2,0.14064697609001406
08128139,"Lauda-Königshofen, Stadt",Erststimmen,Werteunion,0,0.0
08128139,"Lauda-Königshofen, Stadt",Zweitstimmen,Werteunion,9,0.12178619756427606
08135010,Dischingen,Erststimmen,Werteunion,0,0.0
08135010,Dischingen,Zweitstimmen,Werteunion,6,0.24203307785397335
08135015,Gerstetten,Erststimmen,Werteunion,0,0.0
08135015,Gerstetten,Zweitstimmen,Werteunion,9,0.14254038644282546
08135016,"Giengen an der Brenz, Stadt",Erststimmen,Werteunion,0,0.0
08135016,"Giengen an der Brenz, Stadt",Zweitstimmen,Werteunion,9,0.11639937920331091
08135019,"Heidenheim an der Brenz, Stadt",Erststimmen,Werteunion,0,0.0
08135019,"Heidenheim an der Brenz, Stadt",Zweitstimmen,Werteunion,31,0.16554523122930687
08135020,"Herbrechtingen, Stadt",Erststimmen,Werteunion,0,0.0
08135020,"Herbrechtingen, Stadt",Zweitstimmen,Werteunion,13,0.20009235031553024
08135021,Hermaringen,Erststimmen,Werteunion,0,0.0
08135021,Hermaringen,Zweitstimmen,Werteunion,4,0.30935808197989173
08135025,Königsbronn,Erststimmen,Werteunion,0,0.0
08135025,Königsbronn,Zweitstimmen,Werteunion,11,0.2890173410404624
08135026,Nattheim,Erststimmen,Werteunion,0,0.0
08135026,Nattheim,Zweitstimmen,Werteunion,6,0.16137708445400753
08135027,"Niederstotzingen, Stadt",Erststimmen,Werteunion,0,0.0
08135027,"Niederstotzingen, Stadt",Zweitstimmen,Werteunion,7,0.2752654345261502
08135031,Sontheim an der Brenz,Erststimmen,Werteunion,0,0.0
08135031,Sontheim an der Brenz,Zweitstimmen,Werteunion,5,0.15928639694170119
08135032,Steinheim am Albuch,Erststimmen,Werteunion,0,0.0
08135032,Steinheim am Albuch,Zweitstimmen,Werteunion,15,0.3238341968911917
08216002,Au am Rhein,Erststimmen,Werteunion,0,0.0
08216002,Au am Rhein,Zweitstimmen,Werteunion,4,0.20597322348094746
08216005,Bietigheim,Erststimmen,Werteunion,0,0.0
08216005,Bietigheim,Zweitstimmen,Werteunion,11,0.32229709932610606
08216006,Bischweier,Erststimmen,Werteunion,0,0.0
08216006,Bischweier,Zweitstimmen,Werteunion,3,0.17311021350259664
08216009,Durmersheim,Erststimmen,Werteunion,0,0.0
08216009,Durmersheim,Zweitstimmen,Werteunion,15,0.254323499491353
08216012,Elchesheim-Illingen,Erststimmen,Werteunion,0,0.0
08216012,Elchesheim-Illingen,Zweitstimmen,Werteunion,7,0.3923766816143498
08216013,Forbach,Erststimmen,Werteunion,0,0.0
08216013,Forbach,Zweitstimmen,Werteunion,2,0.08329862557267806
08216015,"Gaggenau, Stadt",Erststimmen,Werteunion,0,0.0
08216015,"Gaggenau, Stadt",Zweitstimmen,Werteunion,21,0.15027908973808501
08216017,"Gernsbach, Stadt",Erststimmen,Werteunion,0,0.0
08216017,"Gernsbach, Stadt",Zweitstimmen,Werteunion,14,0.20020020020020018
08216023,Iffezheim,Erststimmen,Werteunion,0,0.0
08216023,Iffezheim,Zweitstimmen,Werteunion,3,0.11303692539562923
08216024,"Kuppenheim, Stadt",Erststimmen,Werteunion,0,0.0
08216024,"Kuppenheim, Stadt",Zweitstimmen,Werteunion,14,0.3272557269752221
08216029,Loffenau,Erststimmen,Werteunion,0,0.0
08216029,Loffenau,Zweitstimmen,Werteunion,2,0.15026296018031557
08216033,Muggensturm,Erststimmen,Werteunion,0,0.0
08216033,Muggensturm,Zweitstimmen,Werteunion,8,0.24676125848241826
08216039,Ötigheim,Erststimmen,Werteunion,0,0.0
08216039,Ötigheim,Zweitstimmen,Werteunion,13,0.46611688777339555
08216043,"Rastatt, Stadt",Erststimmen,Werteunion,0,0.0
08216043,"Rastatt, Stadt",Zweitstimmen,Werteunion,28,0.15339944118774998
08216052,Steinmauern,Erststimmen,Werteunion,0,0.0
08216052,Steinmauern,Zweitstimmen,Werteunion,6,0.36319612590799033
08216059,Weisenbach,Erststimmen,Werteunion,0,0.0
08216059,Weisenbach,Zweitstimmen,Werteunion,1,0.07867820613690008
08231000,"Pforzheim, Stadt",Erststimmen,Werteunion,0,0.0
08231000,"Pforzheim, Stadt",Zweitstimmen,Werteunion,78,0.1922365988909427
08235006,"Altensteig, Stadt",Erststimmen,Werteunion,13,0.2671049928087117
08235006,"Altensteig, Stadt",Zweitstimmen,Werteunion,9,0.18442622950819673
08235007,Althengstett,Erststimmen,Werteunion,15,0.3289473684210526
08235007,Althengstett,Zweitstimmen,Werteunion,9,0.19637791839406502
08235008,"Bad Liebenzell, Stadt",Erststimmen,Werteunion,35,0.72840790842872
08235008,"Bad Liebenzell, Stadt",Zweitstimmen,Werteunion,16,0.3306468278569953
08235018,Dobel,Erststimmen,Werteunion,33,2.761506276150628
08235018,Dobel,Zweitstimmen,Werteunion,24,2.003338898163606
08235020,Ebhausen,Erststimmen,Werteunion,10,0.4171881518564873
08235020,Ebhausen,Zweitstimmen,Werteunion,9,0.3729796933278077
08235022,Egenhausen,Erststimmen,Werteunion,2,0.1697792869269949
08235022,Egenhausen,Zweitstimmen,Werteunion,2,0.16992353440951571
08235025,Enzklösterle,Erststimmen,Werteunion,2,0.2820874471086037
08235025,Enzklösterle,Zweitstimmen,Werteunion,2,0.27972027972027974
08235029,Gechingen,Erststimmen,Werteunion,11,0.5220692928334125
08235029,Gechingen,Zweitstimmen,Werteunion,8,0.37735849056603776
08235032,"Haiterbach, Stadt",Erststimmen,Werteunion,10,0.36363636363636365
08235032,"Haiterbach, Stadt",Zweitstimmen,Werteunion,11,0.398406374501992
08235033,"Bad Herrenalb, Stadt",Erststimmen,Werteunion,41,1.098901098901099
08235033,"Bad Herrenalb, Stadt",Zweitstimmen,Werteunion,25,0.6657789613848202
08235035,Höfen an der Enz,Erststimmen,Werteunion,3,0.37688442211055273
08235035,Höfen an der Enz,Zweitstimmen,Werteunion,4,0.5018820577164366
08235046,"Nagold, Stadt",Erststimmen,Werteunion,40,0.3778932451582428
08235046,"Nagold, Stadt",Zweitstimmen,Werteunion,22,0.2072929426175445
08235047,"Neubulach, Stadt",Erststimmen,Werteunion,15,0.4563431700638881
08235047,"Neubulach, Stadt",Zweitstimmen,Werteunion,16,0.48396854204476714
08235050,Neuweiler,Erststimmen,Werteunion,13,0.6845708267509215
08235050,Neuweiler,Zweitstimmen,Werteunion,6,0.31512605042016806
08235055,Oberreichenbach,Erststimmen,Werteunion,12,0.6486486486486486
08235055,Oberreichenbach,Zweitstimmen,Werteunion,3,0.16059957173447537
08235057,Ostelsheim,Erststimmen,Werteunion,14,0.9790209790209791
08235057,Ostelsheim,Zweitstimmen,Werteunion,4,0.2785515320334262
08235060,Rohrdorf,Erststimmen,Werteunion,7,0.7990867579908676
08235060,Rohrdorf,Zweitstimmen,Werteunion,3,0.340522133938706
08235065,Schömberg,Erststimmen,Werteunion,24,0.6564551422319475
08235065,Schömberg,Zweitstimmen,Werteunion,17,0.46057978867515575
08235066,Simmersfeld,Erststimmen,Werteunion,4,0.3142183817753339
08235066,Simmersfeld,Zweitstimmen,Werteunion,2,0.15710919088766695
08235067,Simmozheim,Erststimmen,Werteunion,9,0.5625
08235067,Simmozheim,Zweitstimmen,Werteunion,7,0.4339739615623063
08235073,Unterreichenbach,Erststimmen,Werteunion,3,0.2643171806167401
08235073,Unterreichenbach,Zweitstimmen,Werteunion,1,0.08779631255487269
08235079,"Bad Wildbad, Stadt",Erststimmen,Werteunion,26,0.6094702297233943
08235079,"Bad Wildbad, Stadt",Zweitstimmen,Werteunion,28,0.6513142591300303
08235080,"Wildberg, Stadt",Erststimmen,Werteunion,31,0.5573534699748293
08235080,"Wildberg, Stadt",Zweitstimmen,Werteunion,23,0.4120386958079541
08235084,"Bad Teinach-Zavelstein, Stadt",Erststimmen,Werteunion,9,0.5110732538330494
08235084,"Bad Teinach-Zavelstein, Stadt",Zweitstimmen,Werteunion,6,0.3395585738539898
08235085,"Calw, Stadt",Erststimmen,Werteunion,48,0.45536476615121907
08235085,"Calw, Stadt",Zweitstimmen,Werteunion,17,0.16021110168692865
08236004,Birkenfeld,Erststimmen,Werteunion,0,0.0
08236004,Birkenfeld,Zweitstimmen,Werteunion,24,0.4735595895816891
08236011,Eisingen,Erststimmen,Werteunion,0,0.0
08236011,Eisingen,Zweitstimmen,Werteunion,7,0.2969876962240136
08236013,Engelsbrand,Erststimmen,Werteunion,0,0.0
08236013,Engelsbrand,Zweitstimmen,Werteunion,7,0.2864157119476268
08236019,Friolzheim,Erststimmen,Werteunion,0,0.0
08236019,Friolzheim,Zweitstimmen,Werteunion,6,0.28517110266159695
08236025,"Heimsheim, Stadt",Erststimmen,Werteunion,0,0.0
08236025,"Heimsheim, Stadt",Zweitstimmen,Werteunion,3,0.11278195488721805
08236028,Illingen,Erststimmen,Werteunion,0,0.0
08236028,Illingen,Zweitstimmen,Werteunion,16,0.400200100050025
08236030,Ispringen,Erststimmen,Werteunion,0,0.0
08236030,Ispringen,Zweitstimmen,Werteunion,13,0.4629629629629629
08236031,Kieselbronn,Erststimmen,Werteunion,0,0.0
08236031,Kieselbronn,Zweitstimmen,Werteunion,6,0.3731343283582089
08236033,"Knittlingen, Stadt",Erststimmen,Werteunion,0,0.0
08236033,"Knittlingen, Stadt",Zweitstimmen,Werteunion,34,0.8553459119496855
08236038,"Maulbronn, Stadt",Erststimmen,Werteunion,0,0.0
08236038,"Maulbronn, Stadt",Zweitstimmen,Werteunion,7,0.21387106630003055
08236039,Mönsheim,Erststimmen,Werteunion,0,0.0
08236039,Mönsheim,Zweitstimmen,Werteunion,6,0.37974683544303794
08236040,"Mühlacker, Stadt",Erststimmen,Werteunion,0,0.0
08236040,"Mühlacker, Stadt",Zweitstimmen,Werteunion,24,0.22294472828611242
08236043,"Neuenbürg, Stadt",Erststimmen,Werteunion,0,0.0
08236043,"Neuenbürg, Stadt",Zweitstimmen,Werteunion,7,0.1897018970189702
08236044,Neuhausen,Erststimmen,Werteunion,0,0.0
08236044,Neuhausen,Zweitstimmen,Werteunion,10,0.32786885245901637
08236046,Niefern-Öschelbronn,Erststimmen,Werteunion,0,0.0
08236046,Niefern-Öschelbronn,Zweitstimmen,Werteunion,19,0.3399534800500984
08236050,Ötisheim,Erststimmen,Werteunion,0,0.0
08236050,Ötisheim,Zweitstimmen,Werteunion,12,0.47188360204482893
08236061,Sternenfels,Erststimmen,Werteunion,0,0.0
08236061,Sternenfels,Zweitstimmen,Werteunion,6,0.3856041131105398
08236062,Tiefenbronn,Erststimmen,Werteunion,0,0.0
08236062,Tiefenbronn,Zweitstimmen,Werteunion,5,0.1554243083618278
08236065,Wiernsheim,Erststimmen,Werteunion,0,0.0
08236065,Wiernsheim,Zweitstimmen,Werteunion,12,0.31233732431025507
08236067,Wimsheim,Erststimmen,Werteunion,0,0.0
08236067,Wimsheim,Zweitstimmen,Werteunion,8,0.4914004914004914
08236068,Wurmberg,Erststimmen,Werteunion,0,0.0
08236068,Wurmberg,Zweitstimmen,Werteunion,4,0.245398773006135
08236070,Keltern,Erststimmen,Werteunion,0,0.0
08236070,Keltern,Zweitstimmen,Werteunion,14,0.26646364674533685
08236071,Remchingen,Erststimmen,Werteunion,0,0.0
08236071,Remchingen,Zweitstimmen,Werteunion,9,0.13886745872550532
08236072,Straubenhardt,Erststimmen,Werteunion,0,0.0
08236072,Straubenhardt,Zweitstimmen,Werteunion,26,0.42338381371112194
08236073,Neulingen,Erststimmen,Werteunion,0,0.0
08236073,Neulingen,Zweitstimmen,Werteunion,8,0.21645021645021645
08236074,Kämpfelbach,Erststimmen,Werteunion,0,0.0
08236074,Kämpfelbach,Zweitstimmen,Werteunion,9,0.25076623014767346
08236075,Ölbronn-Dürrn,Erststimmen,Werteunion,0,0.0
08236075,Ölbronn-Dürrn,Zweitstimmen,Werteunion,9,0.4591836734693878
08236076,Königsbach-Stein,Erststimmen,Werteunion,0,0.0
08236076,Königsbach-Stein,Zweitstimmen,Werteunion,12,0.21516944593867668
08237002,"Alpirsbach, Stadt",Erststimmen,Werteunion,0,0.0
08237002,"Alpirsbach, Stadt",Zweitstimmen,Werteunion,14,0.4511762810183694
08237004,Baiersbronn,Erststimmen,Werteunion,0,0.0
08237004,Baiersbronn,Zweitstimmen,Werteunion,18,0.24288220213196599
08237019,"Dornstetten, Stadt",Erststimmen,Werteunion,0,0.0
08237019,"Dornstetten, Stadt",Zweitstimmen,Werteunion,4,0.09874105159219945
08237024,Empfingen,Erststimmen,Werteunion,0,0.0
08237024,Empfingen,Zweitstimmen,Werteunion,4,0.1799370220422852
08237027,Eutingen im Gäu,Erststimmen,Werteunion,0,0.0
08237027,Eutingen im Gäu,Zweitstimmen,Werteunion,11,0.3269916765755053
08237028,"Freudenstadt, Stadt",Erststimmen,Werteunion,0,0.0
08237028,"Freudenstadt, Stadt",Zweitstimmen,Werteunion,24,0.22228396776882464
08237030,Glatten,Erststimmen,Werteunion,0,0.0
08237030,Glatten,Zweitstimmen,Werteunion,3,0.21156558533145275
08237032,Grömbach,Erststimmen,Werteunion,0,0.0
08237032,Grömbach,Zweitstimmen,Werteunion,2,0.7547169811320755
08237040,"Horb am Neckar, Stadt",Erststimmen,Werteunion,0,0.0
08237040,"Horb am Neckar, Stadt",Zweitstimmen,Werteunion,46,0.3676470588235294
08237045,Loßburg,Erststimmen,Werteunion,0,0.0
08237045,Loßburg,Zweitstimmen,Werteunion,10,0.2233139794551139
08237054,Pfalzgrafenweiler,Erststimmen,Werteunion,0,0.0
08237054,Pfalzgrafenweiler,Zweitstimmen,Werteunion,16,0.4371584699453552
08237061,Schopfloch,Erststimmen,Werteunion,0,0.0
08237061,Schopfloch,Zweitstimmen,Werteunion,3,0.19218449711723257
08237072,Wörnersberg,Erststimmen,Werteunion,0,0.0
08237072,Wörnersberg,Zweitstimmen,Werteunion,1,1.1111111111111112
08237073,Seewald,Erststimmen,Werteunion,0,0.0
08237073,Seewald,Zweitstimmen,Werteunion,0,0.0
08237074,Waldachtal,Erststimmen,Werteunion,0,0.0
08237074,Waldachtal,Zweitstimmen,Werteunion,11,0.3418272218769422
08237075,Bad Rippoldsau-Schapbach,Erststimmen,Werteunion,0,0.0
08237075,Bad Rippoldsau-Schapbach,Zweitstimmen,Werteunion,2,0.16012810248198558
08316002,Bahlingen am Kaiserstuhl,Erststimmen,Werteunion,0,0.0
08316002,Bahlingen am Kaiserstuhl,Zweitstimmen,Werteunion,5,0.19282684149633628
08316003,Biederbach,Erststimmen,Werteunion,0,0.0
08316003,Biederbach,Zweitstimmen,Werteunion,3,0.2918287937743191
08316009,Denzlingen,Erststimmen,Werteunion,0,0.0
08316009,Denzlingen,Zweitstimmen,Werteunion,14,0.190191550061133
08316010,"Elzach, Stadt",Erststimmen,Werteunion,0,0.0
08316010,"Elzach, Stadt",Zweitstimmen,Werteunion,7,0.16301816488122964
08316011,"Emmendingen, Stadt",Erststimmen,Werteunion,0,0.0
08316011,"Emmendingen, Stadt",Zweitstimmen,Werteunion,17,0.12073863636363635
08316012,"Endingen am Kaiserstuhl, Stadt",Erststimmen,Werteunion,0,0.0
08316012,"Endingen am Kaiserstuhl, Stadt",Zweitstimmen,Werteunion,11,0.1909722222222222
08316013,Forchheim,Erststimmen,Werteunion,0,0.0
08316013,Forchheim,Zweitstimmen,Werteunion,0,0.0
08316014,Gutach im Breisgau,Erststimmen,Werteunion,0,0.0
08316014,Gutach im Breisgau,Zweitstimmen,Werteunion,1,0.03795066413662239
08316017,"Herbolzheim, Stadt",Erststimmen,Werteunion,0,0.0
08316017,"Herbolzheim, Stadt",Zweitstimmen,Werteunion,10,0.18957345971563982
08316020,"Kenzingen, Stadt",Erststimmen,Werteunion,0,0.0
08316020,"Kenzingen, Stadt",Zweitstimmen,Werteunion,4,0.07172314864622557
08316024,Malterdingen,Erststimmen,Werteunion,0,0.0
08316024,Malterdingen,Zweitstimmen,Werteunion,3,0.1576458223857068
08316036,Reute,Erststimmen,Werteunion,0,0.0
08316036,Reute,Zweitstimmen,Werteunion,2,0.11494252873563218
08316037,Riegel am Kaiserstuhl,Erststimmen,Werteunion,0,0.0
08316037,Riegel am Kaiserstuhl,Zweitstimmen,Werteunion,4,0.19801980198019803
08316038,Sasbach am Kaiserstuhl,Erststimmen,Werteunion,0,0.0
08316038,Sasbach am Kaiserstuhl,Zweitstimmen,Werteunion,3,0.1460564751703992
08316039,Sexau,Erststimmen,Werteunion,0,0.0
08316039,Sexau,Zweitstimmen,Werteunion,4,0.18957345971563982
08316042,Simonswald,Erststimmen,Werteunion,0,0.0
08316042,Simonswald,Zweitstimmen,Werteunion,1,0.0564334085778781
08316043,Teningen,Erststimmen,Werteunion,0,0.0
08316043,Teningen,Zweitstimmen,Werteunion,17,0.2646326276463263
08316045,Vörstetten,Erststimmen,Werteunion,0,0.0
08316045,Vörstetten,Zweitstimmen,Werteunion,1,0.05279831045406547
08316049,Weisweil,Erststimmen,Werteunion,0,0.0
08316049,Weisweil,Zweitstimmen,Werteunion,0,0.0
08316051,Wyhl am Kaiserstuhl,Erststimmen,Werteunion,0,0.0
08316051,Wyhl am Kaiserstuhl,Zweitstimmen,Werteunion,9,0.43478260869565216
08316053,Rheinhausen im Breisgau,Erststimmen,Werteunion,0,0.0
08316053,Rheinhausen im Breisgau,Zweitstimmen,Werteunion,5,0.22007042253521128
08316054,Freiamt,Erststimmen,Werteunion,0,0.0
08316054,Freiamt,Zweitstimmen,Werteunion,3,0.11947431302270012
08316055,Winden im Elztal,Erststimmen,Werteunion,0,0.0
08316055,Winden im Elztal,Zweitstimmen,Werteunion,5,0.30599755201958384
08316056,"Waldkirch, Stadt",Erststimmen,Werteunion,0,0.0
08316056,"Waldkirch, Stadt",Zweitstimmen,Werteunion,14,0.12404749246854509
08325001,Aichhalden,Erststimmen,Werteunion,10,0.3923107100823852
08325001,Aichhalden,Zweitstimmen,Werteunion,7,0.2746174970576697
08325009,Bösingen,Erststimmen,Werteunion,6,0.29069767441860467
08325009,Bösingen,Zweitstimmen,Werteunion,6,0.29027576197387517
08325011,Dietingen,Erststimmen,Werteunion,14,0.5874947545111204
08325011,Dietingen,Zweitstimmen,Werteunion,9,0.3778337531486146
08325012,"Dornhan, Stadt",Erststimmen,Werteunion,20,0.5578800557880056
08325012,"Dornhan, Stadt",Zweitstimmen,Werteunion,10,0.2787844995818232
08325014,Dunningen,Erststimmen,Werteunion,13,0.34983853606027987
08325014,Dunningen,Zweitstimmen,Werteunion,8,0.21516944593867668
08325015,Epfendorf,Erststimmen,Werteunion,11,0.6087437742114
08325015,Epfendorf,Zweitstimmen,Werteunion,9,0.4980630879911455
08325024,Hardt,Erststimmen,Werteunion,12,0.7189934092270821
08325024,Hardt,Zweitstimmen,Werteunion,12,0.7202881152460985
08325036,Lauterbach,Erststimmen,Werteunion,7,0.47106325706594887
08325036,Lauterbach,Zweitstimmen,Werteunion,4,0.2684563758389262
08325045,"Oberndorf am Neckar, Stadt",Erststimmen,Werteunion,39,0.6088042460193568
08325045,"Oberndorf am Neckar, Stadt",Zweitstimmen,Werteunion,38,0.5931938807368092
08325049,"Rottweil, Stadt",Erststimmen,Werteunion,45,0.3739715781600598
08325049,"Rottweil, Stadt",Zweitstimmen,Werteunion,35,0.2905287623474724
08325050,Schenkenzell,Erststimmen,Werteunion,2,0.1936108422071636
08325050,Schenkenzell,Zweitstimmen,Werteunion,3,0.2890173410404624
08325051,"Schiltach, Stadt",Erststimmen,Werteunion,6,0.29732408325074333
08325051,"Schiltach, Stadt",Zweitstimmen,Werteunion,4,0.1976284584980237
08325053,"Schramberg, Stadt",Erststimmen,Werteunion,51,0.5433045701502077
08325053,"Schramberg, Stadt",Zweitstimmen,Werteunion,31,0.3294017638933164
08325057,"Sulz am Neckar, Stadt",Erststimmen,Werteunion,67,1.0860755389852488
08325057,"Sulz am Neckar, Stadt",Zweitstimmen,Werteunion,43,0.695680310629348
08325060,Villingendorf,Erststimmen,Werteunion,10,0.5263157894736842
08325060,Villingendorf,Zweitstimmen,Werteunion,5,0.2627430373095113
08325061,Vöhringen,Erststimmen,Werteunion,84,3.580562659846547
08325061,Vöhringen,Zweitstimmen,Werteunion,68,2.8874734607218686
08325064,Wellendingen,Erststimmen,Werteunion,4,0.24154589371980675
08325064,Wellendingen,Zweitstimmen,Werteunion,4,0.24096385542168677
08325069,Zimmern ob Rottweil,Erststimmen,Werteunion,18,0.5379557680812911
08325069,Zimmern ob Rottweil,Zweitstimmen,Werteunion,14,0.4185351270553065
08325070,Fluorn-Winzeln,Erststimmen,Werteunion,6,0.33575825405707893
08325070,Fluorn-Winzeln,Zweitstimmen,Werteunion,6,0.33482142857142855
08325071,Eschbronn,Erststimmen,Werteunion,7,0.547302580140735
08325071,Eschbronn,Zweitstimmen,Werteunion,7,0.548159749412686
08325072,Deißlingen,Erststimmen,Werteunion,16,0.4972032318210068
08325072,Deißlingen,Zweitstimmen,Werteunion,10,0.3096934035305048
08326003,"Bad Dürrheim, Stadt",Erststimmen,Werteunion,0,0.0
08326003,"Bad Dürrheim, Stadt",Zweitstimmen,Werteunion,16,0.23501762632197415
08326005,"Blumberg, Stadt",Erststimmen,Werteunion,0,0.0
08326005,"Blumberg, Stadt",Zweitstimmen,Werteunion,4,0.09105394946505806
08326006,"Bräunlingen, Stadt",Erststimmen,Werteunion,0,0.0
08326006,"Bräunlingen, Stadt",Zweitstimmen,Werteunion,5,0.1585791309863622
08326010,Dauchingen,Erststimmen,Werteunion,0,0.0
08326010,Dauchingen,Zweitstimmen,Werteunion,5,0.23832221163012393
08326012,"Donaueschingen, Stadt",Erststimmen,Werteunion,0,0.0
08326012,"Donaueschingen, Stadt",Zweitstimmen,Werteunion,26,0.24674954920755432
08326017,"Furtwangen im Schwarzwald, Stadt",Erststimmen,Werteunion,0,0.0
08326017,"Furtwangen im Schwarzwald, Stadt",Zweitstimmen,Werteunion,4,0.1002004008016032
08326020,Gütenbach,Erststimmen,Werteunion,0,0.0
08326020,Gütenbach,Zweitstimmen,Werteunion,0,0.0
08326027,"Hüfingen, Stadt",Erststimmen,Werteunion,0,0.0
08326027,"Hüfingen, Stadt",Zweitstimmen,Werteunion,6,0.15186028853454822
08326031,Königsfeld im Schwarzwald,Erststimmen,Werteunion,0,0.0
08326031,Königsfeld im Schwarzwald,Zweitstimmen,Werteunion,9,0.254957507082153
08326037,Mönchweiler,Erststimmen,Werteunion,0,0.0
08326037,Mönchweiler,Zweitstimmen,Werteunion,13,0.7840772014475271
08326041,Niedereschach,Erststimmen,Werteunion,0,0.0
08326041,Niedereschach,Zweitstimmen,Werteunion,3,0.09011715229798738
08326052,"St. Georgen im Schwarzwald, Stadt",Erststimmen,Werteunion,0,0.0
08326052,"St. Georgen im Schwarzwald, Stadt",Zweitstimmen,Werteunion,12,0.19452099205705947
08326054,Schönwald im Schwarzwald,Erststimmen,Werteunion,0,0.0
08326054,Schönwald im Schwarzwald,Zweitstimmen,Werteunion,4,0.30143180105501133
08326055,Schonach im Schwarzwald,Erststimmen,Werteunion,0,0.0
08326055,Schonach im Schwarzwald,Zweitstimmen,Werteunion,3,0.14238253440911247
08326060,"Triberg im Schwarzwald, Stadt",Erststimmen,Werteunion,0,0.0
08326060,"Triberg im Schwarzwald, Stadt",Zweitstimmen,Werteunion,3,0.16759776536312848
08326061,Tuningen,Erststimmen,Werteunion,0,0.0
08326061,Tuningen,Zweitstimmen,Werteunion,4,0.24009603841536614
08326065,Unterkirnach,Erststimmen,Werteunion,0,0.0
08326065,Unterkirnach,Zweitstimmen,Werteunion,4,0.3187250996015936
08326068,"Vöhrenbach, Stadt",Erststimmen,Werteunion,0,0.0
08326068,"Vöhrenbach, Stadt",Zweitstimmen,Werteunion,2,0.11862396204033215
08326074,"Villingen-Schwenningen, Stadt",Erststimmen,Werteunion,0,0.0
08326074,"Villingen-Schwenningen, Stadt",Zweitstimmen,Werteunion,72,0.20524515393386544
08326075,Brigachtal,Erststimmen,Werteunion,0,0.0
08326075,Brigachtal,Zweitstimmen,Werteunion,8,0.2729443875810304
08327002,Aldingen,Erststimmen,Werteunion,0,0.0
08327002,Aldingen,Zweitstimmen,Werteunion,7,0.21638330757341576
08327004,Bärenthal,Erststimmen,Werteunion,0,0.0
08327004,Bärenthal,Zweitstimmen,Werteunion,0,0.0
08327005,Balgheim,Erststimmen,Werteunion,0,0.0
08327005,Balgheim,Zweitstimmen,Werteunion,4,0.5681818181818182
08327006,Böttingen,Erststimmen,Werteunion,0,0.0
08327006,Böttingen,Zweitstimmen,Werteunion,2,0.2466091245376079
08327007,Bubsheim,Erststimmen,Werteunion,0,0.0
08327007,Bubsheim,Zweitstimmen,Werteunion,1,0.18018018018018017
08327008,Buchheim,Erststimmen,Werteunion,0,0.0
08327008,Buchheim,Zweitstimmen,Werteunion,0,0.0
08327009,Deilingen,Erststimmen,Werteunion,0,0.0
08327009,Deilingen,Zweitstimmen,Werteunion,0,0.0
08327010,Denkingen,Erststimmen,Werteunion,0,0.0
08327010,Denkingen,Zweitstimmen,Werteunion,9,0.6081081081081081
08327011,Dürbheim,Erststimmen,Werteunion,0,0.0
08327011,Dürbheim,Zweitstimmen,Werteunion,0,0.0
08327012,Durchhausen,Erststimmen,Werteunion,0,0.0
08327012,Durchhausen,Zweitstimmen,Werteunion,0,0.0
08327013,Egesheim,Erststimmen,Werteunion,0,0.0
08327013,Egesheim,Zweitstimmen,Werteunion,1,0.35211267605633806
08327016,"Fridingen an der Donau, Stadt",Erststimmen,Werteunion,0,0.0
08327016,"Fridingen an der Donau, Stadt",Zweitstimmen,Werteunion,3,0.1791044776119403
08327017,Frittlingen,Erststimmen,Werteunion,0,0.0
08327017,Frittlingen,Zweitstimmen,Werteunion,6,0.5509641873278237
08327018,"Geisingen, Stadt",Erststimmen,Werteunion,0,0.0
08327018,"Geisingen, Stadt",Zweitstimmen,Werteunion,8,0.26586905948820205
08327019,Gosheim,Erststimmen,Werteunion,0,0.0
08327019,Gosheim,Zweitstimmen,Werteunion,4,0.2308136180034622
08327020,Gunningen,Erststimmen,Werteunion,0,0.0
08327020,Gunningen,Zweitstimmen,Werteunion,1,0.24449877750611246
08327023,Hausen ob Verena,Erststimmen,Werteunion,0,0.0
08327023,Hausen ob Verena,Zweitstimmen,Werteunion,0,0.0
08327025,Immendingen,Erststimmen,Werteunion,0,0.0
08327025,Immendingen,Zweitstimmen,Werteunion,5,0.16474464579901155
08327027,Irndorf,Erststimmen,Werteunion,0,0.0
08327027,Irndorf,Zweitstimmen,Werteunion,1,0.22123893805309736
08327029,Königsheim,Erststimmen,Werteunion,0,0.0
08327029,Königsheim,Zweitstimmen,Werteunion,0,0.0
08327030,Kolbingen,Erststimmen,Werteunion,0,0.0
08327030,Kolbingen,Zweitstimmen,Werteunion,1,0.130718954248366
08327033,Mahlstetten,Erststimmen,Werteunion,0,0.0
08327033,Mahlstetten,Zweitstimmen,Werteunion,0,0.0
08327036,"Mühlheim an der Donau, Stadt",Erststimmen,Werteunion,0,0.0
08327036,"Mühlheim an der Donau, Stadt",Zweitstimmen,Werteunion,6,0.2965892239248641
08327038,Neuhausen ob Eck,Erststimmen,Werteunion,0,0.0
08327038,Neuhausen ob Eck,Zweitstimmen,Werteunion,5,0.2598752598752599
08327040,Reichenbach am Heuberg,Erststimmen,Werteunion,0,0.0
08327040,Reichenbach am Heuberg,Zweitstimmen,Werteunion,1,0.45454545454545453
08327041,Renquishausen,Erststimmen,Werteunion,0,0.0
08327041,Renquishausen,Zweitstimmen,Werteunion,1,0.19960079840319359
08327046,"Spaichingen, Stadt",Erststimmen,Werteunion,0,0.0
08327046,"Spaichingen, Stadt",Zweitstimmen,Werteunion,14,0.24217263449230236
08327048,Talheim,Erststimmen,Werteunion,0,0.0
08327048,Talheim,Zweitstimmen,Werteunion,3,0.4172461752433936
08327049,"Trossingen, Stadt",Erststimmen,Werteunion,0,0.0
08327049,"Trossingen, Stadt",Zweitstimmen,Werteunion,17,0.26198181537987364
08327050,"Tuttlingen, Stadt",Erststimmen,Werteunion,0,0.0
08327050,"Tuttlingen, Stadt",Zweitstimmen,Werteunion,33,0.2537680713626576
08327051,Wehingen,Erststimmen,Werteunion,0,0.0
08327051,Wehingen,Zweitstimmen,Werteunion,6,0.38734667527437056
08327054,Wurmlingen,Erststimmen,Werteunion,0,0.0
08327054,Wurmlingen,Zweitstimmen,Werteunion,3,0.1392757660167131
08327055,Seitingen-Oberflacht,Erststimmen,Werteunion,0,0.0
08327055,Seitingen-Oberflacht,Zweitstimmen,Werteunion,2,0.15267175572519084
08327056,Rietheim-Weilheim,Erststimmen,Werteunion,0,0.0
08327056,Rietheim-Weilheim,Zweitstimmen,Werteunion,5,0.3465003465003465
08327057,Emmingen-Liptingen,Erststimmen,Werteunion,0,0.0
08327057,Emmingen-Liptingen,Zweitstimmen,Werteunion,9,0.3433803891644411
08336004,Aitern,Erststimmen,Werteunion,0,0.0
08336004,Aitern,Zweitstimmen,Werteunion,1,0.32573289902280134
08336006,Bad Bellingen,Erststimmen,Werteunion,0,0.0
08336006,Bad Bellingen,Zweitstimmen,Werteunion,1,0.04631773969430292
08336008,Binzen,Erststimmen,Werteunion,0,0.0
08336008,Binzen,Zweitstimmen,Werteunion,0,0.0
08336010,Böllen,Erststimmen,Werteunion,0,0.0
08336010,Böllen,Zweitstimmen,Werteunion,0,0.0
08336014,Efringen-Kirchen,Erststimmen,Werteunion,0,0.0
08336014,Efringen-Kirchen,Zweitstimmen,Werteunion,8,0.16701461377870563
08336019,Eimeldingen,Erststimmen,Werteunion,0,0.0
08336019,Eimeldingen,Zweitstimmen,Werteunion,9,0.696594427244582
08336024,Fischingen,Erststimmen,Werteunion,0,0.0
08336024,Fischingen,Zweitstimmen,Werteunion,1,0.23923444976076555
08336025,Fröhnd,Erststimmen,Werteunion,0,0.0
08336025,Fröhnd,Zweitstimmen,Werteunion,0,0.0
08336034,Hasel,Erststimmen,Werteunion,0,0.0
08336034,Hasel,Zweitstimmen,Werteunion,1,0.16393442622950818
08336036,Hausen im Wiesental,Erststimmen,Werteunion,0,0.0
08336036,Hausen im Wiesental,Zweitstimmen,Werteunion,1,0.08156606851549755
08336043,Inzlingen,Erststimmen,Werteunion,0,0.0
08336043,Inzlingen,Zweitstimmen,Werteunion,4,0.30052592036063114
08336050,"Lörrach, Stadt",Erststimmen,Werteunion,0,0.0
08336050,"Lörrach, Stadt",Zweitstimmen,Werteunion,26,0.12645299353144301
08336057,Maulburg,Erststimmen,Werteunion,0,0.0
08336057,Maulburg,Zweitstimmen,Werteunion,4,0.199501246882793
08336069,"Rheinfelden (Baden), Stadt",Erststimmen,Werteunion,0,0.0
08336069,"Rheinfelden (Baden), Stadt",Zweitstimmen,Werteunion,19,0.13929618768328447
08336073,Rümmingen,Erststimmen,Werteunion,0,0.0
08336073,Rümmingen,Zweitstimmen,Werteunion,0,0.0
08336075,Schallbach,Erststimmen,Werteunion,0,0.0
08336075,Schallbach,Zweitstimmen,Werteunion,3,0.6211180124223602
08336079,"Schönau im Schwarzwald, Stadt",Erststimmen,Werteunion,0,0.0
08336079,"Schönau im Schwarzwald, Stadt",Zweitstimmen,Werteunion,0,0.0
08336080,Schönenberg,Erststimmen,Werteunion,0,0.0
08336080,Schönenberg,Zweitstimmen,Werteunion,1,0.6172839506172839
08336081,"Schopfheim, Stadt",Erststimmen,Werteunion,0,0.0
08336081,"Schopfheim, Stadt",Zweitstimmen,Werteunion,16,0.1704121844711897
08336082,Schwörstadt,Erststimmen,Werteunion,0,0.0
08336082,Schwörstadt,Zweitstimmen,Werteunion,3,0.2546689303904924
08336084,Steinen,Erststimmen,Werteunion,0,0.0
08336084,Steinen,Zweitstimmen,Werteunion,9,0.1686656671664168
08336087,"Todtnau, Stadt",Erststimmen,Werteunion,0,0.0
08336087,"Todtnau, Stadt",Zweitstimmen,Werteunion,2,0.07984031936127745
08336089,Tunau,Erststimmen,Werteunion,0,0.0
08336089,Tunau,Zweitstimmen,Werteunion,0,0.0
08336090,Utzenfeld,Erststimmen,Werteunion,0,0.0
08336090,Utzenfeld,Zweitstimmen,Werteunion,4,1.1661807580174928
08336091,"Weil am Rhein, Stadt",Erststimmen,Werteunion,0,0.0
08336091,"Weil am Rhein, Stadt",Zweitstimmen,Werteunion,15,0.12779008348952123
08336094,Wembach,Erststimmen,Werteunion,0,0.0
08336094,Wembach,Zweitstimmen,Werteunion,0,0.0
08336096,Wieden,Erststimmen,Werteunion,0,0.0
08336096,Wieden,Zweitstimmen,Werteunion,1,0.2932551319648094
08336100,Wittlingen,Erststimmen,Werteunion,0,0.0
08336100,Wittlingen,Zweitstimmen,Werteunion,2,0.3731343283582089
08336103,"Zell im Wiesental, Stadt",Erststimmen,Werteunion,0,0.0
08336103,"Zell im Wiesental, Stadt",Zweitstimmen,Werteunion,6,0.23752969121140144
08336105,Grenzach-Wyhlen,Erststimmen,Werteunion,0,0.0
08336105,Grenzach-Wyhlen,Zweitstimmen,Werteunion,5,0.08111615833874108
08336106,Häg-Ehrsberg,Erststimmen,Werteunion,0,0.0
08336106,Häg-Ehrsberg,Zweitstimmen,Werteunion,1,0.20325203252032523
08336107,Kleines Wiesental,Erststimmen,Werteunion,0,0.0
08336107,Kleines Wiesental,Zweitstimmen,Werteunion,2,0.12099213551119178
08337002,Albbruck,Erststimmen,Werteunion,0,0.0
08337002,Albbruck,Zweitstimmen,Werteunion,4,0.10746910263299302
08337030,Dettighofen,Erststimmen,Werteunion,0,0.0
08337030,Dettighofen,Zweitstimmen,Werteunion,0,0.0
08337032,Dogern,Erststimmen,Werteunion,0,0.0
08337032,Dogern,Zweitstimmen,Werteunion,2,0.16393442622950818
08337038,Görwihl,Erststimmen,Werteunion,0,0.0
08337038,Görwihl,Zweitstimmen,Werteunion,6,0.24989587671803418
08337049,Herrischried,Erststimmen,Werteunion,0,0.0
08337049,Herrischried,Zweitstimmen,Werteunion,2,0.14781966001478197
08337053,Hohentengen am Hochrhein,Erststimmen,Werteunion,0,0.0
08337053,Hohentengen am Hochrhein,Zweitstimmen,Werteunion,7,0.3715498938428875
08337060,Jestetten,Erststimmen,Werteunion,0,0.0
08337060,Jestetten,Zweitstimmen,Werteunion,1,0.04798464491362764
08337062,Klettgau,Erststimmen,Werteunion,0,0.0
08337062,Klettgau,Zweitstimmen,Werteunion,6,0.1646090534979424
08337065,Lauchringen,Erststimmen,Werteunion,0,0.0
08337065,Lauchringen,Zweitstimmen,Werteunion,11,0.29561945713517873
08337066,"Laufenburg (Baden), Stadt",Erststimmen,Werteunion,0,0.0
08337066,"Laufenburg (Baden), Stadt",Zweitstimmen,Werteunion,6,0.1606425702811245
08337070,Lottstetten,Erststimmen,Werteunion,0,0.0
08337070,Lottstetten,Zweitstimmen,Werteunion,0,0.0
08337076,Murg,Erststimmen,Werteunion,0,0.0
08337076,Murg,Zweitstimmen,Werteunion,6,0.18791105543376135
08337090,Rickenbach,Erststimmen,Werteunion,0,0.0
08337090,Rickenbach,Zweitstimmen,Werteunion,8,0.37735849056603776
08337096,"Bad Säckingen, Stadt",Erststimmen,Werteunion,0,0.0
08337096,"Bad Säckingen, Stadt",Zweitstimmen,Werteunion,5,0.06974473427256242
08337106,"Stühlingen, Stadt",Erststimmen,Werteunion,0,0.0
08337106,"Stühlingen, Stadt",Zweitstimmen,Werteunion,6,0.2104524728165556
08337116,"Wehr, Stadt",Erststimmen,Werteunion,0,0.0
08337116,"Wehr, Stadt",Zweitstimmen,Werteunion,3,0.05519779208831647
08337118,Weilheim,Erststimmen,Werteunion,0,0.0
08337118,Weilheim,Zweitstimmen,Werteunion,3,0.15552099533437014
08337123,Wutöschingen,Erststimmen,Werteunion,0,0.0
08337123,Wutöschingen,Zweitstimmen,Werteunion,10,0.31525851197982346
08337124,Eggingen,Erststimmen,Werteunion,0,0.0
08337124,Eggingen,Zweitstimmen,Werteunion,2,0.21436227224008575
08337125,Küssaberg,Erststimmen,Werteunion,0,0.0
08337125,Küssaberg,Zweitstimmen,Werteunion,5,0.17642907551164433
08337126,"Waldshut-Tiengen, Stadt",Erststimmen,Werteunion,0,0.0
08337126,"Waldshut-Tiengen, Stadt",Zweitstimmen,Werteunion,10,0.1052299273913501
08416006,Bodelshausen,Erststimmen,Werteunion,0,0.0
08416006,Bodelshausen,Zweitstimmen,Werteunion,3,0.11385199240986717
08416009,Dettenhausen,Erststimmen,Werteunion,0,0.0
08416009,Dettenhausen,Zweitstimmen,Werteunion,14,0.438871473354232
08416018,Hirrlingen,Erststimmen,Werteunion,0,0.0
08416018,Hirrlingen,Zweitstimmen,Werteunion,7,0.3986332574031891
08416025,"Mössingen, Stadt",Erststimmen,Werteunion,0,0.0
08416025,"Mössingen, Stadt",Zweitstimmen,Werteunion,12,0.11447104836401793
08416031,Ofterdingen,Erststimmen,Werteunion,0,0.0
08416031,Ofterdingen,Zweitstimmen,Werteunion,4,0.14378145219266716
08416036,"Rottenburg am Neckar, Stadt",Erststimmen,Werteunion,0,0.0
08416036,"Rottenburg am Neckar, Stadt",Zweitstimmen,Werteunion,28,0.1216703602311737
08416041,"Tübingen, Universitätsstadt",Erststimmen,Werteunion,0,0.0
08416041,"Tübingen, Universitätsstadt",Zweitstimmen,Werteunion,35,0.06789919878945429
08416048,Ammerbuch,Erststimmen,Werteunion,0,0.0
08416048,Ammerbuch,Zweitstimmen,Werteunion,13,0.19365410397735738
08416049,Neustetten,Erststimmen,Werteunion,0,0.0
08416049,Neustetten,Zweitstimmen,Werteunion,2,0.09380863039399624
08416050,Starzach,Erststimmen,Werteunion,0,0.0
08416050,Starzach,Zweitstimmen,Werteunion,8,0.3098373353989156
08417002,"Balingen, Stadt",Erststimmen,Werteunion,0,0.0
08417002,"Balingen, Stadt",Zweitstimmen,Werteunion,33,0.18795921854530956
08417008,Bisingen,Erststimmen,Werteunion,0,0.0
08417008,Bisingen,Zweitstimmen,Werteunion,9,0.18226002430133656
08417010,Bitz,Erststimmen,Werteunion,0,0.0
08417010,Bitz,Zweitstimmen,Werteunion,9,0.4440059200789344
08417014,Dautmergen,Erststimmen,Werteunion,0,0.0
08417014,Dautmergen,Zweitstimmen,Werteunion,1,0.3875968992248062
08417015,Dormettingen,Erststimmen,Werteunion,0,0.0
08417015,Dormettingen,Zweitstimmen,Werteunion,1,0.17064846416382254
08417016,Dotternhausen,Erststimmen,Werteunion,0,0.0
08417016,Dotternhausen,Zweitstimmen,Werteunion,3,0.2798507462686567
08417022,"Geislingen, Stadt",Erststimmen,Werteunion,0,0.0
08417022,"Geislingen, Stadt",Zweitstimmen,Werteunion,12,0.35545023696682465
08417023,Grosselfingen,Erststimmen,Werteunion,0,0.0
08417023,Grosselfingen,Zweitstimmen,Werteunion,2,0.1759014951627089
08417025,"Haigerloch, Stadt",Erststimmen,Werteunion,0,0.0
08417025,"Haigerloch, Stadt",Zweitstimmen,Werteunion,8,0.14047410008779632
08417029,Hausen am Tann,Erststimmen,Werteunion,0,0.0
08417029,Hausen am Tann,Zweitstimmen,Werteunion,0,0.0
08417044,"Meßstetten, Stadt",Erststimmen,Werteunion,0,0.0
08417044,"Meßstetten, Stadt",Zweitstimmen,Werteunion,19,0.34277467075590834
08417045,Nusplingen,Erststimmen,Werteunion,0,0.0
08417045,Nusplingen,Zweitstimmen,Werteunion,2,0.2004008016032064
08417047,Obernheim,Erststimmen,Werteunion,0,0.0
08417047,Obernheim,Zweitstimmen,Werteunion,1,0.11695906432748539
08417051,Rangendingen,Erststimmen,Werteunion,0,0.0
08417051,Rangendingen,Zweitstimmen,Werteunion,8,0.2794271742927
08417052,Ratshausen,Erststimmen,Werteunion,0,0.0
08417052,Ratshausen,Zweitstimmen,Werteunion,2,0.4424778761061947
08417054,"Rosenfeld, Stadt",Erststimmen,Werteunion,0,0.0
08417054,"Rosenfeld, Stadt",Zweitstimmen,Werteunion,11,0.3155479059093517
08417057,"Schömberg, Stadt",Erststimmen,Werteunion,0,0.0
08417057,"Schömberg, Stadt",Zweitstimmen,Werteunion,5,0.22675736961451248
08417063,Straßberg,Erststimmen,Werteunion,0,0.0
08417063,Straßberg,Zweitstimmen,Werteunion,3,0.20935101186322402
08417071,Weilen unter den Rinnen,Erststimmen,Werteunion,0,0.0
08417071,Weilen unter den Rinnen,Zweitstimmen,Werteunion,1,0.2680965147453083
08417075,Winterlingen,Erststimmen,Werteunion,0,0.0
08417075,Winterlingen,Zweitstimmen,Werteunion,7,0.21008403361344538
08417078,Zimmern unter der Burg,Erststimmen,Werteunion,0,0.0
08417078,Zimmern unter der Burg,Zweitstimmen,Werteunion,0,0.0
08417079,"Albstadt, Stadt",Erststimmen,Werteunion,0,0.0
08417079,"Albstadt, Stadt",Zweitstimmen,Werteunion,61,0.3242783477752379
08425002,Allmendingen,Erststimmen,Werteunion,0,0.0
08425002,Allmendingen,Zweitstimmen,Werteunion,6,0.22413149047441167
08425004,Altheim,Erststimmen,Werteunion,0,0.0
08425004,Altheim,Zweitstimmen,Werteunion,0,0.0
08425005,Altheim (Alb),Erststimmen,Werteunion,0,0.0
08425005,Altheim (Alb),Zweitstimmen,Werteunion,2,0.1926782273603083
08425008,Amstetten,Erststimmen,Werteunion,0,0.0
08425008,Amstetten,Zweitstimmen,Werteunion,3,0.1359927470534905
08425011,Asselfingen,Erststimmen,Werteunion,0,0.0
08425011,Asselfingen,Zweitstimmen,Werteunion,1,0.18867924528301888
08425013,Ballendorf,Erststimmen,Werteunion,0,0.0
08425013,Ballendorf,Zweitstimmen,Werteunion,0,0.0
08425014,Beimerstetten,Erststimmen,Werteunion,0,0.0
08425014,Beimerstetten,Zweitstimmen,Werteunion,4,0.2826855123674912
08425017,Berghülen,Erststimmen,Werteunion,0,0.0
08425017,Berghülen,Zweitstimmen,Werteunion,2,0.16273393002441008
08425019,Bernstadt,Erststimmen,Werteunion,0,0.0
08425019,Bernstadt,Zweitstimmen,Werteunion,5,0.36231884057971014
08425020,"Blaubeuren, Stadt",Erststimmen,Werteunion,0,0.0
08425020,"Blaubeuren, Stadt",Zweitstimmen,Werteunion,10,0.16589250165892502
08425022,Börslingen,Erststimmen,Werteunion,0,0.0
08425022,Börslingen,Zweitstimmen,Werteunion,1,0.9523809523809524
08425024,Breitingen,Erststimmen,Werteunion,0,0.0
08425024,Breitingen,Zweitstimmen,Werteunion,1,0.7042253521126761
08425031,Dornstadt,Erststimmen,Werteunion,0,0.0
08425031,Dornstadt,Zweitstimmen,Werteunion,5,0.10229132569558103
08425033,"Ehingen (Donau), Stadt",Erststimmen,Werteunion,0,0.0
08425033,"Ehingen (Donau), Stadt",Zweitstimmen,Werteunion,16,0.1238294249671078
08425035,Emeringen,Erststimmen,Werteunion,0,0.0
08425035,Emeringen,Zweitstimmen,Werteunion,0,0.0
08425036,Emerkingen,Erststimmen,Werteunion,0,0.0
08425036,Emerkingen,Zweitstimmen,Werteunion,0,0.0
08425050,Griesingen,Erststimmen,Werteunion,0,0.0
08425050,Griesingen,Zweitstimmen,Werteunion,0,0.0
08425052,Grundsheim,Erststimmen,Werteunion,0,0.0
08425052,Grundsheim,Zweitstimmen,Werteunion,2,1.5267175572519083
08425055,Hausen am Bussen,Erststimmen,Werteunion,0,0.0
08425055,Hausen am Bussen,Zweitstimmen,Werteunion,0,0.0
08425062,Holzkirch,Erststimmen,Werteunion,0,0.0
08425062,Holzkirch,Zweitstimmen,Werteunion,0,0.0
08425071,"Laichingen, Stadt",Erststimmen,Werteunion,0,0.0
08425071,"Laichingen, Stadt",Zweitstimmen,Werteunion,11,0.18615671010323234
08425072,"Langenau, Stadt",Erststimmen,Werteunion,0,0.0
08425072,"Langenau, Stadt",Zweitstimmen,Werteunion,14,0.17318159327065807
08425073,Lauterach,Erststimmen,Werteunion,0,0.0
08425073,Lauterach,Zweitstimmen,Werteunion,0,0.0
08425075,Lonsee,Erststimmen,Werteunion,0,0.0
08425075,Lonsee,Zweitstimmen,Werteunion,6,0.21598272138228944
08425079,Merklingen,Erststimmen,Werteunion,0,0.0
08425079,Merklingen,Zweitstimmen,Werteunion,3,0.24937655860349126
08425081,"Munderkingen, Stadt",Erststimmen,Werteunion,0,0.0
08425081,"Munderkingen, Stadt",Zweitstimmen,Werteunion,2,0.0881057268722467
08425083,Neenstetten,Erststimmen,Werteunion,0,0.0
08425083,Neenstetten,Zweitstimmen,Werteunion,1,0.2403846153846154
08425084,Nellingen,Erststimmen,Werteunion,0,0.0
08425084,Nellingen,Zweitstimmen,Werteunion,2,0.15360983102918588
08425085,Nerenstetten,Erststimmen,Werteunion,0,0.0
08425085,Nerenstetten,Zweitstimmen,Werteunion,0,0.0
08425088,Oberdischingen,Erststimmen,Werteunion,0,0.0
08425088,Oberdischingen,Zweitstimmen,Werteunion,0,0.0
08425090,Obermarchtal,Erststimmen,Werteunion,0,0.0
08425090,Obermarchtal,Zweitstimmen,Werteunion,5,0.6180469715698393
08425091,Oberstadion,Erststimmen,Werteunion,0,0.0
08425091,Oberstadion,Zweitstimmen,Werteunion,0,0.0
08425092,Öllingen,Erststimmen,Werteunion,0,0.0
08425092,Öllingen,Zweitstimmen,Werteunion,1,0.40650406504065045
08425093,Öpfingen,Erststimmen,Werteunion,0,0.0
08425093,Öpfingen,Zweitstimmen,Werteunion,0,0.0
08425097,Rammingen,Erststimmen,Werteunion,0,0.0
08425097,Rammingen,Zweitstimmen,Werteunion,3,0.3926701570680628
08425098,Rechtenstein,Erststimmen,Werteunion,0,0.0
08425098,Rechtenstein,Zweitstimmen,Werteunion,0,0.0
08425104,Rottenacker,Erststimmen,Werteunion,0,0.0
08425104,Rottenacker,Zweitstimmen,Werteunion,1,0.08196721311475409
08425108,"Schelklingen, Stadt",Erststimmen,Werteunion,0,0.0
08425108,"Schelklingen, Stadt",Zweitstimmen,Werteunion,9,0.2638522427440633
08425112,Setzingen,Erststimmen,Werteunion,0,0.0
08425112,Setzingen,Zweitstimmen,Werteunion,3,0.8797653958944283
08425123,Untermarchtal,Erststimmen,Werteunion,0,0.0
08425123,Untermarchtal,Zweitstimmen,Werteunion,0,0.0
08425124,Unterstadion,Erststimmen,Werteunion,0,0.0
08425124,Unterstadion,Zweitstimmen,Werteunion,1,0.22471910112359553
08425125,Unterwachingen,Erststimmen,Werteunion,0,0.0
08425125,Unterwachingen,Zweitstimmen,Werteunion,0,0.0
08425130,Weidenstetten,Erststimmen,Werteunion,0,0.0
08425130,Weidenstetten,Zweitstimmen,Werteunion,0,0.0
08425134,Westerheim,Erststimmen,Werteunion,0,0.0
08425134,Westerheim,Zweitstimmen,Werteunion,9,0.4807692307692308
08425135,Westerstetten,Erststimmen,Werteunion,0,0.0
08425135,Westerstetten,Zweitstimmen,Werteunion,2,0.15060240963855423
08425139,Heroldstatt,Erststimmen,Werteunion,0,0.0
08425139,Heroldstatt,Zweitstimmen,Werteunion,11,0.6358381502890174
08426001,Achstetten,Erststimmen,Werteunion,0,0.0
08426001,Achstetten,Zweitstimmen,Werteunion,9,0.3046716316858497
08426005,Alleshausen,Erststimmen,Werteunion,0,0.0
08426005,Alleshausen,Zweitstimmen,Werteunion,0,0.0
08426006,Allmannsweiler,Erststimmen,Werteunion,0,0.0
08426006,Allmannsweiler,Zweitstimmen,Werteunion,0,0.0
08426008,Altheim,Erststimmen,Werteunion,0,0.0
08426008,Altheim,Zweitstimmen,Werteunion,5,0.39032006245121
08426011,Attenweiler,Erststimmen,Werteunion,0,0.0
08426011,Attenweiler,Zweitstimmen,Werteunion,1,0.08203445447087777
08426013,"Bad Buchau, Stadt",Erststimmen,Werteunion,0,0.0
08426013,"Bad Buchau, Stadt",Zweitstimmen,Werteunion,7,0.2583979328165375
08426014,"Bad Schussenried, Stadt",Erststimmen,Werteunion,0,0.0
08426014,"Bad Schussenried, Stadt",Zweitstimmen,Werteunion,3,0.068760027504011
08426020,Betzenweiler,Erststimmen,Werteunion,0,0.0
08426020,Betzenweiler,Zweitstimmen,Werteunion,1,0.32573289902280134
08426021,"Biberach an der Riß, Stadt",Erststimmen,Werteunion,0,0.0
08426021,"Biberach an der Riß, Stadt",Zweitstimmen,Werteunion,21,0.1293581372428237
08426028,Burgrieden,Erststimmen,Werteunion,0,0.0
08426028,Burgrieden,Zweitstimmen,Werteunion,12,0.5145797598627788
08426035,Dürmentingen,Erststimmen,Werteunion,0,0.0
08426035,Dürmentingen,Zweitstimmen,Werteunion,0,0.0
08426036,Dürnau,Erststimmen,Werteunion,0,0.0
08426036,Dürnau,Zweitstimmen,Werteunion,0,0.0
08426038,Eberhardzell,Erststimmen,Werteunion,0,0.0
08426038,Eberhardzell,Zweitstimmen,Werteunion,1,0.037243947858472994
08426043,Erlenmoos,Erststimmen,Werteunion,0,0.0
08426043,Erlenmoos,Zweitstimmen,Werteunion,1,0.0931098696461825
08426045,Ertingen,Erststimmen,Werteunion,0,0.0
08426045,Ertingen,Zweitstimmen,Werteunion,7,0.23018743834265043
08426058,Hochdorf,Erststimmen,Werteunion,0,0.0
08426058,Hochdorf,Zweitstimmen,Werteunion,2,0.13802622498274672
08426062,Ingoldingen,Erststimmen,Werteunion,0,0.0
08426062,Ingoldingen,Zweitstimmen,Werteunion,3,0.1589825119236884
08426064,Kanzach,Erststimmen,Werteunion,0,0.0
08426064,Kanzach,Zweitstimmen,Werteunion,1,0.40816326530612246
08426067,Langenenslingen,Erststimmen,Werteunion,0,0.0
08426067,Langenenslingen,Zweitstimmen,Werteunion,2,0.0970873786407767
08426070,"Laupheim, Stadt",Erststimmen,Werteunion,0,0.0
08426070,"Laupheim, Stadt",Zweitstimmen,Werteunion,12,0.10795250089960418
08426071,Maselheim,Erststimmen,Werteunion,0,0.0
08426071,Maselheim,Zweitstimmen,Werteunion,8,0.3036053130929791
08426073,Mietingen,Erststimmen,Werteunion,0,0.0
08426073,Mietingen,Zweitstimmen,Werteunion,3,0.10362694300518134
08426074,Mittelbiberach,Erststimmen,Werteunion,0,0.0
08426074,Mittelbiberach,Zweitstimmen,Werteunion,1,0.038580246913580245
08426078,Moosburg,Erststimmen,Werteunion,0,0.0
08426078,Moosburg,Zweitstimmen,Werteunion,0,0.0
08426087,"Ochsenhausen, Stadt",Erststimmen,Werteunion,0,0.0
08426087,"Ochsenhausen, Stadt",Zweitstimmen,Werteunion,12,0.26414263702399293
08426090,Oggelshausen,Erststimmen,Werteunion,0,0.0
08426090,Oggelshausen,Zweitstimmen,Werteunion,0,0.0
08426097,"Riedlingen, Stadt",Erststimmen,Werteunion,0,0.0
08426097,"Riedlingen, Stadt",Zweitstimmen,Werteunion,7,0.1322501416965804
08426108,Schwendi,Erststimmen,Werteunion,0,0.0
08426108,Schwendi,Zweitstimmen,Werteunion,7,0.18731602890018734
08426109,Seekirch,Erststimmen,Werteunion,0,0.0
08426109,Seekirch,Zweitstimmen,Werteunion,0,0.0
08426113,Steinhausen an der Rottum,Erststimmen,Werteunion,0,0.0
08426113,Steinhausen an der Rottum,Zweitstimmen,Werteunion,7,0.5227781926811054
08426118,Tiefenbach,Erststimmen,Werteunion,0,0.0
08426118,Tiefenbach,Zweitstimmen,Werteunion,1,0.45045045045045046
08426120,Ummendorf,Erststimmen,Werteunion,0,0.0
08426120,Ummendorf,Zweitstimmen,Werteunion,6,0.23446658851113714
08426121,Unlingen,Erststimmen,Werteunion,0,0.0
08426121,Unlingen,Zweitstimmen,Werteunion,2,0.1349527665317139
08426124,Uttenweiler,Erststimmen,Werteunion,0,0.0
08426124,Uttenweiler,Zweitstimmen,Werteunion,2,0.088261253309797
08426125,Wain,Erststimmen,Werteunion,0,0.0
08426125,Wain,Zweitstimmen,Werteunion,3,0.3401360544217687
08426128,Warthausen,Erststimmen,Werteunion,0,0.0
08426128,Warthausen,Zweitstimmen,Werteunion,5,0.17295053614666206
08426134,Schemmerhofen,Erststimmen,Werteunion,0,0.0
08426134,Schemmerhofen,Zweitstimmen,Werteunion,13,0.25530243519245877
08426135,Gutenzell-Hürbel,Erststimmen,Werteunion,0,0.0
08426135,Gutenzell-Hürbel,Zweitstimmen,Werteunion,1,0.08635578583765112
08435005,Bermatingen,Erststimmen,Werteunion,0,0.0
08435005,Bermatingen,Zweitstimmen,Werteunion,5,0.2172024326672459
08435010,Daisendorf,Erststimmen,Werteunion,0,0.0
08435010,Daisendorf,Zweitstimmen,Werteunion,0,0.0
08435013,Eriskirch,Erststimmen,Werteunion,0,0.0
08435013,Eriskirch,Zweitstimmen,Werteunion,3,0.11645962732919254
08435015,Frickingen,Erststimmen,Werteunion,0,0.0
08435015,Frickingen,Zweitstimmen,Werteunion,2,0.10718113612004287
08435016,"Friedrichshafen, Stadt",Erststimmen,Werteunion,0,0.0
08435016,"Friedrichshafen, Stadt",Zweitstimmen,Werteunion,37,0.14184940959975464
08435018,Hagnau am Bodensee,Erststimmen,Werteunion,0,0.0
08435018,Hagnau am Bodensee,Zweitstimmen,Werteunion,2,0.2403846153846154
08435020,Heiligenberg,Erststimmen,Werteunion,0,0.0
08435020,Heiligenberg,Zweitstimmen,Werteunion,1,0.0588235294117647
08435024,Immenstaad am Bodensee,Erststimmen,Werteunion,0,0.0
08435024,Immenstaad am Bodensee,Zweitstimmen,Werteunion,1,0.028620492272467084
08435029,Kressbronn am Bodensee,Erststimmen,Werteunion,0,0.0
08435029,Kressbronn am Bodensee,Zweitstimmen,Werteunion,5,0.10490977759127151
08435030,Langenargen,Erststimmen,Werteunion,0,0.0
08435030,Langenargen,Zweitstimmen,Werteunion,3,0.06650410108623366
08435034,"Markdorf, Stadt",Erststimmen,Werteunion,0,0.0
08435034,"Markdorf, Stadt",Zweitstimmen,Werteunion,6,0.08161044613710555
08435036,"Meersburg, Stadt",Erststimmen,Werteunion,0,0.0
08435036,"Meersburg, Stadt",Zweitstimmen,Werteunion,3,0.09910802775024777
08435045,Oberteuringen,Erststimmen,Werteunion,0,0.0
08435045,Oberteuringen,Zweitstimmen,Werteunion,10,0.370919881305638
08435047,Owingen,Erststimmen,Werteunion,0,0.0
08435047,Owingen,Zweitstimmen,Werteunion,5,0.20193861066235863
08435052,Salem,Erststimmen,Werteunion,0,0.0
08435052,Salem,Zweitstimmen,Werteunion,7,0.10419767788032153
08435053,Sipplingen,Erststimmen,Werteunion,0,0.0
08435053,Sipplingen,Zweitstimmen,Werteunion,4,0.3303055326176713
08435054,Stetten,Erststimmen,Werteunion,0,0.0
08435054,Stetten,Zweitstimmen,Werteunion,0,0.0
08435059,"Überlingen, Stadt",Erststimmen,Werteunion,0,0.0
08435059,"Überlingen, Stadt",Zweitstimmen,Werteunion,11,0.090311986863711
08435066,Uhldingen-Mühlhofen,Erststimmen,Werteunion,0,0.0
08435066,Uhldingen-Mühlhofen,Zweitstimmen,Werteunion,2,0.04682744088035589
08435067,Deggenhausertal,Erststimmen,Werteunion,0,0.0
08435067,Deggenhausertal,Zweitstimmen,Werteunion,5,0.19508388607101051
08437005,Beuron,Erststimmen,Werteunion,0,0.0
08437005,Beuron,Zweitstimmen,Werteunion,1,0.25380710659898476
08437008,Bingen,Erststimmen,Werteunion,0,0.0
08437008,Bingen,Zweitstimmen,Werteunion,1,0.06313131313131314
08437031,"Gammertingen, Stadt",Erststimmen,Werteunion,0,0.0
08437031,"Gammertingen, Stadt",Zweitstimmen,Werteunion,6,0.19011406844106463
08437044,Herbertingen,Erststimmen,Werteunion,0,0.0
08437044,Herbertingen,Zweitstimmen,Werteunion,5,0.1874062968515742
08437047,"Hettingen, Stadt",Erststimmen,Werteunion,0,0.0
08437047,"Hettingen, Stadt",Zweitstimmen,Werteunion,0,0.0
08437053,Hohentengen,Erststimmen,Werteunion,0,0.0
08437053,Hohentengen,Zweitstimmen,Werteunion,12,0.487012987012987
08437056,Illmensee,Erststimmen,Werteunion,0,0.0
08437056,Illmensee,Zweitstimmen,Werteunion,0,0.0
08437059,Inzigkofen,Erststimmen,Werteunion,0,0.0
08437059,Inzigkofen,Zweitstimmen,Werteunion,6,0.34522439585730724
08437065,Krauchenwies,Erststimmen,Werteunion,0,0.0
08437065,Krauchenwies,Zweitstimmen,Werteunion,3,0.1111111111111111
08437072,Leibertingen,Erststimmen,Werteunion,0,0.0
08437072,Leibertingen,Zweitstimmen,Werteunion,7,0.4878048780487805
08437076,"Mengen, Stadt",Erststimmen,Werteunion,0,0.0
08437076,"Mengen, Stadt",Zweitstimmen,Werteunion,20,0.40650406504065045
08437078,"Meßkirch, Stadt",Erststimmen,Werteunion,0,0.0
08437078,"Meßkirch, Stadt",Zweitstimmen,Werteunion,7,0.16940948693126814
08437082,Neufra,Erststimmen,Werteunion,0,0.0
08437082,Neufra,Zweitstimmen,Werteunion,1,0.09652509652509653
08437086,Ostrach,Erststimmen,Werteunion,0,0.0
08437086,Ostrach,Zweitstimmen,Werteunion,4,0.10327911179963851
08437088,"Pfullendorf, Stadt",Erststimmen,Werteunion,0,0.0
08437088,"Pfullendorf, Stadt",Zweitstimmen,Werteunion,5,0.08778089887640449
08437100,"Bad Saulgau, Stadt",Erststimmen,Werteunion,0,0.0
08437100,"Bad Saulgau, Stadt",Zweitstimmen,Werteunion,13,0.14764338444065872
08437101,"Scheer, Stadt",Erststimmen,Werteunion,0,0.0
08437101,"Scheer, Stadt",Zweitstimmen,Werteunion,5,0.3909304143862392
08437102,Schwenningen,Erststimmen,Werteunion,0,0.0
08437102,Schwenningen,Zweitstimmen,Werteunion,1,0.09930486593843098
08437104,"Sigmaringen, Stadt",Erststimmen,Werteunion,0,0.0
08437104,"Sigmaringen, Stadt",Zweitstimmen,Werteunion,11,0.1431732396199401
08437105,Sigmaringendorf,Erststimmen,Werteunion,0,0.0
08437105,Sigmaringendorf,Zweitstimmen,Werteunion,5,0.25497195308516063
08437107,Stetten am kalten Markt,Erststimmen,Werteunion,0,0.0
08437107,Stetten am kalten Markt,Zweitstimmen,Werteunion,4,0.14625228519195613
08437114,"Veringenstadt, Stadt",Erststimmen,Werteunion,0,0.0
08437114,"Veringenstadt, Stadt",Zweitstimmen,Werteunion,0,0.0
08437118,Wald,Erststimmen,Werteunion,0,0.0
08437118,Wald,Zweitstimmen,Werteunion,4,0.25173064820641916
08437123,Sauldorf,Erststimmen,Werteunion,0,0.0
08437123,Sauldorf,Zweitstimmen,Werteunion,1,0.06265664160401002
08437124,Herdwangen-Schönach,Erststimmen,Werteunion,0,0.0
08437124,Herdwangen-Schönach,Zweitstimmen,Werteunion,5,0.2602811035918792
08121000,"Heilbronn, Universitätsstadt",Erststimmen,dieBasis,0,0.0
08121000,"Heilbronn, Universitätsstadt",Zweitstimmen,dieBasis,140,0.3093854279463437
08125030,Flein,Erststimmen,dieBasis,0,0.0
08125030,Flein,Zweitstimmen,dieBasis,19,0.46206225680933855
08125058,"Leingarten, Stadt",Erststimmen,dieBasis,0,0.0
08125058,"Leingarten, Stadt",Zweitstimmen,dieBasis,39,0.6720661726693089
08125074,Nordheim,Erststimmen,dieBasis,0,0.0
08125074,Nordheim,Zweitstimmen,dieBasis,33,0.7262323943661971
08125094,Talheim,Erststimmen,dieBasis,0,0.0
08125094,Talheim,Zweitstimmen,dieBasis,21,0.7324729682595047
08126011,Bretzfeld,Erststimmen,dieBasis,0,0.0
08126011,Bretzfeld,Zweitstimmen,dieBasis,14,0.2052484972877877
08126020,Dörzbach,Erststimmen,dieBasis,0,0.0
08126020,Dörzbach,Zweitstimmen,dieBasis,9,0.6373937677053824
08126028,"Forchtenberg, Stadt",Erststimmen,dieBasis,0,0.0
08126028,"Forchtenberg, Stadt",Zweitstimmen,dieBasis,5,0.17953321364452424
08126039,"Ingelfingen, Stadt",Erststimmen,dieBasis,0,0.0
08126039,"Ingelfingen, Stadt",Zweitstimmen,dieBasis,10,0.33344448149383127
08126045,"Krautheim, Stadt",Erststimmen,dieBasis,0,0.0
08126045,"Krautheim, Stadt",Zweitstimmen,dieBasis,6,0.24640657084188913
08126046,"Künzelsau, Stadt",Erststimmen,dieBasis,0,0.0
08126046,"Künzelsau, Stadt",Zweitstimmen,dieBasis,26,0.36671368124118475
08126047,Kupferzell,Erststimmen,dieBasis,0,0.0
08126047,Kupferzell,Zweitstimmen,dieBasis,8,0.24002400240024005
08126056,Mulfingen,Erststimmen,dieBasis,0,0.0
08126056,Mulfingen,Zweitstimmen,dieBasis,3,0.1301518438177874
08126058,"Neuenstein, Stadt",Erststimmen,dieBasis,0,0.0
08126058,"Neuenstein, Stadt",Zweitstimmen,dieBasis,8,0.23161551823972204
08126060,"Niedernhall, Stadt",Erststimmen,dieBasis,0,0.0
08126060,"Niedernhall, Stadt",Zweitstimmen,dieBasis,6,0.30303030303030304
08126066,"Öhringen, Stadt",Erststimmen,dieBasis,0,0.0
08126066,"Öhringen, Stadt",Zweitstimmen,dieBasis,33,0.28693157116772455
08126069,Pfedelbach,Erststimmen,dieBasis,0,0.0
08126069,Pfedelbach,Zweitstimmen,dieBasis,11,0.22022022022022023
08126072,Schöntal,Erststimmen,dieBasis,0,0.0
08126072,Schöntal,Zweitstimmen,dieBasis,17,0.48808498420901525
08126085,"Waldenburg, Stadt",Erststimmen,dieBasis,0,0.0
08126085,"Waldenburg, Stadt",Zweitstimmen,dieBasis,4,0.24813895781637718
08126086,Weißbach,Erststimmen,dieBasis,0,0.0
08126086,Weißbach,Zweitstimmen,dieBasis,2,0.23837902264600713
08126094,Zweiflingen,Erststimmen,dieBasis,0,0.0
08126094,Zweiflingen,Zweitstimmen,dieBasis,0,0.0
08127008,Blaufelden,Erststimmen,dieBasis,0,0.0
08127008,Blaufelden,Zweitstimmen,dieBasis,8,0.2909090909090909
08127009,Braunsbach,Erststimmen,dieBasis,0,0.0
08127009,Braunsbach,Zweitstimmen,dieBasis,5,0.3304692663582287
08127012,Bühlertann,Erststimmen,dieBasis,0,0.0
08127012,Bühlertann,Zweitstimmen,dieBasis,11,0.6610576923076923
08127013,Bühlerzell,Erststimmen,dieBasis,0,0.0
08127013,Bühlerzell,Zweitstimmen,dieBasis,3,0.2291825821237586
08127014,"Crailsheim, Stadt",Erststimmen,dieBasis,0,0.0
08127014,"Crailsheim, Stadt",Zweitstimmen,dieBasis,71,0.5497909245779774
08127023,Fichtenberg,Erststimmen,dieBasis,0,0.0
08127023,Fichtenberg,Zweitstimmen,dieBasis,3,0.18495684340320592
08127025,"Gaildorf, Stadt",Erststimmen,dieBasis,0,0.0
08127025,"Gaildorf, Stadt",Zweitstimmen,dieBasis,21,0.4052489386337322
08127032,"Gerabronn, Stadt",Erststimmen,dieBasis,0,0.0
08127032,"Gerabronn, Stadt",Zweitstimmen,dieBasis,7,0.33980582524271846
08127043,"Ilshofen, Stadt",Erststimmen,dieBasis,0,0.0
08127043,"Ilshofen, Stadt",Zweitstimmen,dieBasis,15,0.4449718184514981
08127046,"Kirchberg an der Jagst, Stadt",Erststimmen,dieBasis,0,0.0
08127046,"Kirchberg an der Jagst, Stadt",Zweitstimmen,dieBasis,12,0.5563282336578581
08127047,"Langenburg, Stadt",Erststimmen,dieBasis,0,0.0
08127047,"Langenburg, Stadt",Zweitstimmen,dieBasis,7,0.6937561942517344
08127052,Mainhardt,Erststimmen,dieBasis,0,0.0
08127052,Mainhardt,Zweitstimmen,dieBasis,19,0.5887821506042764
08127056,Michelbach an der Bilz,Erststimmen,dieBasis,0,0.0
08127056,Michelbach an der Bilz,Zweitstimmen,dieBasis,7,0.34791252485089463
08127059,Michelfeld,Erststimmen,dieBasis,0,0.0
08127059,Michelfeld,Zweitstimmen,dieBasis,10,0.463821892393321
08127062,Oberrot,Erststimmen,dieBasis,0,0.0
08127062,Oberrot,Zweitstimmen,dieBasis,7,0.390625
08127063,Obersontheim,Erststimmen,dieBasis,0,0.0
08127063,Obersontheim,Zweitstimmen,dieBasis,11,0.4007285974499089
08127071,Rot am See,Erststimmen,dieBasis,0,0.0
08127071,Rot am See,Zweitstimmen,dieBasis,17,0.5739365293720459
08127073,Satteldorf,Erststimmen,dieBasis,0,0.0
08127073,Satteldorf,Zweitstimmen,dieBasis,18,0.6284916201117319
08127075,"Schrozberg, Stadt",Erststimmen,dieBasis,0,0.0
08127075,"Schrozberg, Stadt",Zweitstimmen,dieBasis,12,0.41826420355524574
08127076,"Schwäbisch Hall, Stadt",Erststimmen,dieBasis,0,0.0
08127076,"Schwäbisch Hall, Stadt",Zweitstimmen,dieBasis,67,0.33109310140343945
08127079,Sulzbach-Laufen,Erststimmen,dieBasis,0,0.0
08127079,Sulzbach-Laufen,Zweitstimmen,dieBasis,5,0.35816618911174786
08127086,Untermünkheim,Erststimmen,dieBasis,0,0.0
08127086,Untermünkheim,Zweitstimmen,dieBasis,5,0.27442371020856204
08127089,"Vellberg, Stadt",Erststimmen,dieBasis,0,0.0
08127089,"Vellberg, Stadt",Zweitstimmen,dieBasis,11,0.4286827747466875
08127091,Wallhausen,Erststimmen,dieBasis,0,0.0
08127091,Wallhausen,Zweitstimmen,dieBasis,14,0.7466666666666667
08127099,Wolpertshausen,Erststimmen,dieBasis,0,0.0
08127099,Wolpertshausen,Zweitstimmen,dieBasis,4,0.32760032760032765
08127100,Rosengarten,Erststimmen,dieBasis,0,0.0
08127100,Rosengarten,Zweitstimmen,dieBasis,8,0.27529249827942187
08127101,Kreßberg,Erststimmen,dieBasis,0,0.0
08127101,Kreßberg,Zweitstimmen,dieBasis,9,0.42897998093422307
08127102,Fichtenau,Erststimmen,dieBasis,0,0.0
08127102,Fichtenau,Zweitstimmen,dieBasis,13,0.5772646536412078
08127103,Frankenhardt,Erststimmen,dieBasis,0,0.0
08127103,Frankenhardt,Zweitstimmen,dieBasis,14,0.4978662873399715
08127104,Stimpfach,Erststimmen,dieBasis,0,0.0
08127104,Stimpfach,Zweitstimmen,dieBasis,5,0.2992220227408737
08128006,Assamstadt,Erststimmen,dieBasis,25,1.8382352941176472
08128006,Assamstadt,Zweitstimmen,dieBasis,6,0.4411764705882353
08128007,"Bad Mergentheim, Stadt",Erststimmen,dieBasis,161,1.4363457935587476
08128007,"Bad Mergentheim, Stadt",Zweitstimmen,dieBasis,63,0.5597512216792537
08128014,"Boxberg, Stadt",Erststimmen,dieBasis,60,1.5810276679841897
08128014,"Boxberg, Stadt",Zweitstimmen,dieBasis,19,0.49686192468619245
08128020,"Creglingen, Stadt",Erststimmen,dieBasis,48,1.7991004497751124
08128020,"Creglingen, Stadt",Zweitstimmen,dieBasis,16,0.5970149253731344
08128039,"Freudenberg, Stadt",Erststimmen,dieBasis,88,4.6684350132626
08128039,"Freudenberg, Stadt",Zweitstimmen,dieBasis,25,1.3227513227513228
08128045,Großrinderfeld,Erststimmen,dieBasis,38,1.6142735768903995
08128045,Großrinderfeld,Zweitstimmen,dieBasis,15,0.6331785563528914
08128047,"Grünsfeld, Stadt",Erststimmen,dieBasis,27,1.2563983248022337
08128047,"Grünsfeld, Stadt",Zweitstimmen,dieBasis,8,0.37054191755442334
08128058,Igersheim,Erststimmen,dieBasis,50,1.6339869281045754
08128058,Igersheim,Zweitstimmen,dieBasis,11,0.35795639440286364
08128061,Königheim,Erststimmen,dieBasis,28,1.4814814814814816
08128061,Königheim,Zweitstimmen,dieBasis,6,0.316288877174486
08128064,"Külsheim, Stadt",Erststimmen,dieBasis,38,1.252884932410155
08128064,"Külsheim, Stadt",Zweitstimmen,dieBasis,14,0.45781556572923476
08128082,"Niederstetten, Stadt",Erststimmen,dieBasis,51,1.7011340893929285
08128082,"Niederstetten, Stadt",Zweitstimmen,dieBasis,26,0.8617832283725556
08128115,"Tauberbischofsheim, Stadt",Erststimmen,dieBasis,106,1.5802027429934407
08128115,"Tauberbischofsheim, Stadt",Zweitstimmen,dieBasis,43,0.6353427895981087
08128126,"Weikersheim, Stadt",Erststimmen,dieBasis,67,1.5059563946954373
08128126,"Weikersheim, Stadt",Zweitstimmen,dieBasis,22,0.49183992845964675
08128128,Werbach,Erststimmen,dieBasis,37,1.9220779220779223
08128128,Werbach,Zweitstimmen,dieBasis,9,0.46439628482972134
08128131,"Wertheim, Stadt",Erststimmen,dieBasis,211,1.9853217914941663
08128131,"Wertheim, Stadt",Zweitstimmen,dieBasis,76,0.7128118551866441
08128137,Wittighausen,Erststimmen,dieBasis,14,1.3902681231380336
08128137,Wittighausen,Zweitstimmen,dieBasis,6,0.5946481665014867
08128138,Ahorn,Erststimmen,dieBasis,25,1.7605633802816902
08128138,Ahorn,Zweitstimmen,dieBasis,15,1.0548523206751055
08128139,"Lauda-Königshofen, Stadt",Erststimmen,dieBasis,108,1.4699877501020826
08128139,"Lauda-Königshofen, Stadt",Zweitstimmen,dieBasis,38,0.5142083897158322
08135010,Dischingen,Erststimmen,dieBasis,0,0.0
08135010,Dischingen,Zweitstimmen,dieBasis,7,0.28237192416296897
08135015,Gerstetten,Erststimmen,dieBasis,0,0.0
08135015,Gerstetten,Zweitstimmen,dieBasis,11,0.17421602787456447
08135016,"Giengen an der Brenz, Stadt",Erststimmen,dieBasis,0,0.0
08135016,"Giengen an der Brenz, Stadt",Zweitstimmen,dieBasis,20,0.2586652871184687
08135019,"Heidenheim an der Brenz, Stadt",Erststimmen,dieBasis,0,0.0
08135019,"Heidenheim an der Brenz, Stadt",Zweitstimmen,dieBasis,59,0.3150699562106163
08135020,"Herbrechtingen, Stadt",Erststimmen,dieBasis,0,0.0
08135020,"Herbrechtingen, Stadt",Zweitstimmen,dieBasis,25,0.3847929813760197
08135021,Hermaringen,Erststimmen,dieBasis,0,0.0
08135021,Hermaringen,Zweitstimmen,dieBasis,3,0.23201856148491878
08135025,Königsbronn,Erststimmen,dieBasis,0,0.0
08135025,Königsbronn,Zweitstimmen,dieBasis,16,0.42038885969521805
08135026,Nattheim,Erststimmen,dieBasis,0,0.0
08135026,Nattheim,Zweitstimmen,dieBasis,11,0.2958579881656805
08135027,"Niederstotzingen, Stadt",Erststimmen,dieBasis,0,0.0
08135027,"Niederstotzingen, Stadt",Zweitstimmen,dieBasis,5,0.19661816751867872
08135031,Sontheim an der Brenz,Erststimmen,dieBasis,0,0.0
08135031,Sontheim an der Brenz,Zweitstimmen,dieBasis,4,0.12742911755336095
08135032,Steinheim am Albuch,Erststimmen,dieBasis,0,0.0
08135032,Steinheim am Albuch,Zweitstimmen,dieBasis,14,0.30224525043177897
08216002,Au am Rhein,Erststimmen,dieBasis,0,0.0
08216002,Au am Rhein,Zweitstimmen,dieBasis,9,0.46343975283213185
08216005,Bietigheim,Erststimmen,dieBasis,0,0.0
08216005,Bietigheim,Zweitstimmen,dieBasis,9,0.2636976267213595
08216006,Bischweier,Erststimmen,dieBasis,0,0.0
08216006,Bischweier,Zweitstimmen,dieBasis,11,0.634737449509521
08216009,Durmersheim,Erststimmen,dieBasis,0,0.0
08216009,Durmersheim,Zweitstimmen,dieBasis,10,0.169548999660902
08216012,Elchesheim-Illingen,Erststimmen,dieBasis,0,0.0
08216012,Elchesheim-Illingen,Zweitstimmen,dieBasis,4,0.2242152466367713
08216013,Forbach,Erststimmen,dieBasis,0,0.0
08216013,Forbach,Zweitstimmen,dieBasis,6,0.24989587671803418
08216015,"Gaggenau, Stadt",Erststimmen,dieBasis,0,0.0
08216015,"Gaggenau, Stadt",Zweitstimmen,dieBasis,57,0.40790038643194504
08216017,"Gernsbach, Stadt",Erststimmen,dieBasis,0,0.0
08216017,"Gernsbach, Stadt",Zweitstimmen,dieBasis,20,0.286000286000286
08216023,Iffezheim,Erststimmen,dieBasis,0,0.0
08216023,Iffezheim,Zweitstimmen,dieBasis,7,0.26375282592313487
08216024,"Kuppenheim, Stadt",Erststimmen,dieBasis,0,0.0
08216024,"Kuppenheim, Stadt",Zweitstimmen,dieBasis,7,0.16362786348761105
08216029,Loffenau,Erststimmen,dieBasis,0,0.0
08216029,Loffenau,Zweitstimmen,dieBasis,13,0.9767092411720512
08216033,Muggensturm,Erststimmen,dieBasis,0,0.0
08216033,Muggensturm,Zweitstimmen,dieBasis,7,0.215916101172116
08216039,Ötigheim,Erststimmen,dieBasis,0,0.0
08216039,Ötigheim,Zweitstimmen,dieBasis,5,0.17927572606669057
08216043,"Rastatt, Stadt",Erststimmen,dieBasis,0,0.0
08216043,"Rastatt, Stadt",Zweitstimmen,dieBasis,56,0.30679888237549996
08216052,Steinmauern,Erststimmen,dieBasis,0,0.0
08216052,Steinmauern,Zweitstimmen,dieBasis,6,0.36319612590799033
08216059,Weisenbach,Erststimmen,dieBasis,0,0.0
08216059,Weisenbach,Zweitstimmen,dieBasis,3,0.23603461841070023
08231000,"Pforzheim, Stadt",Erststimmen,dieBasis,0,0.0
08231000,"Pforzheim, Stadt",Zweitstimmen,dieBasis,70,0.1725200246457178
08235006,"Altensteig, Stadt",Erststimmen,dieBasis,0,0.0
08235006,"Altensteig, Stadt",Zweitstimmen,dieBasis,7,0.14344262295081966
08235007,Althengstett,Erststimmen,dieBasis,0,0.0
08235007,Althengstett,Zweitstimmen,dieBasis,7,0.15273838097316167
08235008,"Bad Liebenzell, Stadt",Erststimmen,dieBasis,0,0.0
08235008,"Bad Liebenzell, Stadt",Zweitstimmen,dieBasis,28,0.5786319487497417
08235018,Dobel,Erststimmen,dieBasis,0,0.0
08235018,Dobel,Zweitstimmen,dieBasis,7,0.5843071786310517
08235020,Ebhausen,Erststimmen,dieBasis,0,0.0
08235020,Ebhausen,Zweitstimmen,dieBasis,4,0.16576875259013676
08235022,Egenhausen,Erststimmen,dieBasis,0,0.0
08235022,Egenhausen,Zweitstimmen,dieBasis,3,0.2548853016142736
08235025,Enzklösterle,Erststimmen,dieBasis,0,0.0
08235025,Enzklösterle,Zweitstimmen,dieBasis,4,0.5594405594405595
08235029,Gechingen,Erststimmen,dieBasis,0,0.0
08235029,Gechingen,Zweitstimmen,dieBasis,3,0.14150943396226415
08235032,"Haiterbach, Stadt",Erststimmen,dieBasis,0,0.0
08235032,"Haiterbach, Stadt",Zweitstimmen,dieBasis,2,0.07243752263672583
08235033,"Bad Herrenalb, Stadt",Erststimmen,dieBasis,0,0.0
08235033,"Bad Herrenalb, Stadt",Zweitstimmen,dieBasis,14,0.37283621837549935
08235035,Höfen an der Enz,Erststimmen,dieBasis,0,0.0
08235035,Höfen an der Enz,Zweitstimmen,dieBasis,2,0.2509410288582183
08235046,"Nagold, Stadt",Erststimmen,dieBasis,0,0.0
08235046,"Nagold, Stadt",Zweitstimmen,dieBasis,14,0.13191369075661924
08235047,"Neubulach, Stadt",Erststimmen,dieBasis,0,0.0
08235047,"Neubulach, Stadt",Zweitstimmen,dieBasis,4,0.12099213551119178
08235050,Neuweiler,Erststimmen,dieBasis,0,0.0
08235050,Neuweiler,Zweitstimmen,dieBasis,3,0.15756302521008403
08235055,Oberreichenbach,Erststimmen,dieBasis,0,0.0
08235055,Oberreichenbach,Zweitstimmen,dieBasis,2,0.10706638115631692
08235057,Ostelsheim,Erststimmen,dieBasis,0,0.0
08235057,Ostelsheim,Zweitstimmen,dieBasis,5,0.34818941504178275
08235060,Rohrdorf,Erststimmen,dieBasis,0,0.0
08235060,Rohrdorf,Zweitstimmen,dieBasis,0,0.0
08235065,Schömberg,Erststimmen,dieBasis,0,0.0
08235065,Schömberg,Zweitstimmen,dieBasis,11,0.2980222162015714
08235066,Simmersfeld,Erststimmen,dieBasis,0,0.0
08235066,Simmersfeld,Zweitstimmen,dieBasis,1,0.07855459544383347
08235067,Simmozheim,Erststimmen,dieBasis,0,0.0
08235067,Simmozheim,Zweitstimmen,dieBasis,3,0.18598884066955984
08235073,Unterreichenbach,Erststimmen,dieBasis,0,0.0
08235073,Unterreichenbach,Zweitstimmen,dieBasis,2,0.17559262510974538
08235079,"Bad Wildbad, Stadt",Erststimmen,dieBasis,0,0.0
08235079,"Bad Wildbad, Stadt",Zweitstimmen,dieBasis,7,0.16282856478250757
08235080,"Wildberg, Stadt",Erststimmen,dieBasis,0,0.0
08235080,"Wildberg, Stadt",Zweitstimmen,dieBasis,14,0.2508061626657112
08235084,"Bad Teinach-Zavelstein, Stadt",Erststimmen,dieBasis,0,0.0
08235084,"Bad Teinach-Zavelstein, Stadt",Zweitstimmen,dieBasis,3,0.1697792869269949
08235085,"Calw, Stadt",Erststimmen,dieBasis,0,0.0
08235085,"Calw, Stadt",Zweitstimmen,dieBasis,21,0.19790783149561775
08236004,Birkenfeld,Erststimmen,dieBasis,0,0.0
08236004,Birkenfeld,Zweitstimmen,dieBasis,12,0.23677979479084454
08236011,Eisingen,Erststimmen,dieBasis,0,0.0
08236011,Eisingen,Zweitstimmen,dieBasis,7,0.2969876962240136
08236013,Engelsbrand,Erststimmen,dieBasis,0,0.0
08236013,Engelsbrand,Zweitstimmen,dieBasis,2,0.08183306055646482
08236019,Friolzheim,Erststimmen,dieBasis,0,0.0
08236019,Friolzheim,Zweitstimmen,dieBasis,8,0.38022813688212925
08236025,"Heimsheim, Stadt",Erststimmen,dieBasis,0,0.0
08236025,"Heimsheim, Stadt",Zweitstimmen,dieBasis,2,0.07518796992481204
08236028,Illingen,Erststimmen,dieBasis,0,0.0
08236028,Illingen,Zweitstimmen,dieBasis,11,0.2751375687843922
08236030,Ispringen,Erststimmen,dieBasis,0,0.0
08236030,Ispringen,Zweitstimmen,dieBasis,9,0.3205128205128205
08236031,Kieselbronn,Erststimmen,dieBasis,0,0.0
08236031,Kieselbronn,Zweitstimmen,dieBasis,3,0.18656716417910446
08236033,"Knittlingen, Stadt",Erststimmen,dieBasis,0,0.0
08236033,"Knittlingen, Stadt",Zweitstimmen,dieBasis,12,0.3018867924528302
08236038,"Maulbronn, Stadt",Erststimmen,dieBasis,0,0.0
08236038,"Maulbronn, Stadt",Zweitstimmen,dieBasis,8,0.2444240757714635
08236039,Mönsheim,Erststimmen,dieBasis,0,0.0
08236039,Mönsheim,Zweitstimmen,dieBasis,3,0.18987341772151897
08236040,"Mühlacker, Stadt",Erststimmen,dieBasis,0,0.0
08236040,"Mühlacker, Stadt",Zweitstimmen,dieBasis,17,0.1579191825359963
08236043,"Neuenbürg, Stadt",Erststimmen,dieBasis,0,0.0
08236043,"Neuenbürg, Stadt",Zweitstimmen,dieBasis,7,0.1897018970189702
08236044,Neuhausen,Erststimmen,dieBasis,0,0.0
08236044,Neuhausen,Zweitstimmen,dieBasis,14,0.45901639344262296
08236046,Niefern-Öschelbronn,Erststimmen,dieBasis,0,0.0
08236046,Niefern-Öschelbronn,Zweitstimmen,dieBasis,12,0.2147074610842727
08236050,Ötisheim,Erststimmen,dieBasis,0,0.0
08236050,Ötisheim,Zweitstimmen,dieBasis,2,0.07864726700747149
08236061,Sternenfels,Erststimmen,dieBasis,0,0.0
08236061,Sternenfels,Zweitstimmen,dieBasis,10,0.6426735218508998
08236062,Tiefenbronn,Erststimmen,dieBasis,0,0.0
08236062,Tiefenbronn,Zweitstimmen,dieBasis,4,0.12433944668946223
08236065,Wiernsheim,Erststimmen,dieBasis,0,0.0
08236065,Wiernsheim,Zweitstimmen,dieBasis,10,0.2602811035918792
08236067,Wimsheim,Erststimmen,dieBasis,0,0.0
08236067,Wimsheim,Zweitstimmen,dieBasis,3,0.18427518427518427
08236068,Wurmberg,Erststimmen,dieBasis,0,0.0
08236068,Wurmberg,Zweitstimmen,dieBasis,2,0.1226993865030675
08236070,Keltern,Erststimmen,dieBasis,0,0.0
08236070,Keltern,Zweitstimmen,dieBasis,12,0.22839741149600304
08236071,Remchingen,Erststimmen,dieBasis,0,0.0
08236071,Remchingen,Zweitstimmen,dieBasis,12,0.1851566116340071
08236072,Straubenhardt,Erststimmen,dieBasis,0,0.0
08236072,Straubenhardt,Zweitstimmen,dieBasis,13,0.21169190685556097
08236073,Neulingen,Erststimmen,dieBasis,0,0.0
08236073,Neulingen,Zweitstimmen,dieBasis,12,0.3246753246753247
08236074,Kämpfelbach,Erststimmen,dieBasis,0,0.0
08236074,Kämpfelbach,Zweitstimmen,dieBasis,8,0.22290331568682087
08236075,Ölbronn-Dürrn,Erststimmen,dieBasis,0,0.0
08236075,Ölbronn-Dürrn,Zweitstimmen,dieBasis,7,0.35714285714285715
08236076,Königsbach-Stein,Erststimmen,dieBasis,0,0.0
08236076,Königsbach-Stein,Zweitstimmen,dieBasis,12,0.21516944593867668
08237002,"Alpirsbach, Stadt",Erststimmen,dieBasis,0,0.0
08237002,"Alpirsbach, Stadt",Zweitstimmen,dieBasis,12,0.3867225265871737
08237004,Baiersbronn,Erststimmen,dieBasis,0,0.0
08237004,Baiersbronn,Zweitstimmen,dieBasis,9,0.12144110106598299
08237019,"Dornstetten, Stadt",Erststimmen,dieBasis,0,0.0
08237019,"Dornstetten, Stadt",Zweitstimmen,dieBasis,7,0.17279684028634903
08237024,Empfingen,Erststimmen,dieBasis,0,0.0
08237024,Empfingen,Zweitstimmen,dieBasis,6,0.2699055330634278
08237027,Eutingen im Gäu,Erststimmen,dieBasis,0,0.0
08237027,Eutingen im Gäu,Zweitstimmen,dieBasis,4,0.11890606420927466
08237028,"Freudenstadt, Stadt",Erststimmen,dieBasis,0,0.0
08237028,"Freudenstadt, Stadt",Zweitstimmen,dieBasis,23,0.21302213577845697
08237030,Glatten,Erststimmen,dieBasis,0,0.0
08237030,Glatten,Zweitstimmen,dieBasis,1,0.07052186177715092
08237032,Grömbach,Erststimmen,dieBasis,0,0.0
08237032,Grömbach,Zweitstimmen,dieBasis,0,0.0
08237040,"Horb am Neckar, Stadt",Erststimmen,dieBasis,0,0.0
08237040,"Horb am Neckar, Stadt",Zweitstimmen,dieBasis,35,0.2797314578005115
08237045,Loßburg,Erststimmen,dieBasis,0,0.0
08237045,Loßburg,Zweitstimmen,dieBasis,8,0.1786511835640911
08237054,Pfalzgrafenweiler,Erststimmen,dieBasis,0,0.0
08237054,Pfalzgrafenweiler,Zweitstimmen,dieBasis,10,0.273224043715847
08237061,Schopfloch,Erststimmen,dieBasis,0,0.0
08237061,Schopfloch,Zweitstimmen,dieBasis,2,0.12812299807815503
08237072,Wörnersberg,Erststimmen,dieBasis,0,0.0
08237072,Wörnersberg,Zweitstimmen,dieBasis,0,0.0
08237073,Seewald,Erststimmen,dieBasis,0,0.0
08237073,Seewald,Zweitstimmen,dieBasis,3,0.25380710659898476
08237074,Waldachtal,Erststimmen,dieBasis,0,0.0
08237074,Waldachtal,Zweitstimmen,dieBasis,5,0.15537600994406464
08237075,Bad Rippoldsau-Schapbach,Erststimmen,dieBasis,0,0.0
08237075,Bad Rippoldsau-Schapbach,Zweitstimmen,dieBasis,2,0.16012810248198558
08316002,Bahlingen am Kaiserstuhl,Erststimmen,dieBasis,0,0.0
08316002,Bahlingen am Kaiserstuhl,Zweitstimmen,dieBasis,7,0.2699575780948708
08316003,Biederbach,Erststimmen,dieBasis,0,0.0
08316003,Biederbach,Zweitstimmen,dieBasis,0,0.0
08316009,Denzlingen,Erststimmen,dieBasis,0,0.0
08316009,Denzlingen,Zweitstimmen,dieBasis,36,0.48906398587148486
08316010,"Elzach, Stadt",Erststimmen,dieBasis,0,0.0
08316010,"Elzach, Stadt",Zweitstimmen,dieBasis,8,0.18630647414997673
08316011,"Emmendingen, Stadt",Erststimmen,dieBasis,0,0.0
08316011,"Emmendingen, Stadt",Zweitstimmen,dieBasis,62,0.44034090909090906
08316012,"Endingen am Kaiserstuhl, Stadt",Erststimmen,dieBasis,0,0.0
08316012,"Endingen am Kaiserstuhl, Stadt",Zweitstimmen,dieBasis,7,0.12152777777777778
08316013,Forchheim,Erststimmen,dieBasis,0,0.0
08316013,Forchheim,Zweitstimmen,dieBasis,0,0.0
08316014,Gutach im Breisgau,Erststimmen,dieBasis,0,0.0
08316014,Gutach im Breisgau,Zweitstimmen,dieBasis,14,0.5313092979127134
08316017,"Herbolzheim, Stadt",Erststimmen,dieBasis,0,0.0
08316017,"Herbolzheim, Stadt",Zweitstimmen,dieBasis,18,0.3412322274881517
08316020,"Kenzingen, Stadt",Erststimmen,dieBasis,0,0.0
08316020,"Kenzingen, Stadt",Zweitstimmen,dieBasis,15,0.26896180742334586
08316024,Malterdingen,Erststimmen,dieBasis,0,0.0
08316024,Malterdingen,Zweitstimmen,dieBasis,4,0.21019442984760903
08316036,Reute,Erststimmen,dieBasis,0,0.0
08316036,Reute,Zweitstimmen,dieBasis,7,0.40229885057471265
08316037,Riegel am Kaiserstuhl,Erststimmen,dieBasis,0,0.0
08316037,Riegel am Kaiserstuhl,Zweitstimmen,dieBasis,8,0.39603960396039606
08316038,Sasbach am Kaiserstuhl,Erststimmen,dieBasis,0,0.0
08316038,Sasbach am Kaiserstuhl,Zweitstimmen,dieBasis,6,0.2921129503407984
08316039,Sexau,Erststimmen,dieBasis,0,0.0
08316039,Sexau,Zweitstimmen,dieBasis,5,0.23696682464454977
08316042,Simonswald,Erststimmen,dieBasis,0,0.0
08316042,Simonswald,Zweitstimmen,dieBasis,6,0.33860045146726864
08316043,Teningen,Erststimmen,dieBasis,0,0.0
08316043,Teningen,Zweitstimmen,dieBasis,22,0.3424657534246575
08316045,Vörstetten,Erststimmen,dieBasis,0,0.0
08316045,Vörstetten,Zweitstimmen,dieBasis,10,0.5279831045406547
08316049,Weisweil,Erststimmen,dieBasis,0,0.0
08316049,Weisweil,Zweitstimmen,dieBasis,3,0.24
08316051,Wyhl am Kaiserstuhl,Erststimmen,dieBasis,0,0.0
08316051,Wyhl am Kaiserstuhl,Zweitstimmen,dieBasis,8,0.3864734299516908
08316053,Rheinhausen im Breisgau,Erststimmen,dieBasis,0,0.0
08316053,Rheinhausen im Breisgau,Zweitstimmen,dieBasis,8,0.35211267605633806
08316054,Freiamt,Erststimmen,dieBasis,0,0.0
08316054,Freiamt,Zweitstimmen,dieBasis,11,0.43807248108323377
08316055,Winden im Elztal,Erststimmen,dieBasis,0,0.0
08316055,Winden im Elztal,Zweitstimmen,dieBasis,8,0.4895960832313341
08316056,"Waldkirch, Stadt",Erststimmen,dieBasis,0,0.0
08316056,"Waldkirch, Stadt",Zweitstimmen,dieBasis,44,0.3898635477582846
08325001,Aichhalden,Erststimmen,dieBasis,0,0.0
08325001,Aichhalden,Zweitstimmen,dieBasis,12,0.4707728520988623
08325009,Bösingen,Erststimmen,dieBasis,0,0.0
08325009,Bösingen,Zweitstimmen,dieBasis,6,0.29027576197387517
08325011,Dietingen,Erststimmen,dieBasis,0,0.0
08325011,Dietingen,Zweitstimmen,dieBasis,10,0.41981528127623846
08325012,"Dornhan, Stadt",Erststimmen,dieBasis,0,0.0
08325012,"Dornhan, Stadt",Zweitstimmen,dieBasis,9,0.25090604962364094
08325014,Dunningen,Erststimmen,dieBasis,0,0.0
08325014,Dunningen,Zweitstimmen,dieBasis,2,0.05379236148466917
08325015,Epfendorf,Erststimmen,dieBasis,0,0.0
08325015,Epfendorf,Zweitstimmen,dieBasis,6,0.3320420586607637
08325024,Hardt,Erststimmen,dieBasis,0,0.0
08325024,Hardt,Zweitstimmen,dieBasis,4,0.24009603841536614
08325036,Lauterbach,Erststimmen,dieBasis,0,0.0
08325036,Lauterbach,Zweitstimmen,dieBasis,4,0.2684563758389262
08325045,"Oberndorf am Neckar, Stadt",Erststimmen,dieBasis,0,0.0
08325045,"Oberndorf am Neckar, Stadt",Zweitstimmen,dieBasis,15,0.23415547923821417
08325049,"Rottweil, Stadt",Erststimmen,dieBasis,0,0.0
08325049,"Rottweil, Stadt",Zweitstimmen,dieBasis,22,0.1826180791898398
08325050,Schenkenzell,Erststimmen,dieBasis,0,0.0
08325050,Schenkenzell,Zweitstimmen,dieBasis,2,0.1926782273603083
08325051,"Schiltach, Stadt",Erststimmen,dieBasis,0,0.0
08325051,"Schiltach, Stadt",Zweitstimmen,dieBasis,4,0.1976284584980237
08325053,"Schramberg, Stadt",Erststimmen,dieBasis,0,0.0
08325053,"Schramberg, Stadt",Zweitstimmen,dieBasis,23,0.24439485708213793
08325057,"Sulz am Neckar, Stadt",Erststimmen,dieBasis,0,0.0
08325057,"Sulz am Neckar, Stadt",Zweitstimmen,dieBasis,9,0.14560750687591004
08325060,Villingendorf,Erststimmen,dieBasis,0,0.0
08325060,Villingendorf,Zweitstimmen,dieBasis,13,0.6831318970047293
08325061,Vöhringen,Erststimmen,dieBasis,0,0.0
08325061,Vöhringen,Zweitstimmen,dieBasis,3,0.12738853503184713
08325064,Wellendingen,Erststimmen,dieBasis,0,0.0
08325064,Wellendingen,Zweitstimmen,dieBasis,1,0.06024096385542169
08325069,Zimmern ob Rottweil,Erststimmen,dieBasis,0,0.0
08325069,Zimmern ob Rottweil,Zweitstimmen,dieBasis,20,0.5979073243647235
08325070,Fluorn-Winzeln,Erststimmen,dieBasis,0,0.0
08325070,Fluorn-Winzeln,Zweitstimmen,dieBasis,9,0.5022321428571429
08325071,Eschbronn,Erststimmen,dieBasis,0,0.0
08325071,Eschbronn,Zweitstimmen,dieBasis,6,0.4698512137823023
08325072,Deißlingen,Erststimmen,dieBasis,0,0.0
08325072,Deißlingen,Zweitstimmen,dieBasis,9,0.2787240631774543
08326003,"Bad Dürrheim, Stadt",Erststimmen,dieBasis,0,0.0
08326003,"Bad Dürrheim, Stadt",Zweitstimmen,dieBasis,17,0.24970622796709752
08326005,"Blumberg, Stadt",Erststimmen,dieBasis,0,0.0
08326005,"Blumberg, Stadt",Zweitstimmen,dieBasis,22,0.5007967220578192
08326006,"Bräunlingen, Stadt",Erststimmen,dieBasis,0,0.0
08326006,"Bräunlingen, Stadt",Zweitstimmen,dieBasis,5,0.1585791309863622
08326010,Dauchingen,Erststimmen,dieBasis,0,0.0
08326010,Dauchingen,Zweitstimmen,dieBasis,6,0.2859866539561487
08326012,"Donaueschingen, Stadt",Erststimmen,dieBasis,0,0.0
08326012,"Donaueschingen, Stadt",Zweitstimmen,dieBasis,39,0.3701243238113315
08326017,"Furtwangen im Schwarzwald, Stadt",Erststimmen,dieBasis,0,0.0
08326017,"Furtwangen im Schwarzwald, Stadt",Zweitstimmen,dieBasis,20,0.501002004008016
08326020,Gütenbach,Erststimmen,dieBasis,0,0.0
08326020,Gütenbach,Zweitstimmen,dieBasis,2,0.3558718861209964
08326027,"Hüfingen, Stadt",Erststimmen,dieBasis,0,0.0
08326027,"Hüfingen, Stadt",Zweitstimmen,dieBasis,14,0.3543406732472792
08326031,Königsfeld im Schwarzwald,Erststimmen,dieBasis,0,0.0
08326031,Königsfeld im Schwarzwald,Zweitstimmen,dieBasis,23,0.6515580736543909
08326037,Mönchweiler,Erststimmen,dieBasis,0,0.0
08326037,Mönchweiler,Zweitstimmen,dieBasis,5,0.30156815440289503
08326041,Niedereschach,Erststimmen,dieBasis,0,0.0
08326041,Niedereschach,Zweitstimmen,dieBasis,7,0.21027335536197056
08326052,"St. Georgen im Schwarzwald, Stadt",Erststimmen,dieBasis,0,0.0
08326052,"St. Georgen im Schwarzwald, Stadt",Zweitstimmen,dieBasis,22,0.3566218187712757
08326054,Schönwald im Schwarzwald,Erststimmen,dieBasis,0,0.0
08326054,Schönwald im Schwarzwald,Zweitstimmen,dieBasis,7,0.5275056518462697
08326055,Schonach im Schwarzwald,Erststimmen,dieBasis,0,0.0
08326055,Schonach im Schwarzwald,Zweitstimmen,dieBasis,8,0.37968675842429994
08326060,"Triberg im Schwarzwald, Stadt",Erststimmen,dieBasis,0,0.0
08326060,"Triberg im Schwarzwald, Stadt",Zweitstimmen,dieBasis,3,0.16759776536312848
08326061,Tuningen,Erststimmen,dieBasis,0,0.0
08326061,Tuningen,Zweitstimmen,dieBasis,5,0.3001200480192077
08326065,Unterkirnach,Erststimmen,dieBasis,0,0.0
08326065,Unterkirnach,Zweitstimmen,dieBasis,6,0.4780876494023904
08326068,"Vöhrenbach, Stadt",Erststimmen,dieBasis,0,0.0
08326068,"Vöhrenbach, Stadt",Zweitstimmen,dieBasis,5,0.29655990510083036
08326074,"Villingen-Schwenningen, Stadt",Erststimmen,dieBasis,0,0.0
08326074,"Villingen-Schwenningen, Stadt",Zweitstimmen,dieBasis,94,0.26795895096921324
08326075,Brigachtal,Erststimmen,dieBasis,0,0.0
08326075,Brigachtal,Zweitstimmen,dieBasis,14,0.4776526782668032
08327002,Aldingen,Erststimmen,dieBasis,0,0.0
08327002,Aldingen,Zweitstimmen,dieBasis,11,0.3400309119010819
08327004,Bärenthal,Erststimmen,dieBasis,0,0.0
08327004,Bärenthal,Zweitstimmen,dieBasis,0,0.0
08327005,Balgheim,Erststimmen,dieBasis,0,0.0
08327005,Balgheim,Zweitstimmen,dieBasis,0,0.0
08327006,Böttingen,Erststimmen,dieBasis,0,0.0
08327006,Böttingen,Zweitstimmen,dieBasis,2,0.2466091245376079
08327007,Bubsheim,Erststimmen,dieBasis,0,0.0
08327007,Bubsheim,Zweitstimmen,dieBasis,0,0.0
08327008,Buchheim,Erststimmen,dieBasis,0,0.0
08327008,Buchheim,Zweitstimmen,dieBasis,2,0.4424778761061947
08327009,Deilingen,Erststimmen,dieBasis,0,0.0
08327009,Deilingen,Zweitstimmen,dieBasis,1,0.1049317943336831
08327010,Denkingen,Erststimmen,dieBasis,0,0.0
08327010,Denkingen,Zweitstimmen,dieBasis,9,0.6081081081081081
08327011,Dürbheim,Erststimmen,dieBasis,0,0.0
08327011,Dürbheim,Zweitstimmen,dieBasis,3,0.30895983522142123
08327012,Durchhausen,Erststimmen,dieBasis,0,0.0
08327012,Durchhausen,Zweitstimmen,dieBasis,3,0.5671077504725899
08327013,Egesheim,Erststimmen,dieBasis,0,0.0
08327013,Egesheim,Zweitstimmen,dieBasis,0,0.0
08327016,"Fridingen an der Donau, Stadt",Erststimmen,dieBasis,0,0.0
08327016,"Fridingen an der Donau, Stadt",Zweitstimmen,dieBasis,4,0.23880597014925373
08327017,Frittlingen,Erststimmen,dieBasis,0,0.0
08327017,Frittlingen,Zweitstimmen,dieBasis,0,0.0
08327018,"Geisingen, Stadt",Erststimmen,dieBasis,0,0.0
08327018,"Geisingen, Stadt",Zweitstimmen,dieBasis,11,0.36556995679627785
08327019,Gosheim,Erststimmen,dieBasis,0,0.0
08327019,Gosheim,Zweitstimmen,dieBasis,8,0.4616272360069244
08327020,Gunningen,Erststimmen,dieBasis,0,0.0
08327020,Gunningen,Zweitstimmen,dieBasis,1,0.24449877750611246
08327023,Hausen ob Verena,Erststimmen,dieBasis,0,0.0
08327023,Hausen ob Verena,Zweitstimmen,dieBasis,2,0.4098360655737705
08327025,Immendingen,Erststimmen,dieBasis,0,0.0
08327025,Immendingen,Zweitstimmen,dieBasis,11,0.3624382207578254
08327027,Irndorf,Erststimmen,dieBasis,0,0.0
08327027,Irndorf,Zweitstimmen,dieBasis,1,0.22123893805309736
08327029,Königsheim,Erststimmen,dieBasis,0,0.0
08327029,Königsheim,Zweitstimmen,dieBasis,0,0.0
08327030,Kolbingen,Erststimmen,dieBasis,0,0.0
08327030,Kolbingen,Zweitstimmen,dieBasis,4,0.522875816993464
08327033,Mahlstetten,Erststimmen,dieBasis,0,0.0
08327033,Mahlstetten,Zweitstimmen,dieBasis,2,0.4158004158004158
08327036,"Mühlheim an der Donau, Stadt",Erststimmen,dieBasis,0,0.0
08327036,"Mühlheim an der Donau, Stadt",Zweitstimmen,dieBasis,5,0.2471576866040534
08327038,Neuhausen ob Eck,Erststimmen,dieBasis,0,0.0
08327038,Neuhausen ob Eck,Zweitstimmen,dieBasis,7,0.36382536382536385
08327040,Reichenbach am Heuberg,Erststimmen,dieBasis,0,0.0
08327040,Reichenbach am Heuberg,Zweitstimmen,dieBasis,0,0.0
08327041,Renquishausen,Erststimmen,dieBasis,0,0.0
08327041,Renquishausen,Zweitstimmen,dieBasis,0,0.0
08327046,"Spaichingen, Stadt",Erststimmen,dieBasis,0,0.0
08327046,"Spaichingen, Stadt",Zweitstimmen,dieBasis,10,0.1729804532087874
08327048,Talheim,Erststimmen,dieBasis,0,0.0
08327048,Talheim,Zweitstimmen,dieBasis,4,0.5563282336578581
08327049,"Trossingen, Stadt",Erststimmen,dieBasis,0,0.0
08327049,"Trossingen, Stadt",Zweitstimmen,dieBasis,27,0.4160887656033287
08327050,"Tuttlingen, Stadt",Erststimmen,dieBasis,0,0.0
08327050,"Tuttlingen, Stadt",Zweitstimmen,dieBasis,30,0.23069824669332512
08327051,Wehingen,Erststimmen,dieBasis,0,0.0
08327051,Wehingen,Zweitstimmen,dieBasis,4,0.25823111684958033
08327054,Wurmlingen,Erststimmen,dieBasis,0,0.0
08327054,Wurmlingen,Zweitstimmen,dieBasis,6,0.2785515320334262
08327055,Seitingen-Oberflacht,Erststimmen,dieBasis,0,0.0
08327055,Seitingen-Oberflacht,Zweitstimmen,dieBasis,2,0.15267175572519084
08327056,Rietheim-Weilheim,Erststimmen,dieBasis,0,0.0
08327056,Rietheim-Weilheim,Zweitstimmen,dieBasis,6,0.4158004158004158
08327057,Emmingen-Liptingen,Erststimmen,dieBasis,0,0.0
08327057,Emmingen-Liptingen,Zweitstimmen,dieBasis,6,0.22892025944296068
08336004,Aitern,Erststimmen,dieBasis,0,0.0
08336004,Aitern,Zweitstimmen,dieBasis,1,0.32573289902280134
08336006,Bad Bellingen,Erststimmen,dieBasis,0,0.0
08336006,Bad Bellingen,Zweitstimmen,dieBasis,11,0.5094951366373321
08336008,Binzen,Erststimmen,dieBasis,0,0.0
08336008,Binzen,Zweitstimmen,dieBasis,2,0.12165450121654502
08336010,Böllen,Erststimmen,dieBasis,0,0.0
08336010,Böllen,Zweitstimmen,dieBasis,0,0.0
08336014,Efringen-Kirchen,Erststimmen,dieBasis,0,0.0
08336014,Efringen-Kirchen,Zweitstimmen,dieBasis,18,0.3757828810020877
08336019,Eimeldingen,Erststimmen,dieBasis,0,0.0
08336019,Eimeldingen,Zweitstimmen,dieBasis,1,0.07739938080495357
08336024,Fischingen,Erststimmen,dieBasis,0,0.0
08336024,Fischingen,Zweitstimmen,dieBasis,1,0.23923444976076555
08336025,Fröhnd,Erststimmen,dieBasis,0,0.0
08336025,Fröhnd,Zweitstimmen,dieBasis,0,0.0
08336034,Hasel,Erststimmen,dieBasis,0,0.0
08336034,Hasel,Zweitstimmen,dieBasis,3,0.49180327868852464
08336036,Hausen im Wiesental,Erststimmen,dieBasis,0,0.0
08336036,Hausen im Wiesental,Zweitstimmen,dieBasis,3,0.24469820554649263
08336043,Inzlingen,Erststimmen,dieBasis,0,0.0
08336043,Inzlingen,Zweitstimmen,dieBasis,2,0.15026296018031557
08336050,"Lörrach, Stadt",Erststimmen,dieBasis,0,0.0
08336050,"Lörrach, Stadt",Zweitstimmen,dieBasis,41,0.19940664364573707
08336057,Maulburg,Erststimmen,dieBasis,0,0.0
08336057,Maulburg,Zweitstimmen,dieBasis,7,0.3491271820448878
08336069,"Rheinfelden (Baden), Stadt",Erststimmen,dieBasis,0,0.0
08336069,"Rheinfelden (Baden), Stadt",Zweitstimmen,dieBasis,27,0.19794721407624633
08336073,Rümmingen,Erststimmen,dieBasis,0,0.0
08336073,Rümmingen,Zweitstimmen,dieBasis,2,0.21390374331550802
08336075,Schallbach,Erststimmen,dieBasis,0,0.0
08336075,Schallbach,Zweitstimmen,dieBasis,5,1.0351966873706004
08336079,"Schönau im Schwarzwald, Stadt",Erststimmen,dieBasis,0,0.0
08336079,"Schönau im Schwarzwald, Stadt",Zweitstimmen,dieBasis,4,0.6153846153846154
08336080,Schönenberg,Erststimmen,dieBasis,0,0.0
08336080,Schönenberg,Zweitstimmen,dieBasis,1,0.6172839506172839
08336081,"Schopfheim, Stadt",Erststimmen,dieBasis,0,0.0
08336081,"Schopfheim, Stadt",Zweitstimmen,dieBasis,47,0.5005857918841198
08336082,Schwörstadt,Erststimmen,dieBasis,0,0.0
08336082,Schwörstadt,Zweitstimmen,dieBasis,2,0.1697792869269949
08336084,Steinen,Erststimmen,dieBasis,0,0.0
08336084,Steinen,Zweitstimmen,dieBasis,18,0.3373313343328336
08336087,"Todtnau, Stadt",Erststimmen,dieBasis,0,0.0
08336087,"Todtnau, Stadt",Zweitstimmen,dieBasis,13,0.5189620758483035
08336089,Tunau,Erststimmen,dieBasis,0,0.0
08336089,Tunau,Zweitstimmen,dieBasis,0,0.0
08336090,Utzenfeld,Erststimmen,dieBasis,0,0.0
08336090,Utzenfeld,Zweitstimmen,dieBasis,2,0.5830903790087464
08336091,"Weil am Rhein, Stadt",Erststimmen,dieBasis,0,0.0
08336091,"Weil am Rhein, Stadt",Zweitstimmen,dieBasis,17,0.14482876128812405
08336094,Wembach,Erststimmen,dieBasis,0,0.0
08336094,Wembach,Zweitstimmen,dieBasis,0,0.0
08336096,Wieden,Erststimmen,dieBasis,0,0.0
08336096,Wieden,Zweitstimmen,dieBasis,1,0.2932551319648094
08336100,Wittlingen,Erststimmen,dieBasis,0,0.0
08336100,Wittlingen,Zweitstimmen,dieBasis,3,0.5597014925373134
08336103,"Zell im Wiesental, Stadt",Erststimmen,dieBasis,0,0.0
08336103,"Zell im Wiesental, Stadt",Zweitstimmen,dieBasis,11,0.435471100554236
08336105,Grenzach-Wyhlen,Erststimmen,dieBasis,0,0.0
08336105,Grenzach-Wyhlen,Zweitstimmen,dieBasis,7,0.11356262167423752
08336106,Häg-Ehrsberg,Erststimmen,dieBasis,0,0.0
08336106,Häg-Ehrsberg,Zweitstimmen,dieBasis,2,0.40650406504065045
08336107,Kleines Wiesental,Erststimmen,dieBasis,0,0.0
08336107,Kleines Wiesental,Zweitstimmen,dieBasis,8,0.48396854204476714
08337002,Albbruck,Erststimmen,dieBasis,0,0.0
08337002,Albbruck,Zweitstimmen,dieBasis,14,0.37614185921547555
08337030,Dettighofen,Erststimmen,dieBasis,0,0.0
08337030,Dettighofen,Zweitstimmen,dieBasis,6,1.054481546572935
08337032,Dogern,Erststimmen,dieBasis,0,0.0
08337032,Dogern,Zweitstimmen,dieBasis,3,0.24590163934426232
08337038,Görwihl,Erststimmen,dieBasis,0,0.0
08337038,Görwihl,Zweitstimmen,dieBasis,9,0.3748438150770512
08337049,Herrischried,Erststimmen,dieBasis,0,0.0
08337049,Herrischried,Zweitstimmen,dieBasis,6,0.4434589800443459
08337053,Hohentengen am Hochrhein,Erststimmen,dieBasis,0,0.0
08337053,Hohentengen am Hochrhein,Zweitstimmen,dieBasis,11,0.583864118895966
08337060,Jestetten,Erststimmen,dieBasis,0,0.0
08337060,Jestetten,Zweitstimmen,dieBasis,3,0.14395393474088292
08337062,Klettgau,Erststimmen,dieBasis,0,0.0
08337062,Klettgau,Zweitstimmen,dieBasis,10,0.2743484224965706
08337065,Lauchringen,Erststimmen,dieBasis,0,0.0
08337065,Lauchringen,Zweitstimmen,dieBasis,12,0.32249395323837676
08337066,"Laufenburg (Baden), Stadt",Erststimmen,dieBasis,0,0.0
08337066,"Laufenburg (Baden), Stadt",Zweitstimmen,dieBasis,17,0.45515394912985274
08337070,Lottstetten,Erststimmen,dieBasis,0,0.0
08337070,Lottstetten,Zweitstimmen,dieBasis,3,0.33370411568409347
08337076,Murg,Erststimmen,dieBasis,0,0.0
08337076,Murg,Zweitstimmen,dieBasis,9,0.281866583150642
08337090,Rickenbach,Erststimmen,dieBasis,0,0.0
08337090,Rickenbach,Zweitstimmen,dieBasis,11,0.5188679245283019
08337096,"Bad Säckingen, Stadt",Erststimmen,dieBasis,0,0.0
08337096,"Bad Säckingen, Stadt",Zweitstimmen,dieBasis,17,0.23713209652671224
08337106,"Stühlingen, Stadt",Erststimmen,dieBasis,0,0.0
08337106,"Stühlingen, Stadt",Zweitstimmen,dieBasis,12,0.4209049456331112
08337116,"Wehr, Stadt",Erststimmen,dieBasis,0,0.0
08337116,"Wehr, Stadt",Zweitstimmen,dieBasis,14,0.2575896964121435
08337118,Weilheim,Erststimmen,dieBasis,0,0.0
08337118,Weilheim,Zweitstimmen,dieBasis,6,0.3110419906687403
08337123,Wutöschingen,Erststimmen,dieBasis,0,0.0
08337123,Wutöschingen,Zweitstimmen,dieBasis,8,0.25220680958385877
08337124,Eggingen,Erststimmen,dieBasis,0,0.0
08337124,Eggingen,Zweitstimmen,dieBasis,3,0.3215434083601286
08337125,Küssaberg,Erststimmen,dieBasis,0,0.0
08337125,Küssaberg,Zweitstimmen,dieBasis,10,0.35285815102328866
08337126,"Waldshut-Tiengen, Stadt",Erststimmen,dieBasis,0,0.0
08337126,"Waldshut-Tiengen, Stadt",Zweitstimmen,dieBasis,22,0.2315058402609702
08416006,Bodelshausen,Erststimmen,dieBasis,0,0.0
08416006,Bodelshausen,Zweitstimmen,dieBasis,6,0.22770398481973433
08416009,Dettenhausen,Erststimmen,dieBasis,0,0.0
08416009,Dettenhausen,Zweitstimmen,dieBasis,3,0.09404388714733543
08416018,Hirrlingen,Erststimmen,dieBasis,0,0.0
08416018,Hirrlingen,Zweitstimmen,dieBasis,3,0.17084282460136674
08416025,"Mössingen, Stadt",Erststimmen,dieBasis,0,0.0
08416025,"Mössingen, Stadt",Zweitstimmen,dieBasis,26,0.24802060478870555
08416031,Ofterdingen,Erststimmen,dieBasis,0,0.0
08416031,Ofterdingen,Zweitstimmen,dieBasis,9,0.3235082674335011
08416036,"Rottenburg am Neckar, Stadt",Erststimmen,dieBasis,0,0.0
08416036,"Rottenburg am Neckar, Stadt",Zweitstimmen,dieBasis,54,0.23464998044583496
08416041,"Tübingen, Universitätsstadt",Erststimmen,dieBasis,0,0.0
08416041,"Tübingen, Universitätsstadt",Zweitstimmen,dieBasis,99,0.1920577337187421
08416048,Ammerbuch,Erststimmen,dieBasis,0,0.0
08416048,Ammerbuch,Zweitstimmen,dieBasis,15,0.22344704305079696
08416049,Neustetten,Erststimmen,dieBasis,0,0.0
08416049,Neustetten,Zweitstimmen,dieBasis,3,0.14071294559099437
08416050,Starzach,Erststimmen,dieBasis,0,0.0
08416050,Starzach,Zweitstimmen,dieBasis,16,0.6196746707978312
08417002,"Balingen, Stadt",Erststimmen,dieBasis,0,0.0
08417002,"Balingen, Stadt",Zweitstimmen,dieBasis,45,0.2563080252890585
08417008,Bisingen,Erststimmen,dieBasis,0,0.0
08417008,Bisingen,Zweitstimmen,dieBasis,19,0.3847711624139328
08417010,Bitz,Erststimmen,dieBasis,0,0.0
08417010,Bitz,Zweitstimmen,dieBasis,7,0.3453379378391712
08417014,Dautmergen,Erststimmen,dieBasis,0,0.0
08417014,Dautmergen,Zweitstimmen,dieBasis,1,0.3875968992248062
08417015,Dormettingen,Erststimmen,dieBasis,0,0.0
08417015,Dormettingen,Zweitstimmen,dieBasis,2,0.3412969283276451
08417016,Dotternhausen,Erststimmen,dieBasis,0,0.0
08417016,Dotternhausen,Zweitstimmen,dieBasis,2,0.18656716417910446
08417022,"Geislingen, Stadt",Erststimmen,dieBasis,0,0.0
08417022,"Geislingen, Stadt",Zweitstimmen,dieBasis,11,0.32582938388625593
08417023,Grosselfingen,Erststimmen,dieBasis,0,0.0
08417023,Grosselfingen,Zweitstimmen,dieBasis,5,0.43975373790677225
08417025,"Haigerloch, Stadt",Erststimmen,dieBasis,0,0.0
08417025,"Haigerloch, Stadt",Zweitstimmen,dieBasis,24,0.4214223002633889
08417029,Hausen am Tann,Erststimmen,dieBasis,0,0.0
08417029,Hausen am Tann,Zweitstimmen,dieBasis,2,0.7662835249042145
08417044,"Meßstetten, Stadt",Erststimmen,dieBasis,0,0.0
08417044,"Meßstetten, Stadt",Zweitstimmen,dieBasis,15,0.2706115821757171
08417045,Nusplingen,Erststimmen,dieBasis,0,0.0
08417045,Nusplingen,Zweitstimmen,dieBasis,3,0.30060120240480964
08417047,Obernheim,Erststimmen,dieBasis,0,0.0
08417047,Obernheim,Zweitstimmen,dieBasis,2,0.23391812865497078
08417051,Rangendingen,Erststimmen,dieBasis,0,0.0
08417051,Rangendingen,Zweitstimmen,dieBasis,9,0.31435557107928747
08417052,Ratshausen,Erststimmen,dieBasis,0,0.0
08417052,Ratshausen,Zweitstimmen,dieBasis,0,0.0
08417054,"Rosenfeld, Stadt",Erststimmen,dieBasis,0,0.0
08417054,"Rosenfeld, Stadt",Zweitstimmen,dieBasis,12,0.34423407917383825
08417057,"Schömberg, Stadt",Erststimmen,dieBasis,0,0.0
08417057,"Schömberg, Stadt",Zweitstimmen,dieBasis,7,0.31746031746031744
08417063,Straßberg,Erststimmen,dieBasis,0,0.0
08417063,Straßberg,Zweitstimmen,dieBasis,5,0.34891835310537334
08417071,Weilen unter den Rinnen,Erststimmen,dieBasis,0,0.0
08417071,Weilen unter den Rinnen,Zweitstimmen,dieBasis,0,0.0
08417075,Winterlingen,Erststimmen,dieBasis,0,0.0
08417075,Winterlingen,Zweitstimmen,dieBasis,10,0.3001200480192077
08417078,Zimmern unter der Burg,Erststimmen,dieBasis,0,0.0
08417078,Zimmern unter der Burg,Zweitstimmen,dieBasis,1,0.34965034965034963
08417079,"Albstadt, Stadt",Erststimmen,dieBasis,0,0.0
08417079,"Albstadt, Stadt",Zweitstimmen,dieBasis,27,0.14353303917920365
08425002,Allmendingen,Erststimmen,dieBasis,0,0.0
08425002,Allmendingen,Zweitstimmen,dieBasis,5,0.1867762420620097
08425004,Altheim,Erststimmen,dieBasis,0,0.0
08425004,Altheim,Zweitstimmen,dieBasis,2,0.7272727272727273
08425005,Altheim (Alb),Erststimmen,dieBasis,0,0.0
08425005,Altheim (Alb),Zweitstimmen,dieBasis,1,0.09633911368015415
08425008,Amstetten,Erststimmen,dieBasis,0,0.0
08425008,Amstetten,Zweitstimmen,dieBasis,5,0.22665457842248413
08425011,Asselfingen,Erststimmen,dieBasis,0,0.0
08425011,Asselfingen,Zweitstimmen,dieBasis,0,0.0
08425013,Ballendorf,Erststimmen,dieBasis,0,0.0
08425013,Ballendorf,Zweitstimmen,dieBasis,0,0.0
08425014,Beimerstetten,Erststimmen,dieBasis,0,0.0
08425014,Beimerstetten,Zweitstimmen,dieBasis,1,0.0706713780918728
08425017,Berghülen,Erststimmen,dieBasis,0,0.0
08425017,Berghülen,Zweitstimmen,dieBasis,1,0.08136696501220504
08425019,Bernstadt,Erststimmen,dieBasis,0,0.0
08425019,Bernstadt,Zweitstimmen,dieBasis,1,0.07246376811594203
08425020,"Blaubeuren, Stadt",Erststimmen,dieBasis,0,0.0
08425020,"Blaubeuren, Stadt",Zweitstimmen,dieBasis,7,0.1161247511612475
08425022,Börslingen,Erststimmen,dieBasis,0,0.0
08425022,Börslingen,Zweitstimmen,dieBasis,0,0.0
08425024,Breitingen,Erststimmen,dieBasis,0,0.0
08425024,Breitingen,Zweitstimmen,dieBasis,0,0.0
08425031,Dornstadt,Erststimmen,dieBasis,0,0.0
08425031,Dornstadt,Zweitstimmen,dieBasis,9,0.18412438625204583
08425033,"Ehingen (Donau), Stadt",Erststimmen,dieBasis,0,0.0
08425033,"Ehingen (Donau), Stadt",Zweitstimmen,dieBasis,17,0.13156876402755205
08425035,Emeringen,Erststimmen,dieBasis,0,0.0
08425035,Emeringen,Zweitstimmen,dieBasis,0,0.0
08425036,Emerkingen,Erststimmen,dieBasis,0,0.0
08425036,Emerkingen,Zweitstimmen,dieBasis,0,0.0
08425050,Griesingen,Erststimmen,dieBasis,0,0.0
08425050,Griesingen,Zweitstimmen,dieBasis,0,0.0
08425052,Grundsheim,Erststimmen,dieBasis,0,0.0
08425052,Grundsheim,Zweitstimmen,dieBasis,1,0.7633587786259541
08425055,Hausen am Bussen,Erststimmen,dieBasis,0,0.0
08425055,Hausen am Bussen,Zweitstimmen,dieBasis,0,0.0
08425062,Holzkirch,Erststimmen,dieBasis,0,0.0
08425062,Holzkirch,Zweitstimmen,dieBasis,0,0.0
08425071,"Laichingen, Stadt",Erststimmen,dieBasis,0,0.0
08425071,"Laichingen, Stadt",Zweitstimmen,dieBasis,15,0.25385005923168047
08425072,"Langenau, Stadt",Erststimmen,dieBasis,0,0.0
08425072,"Langenau, Stadt",Zweitstimmen,dieBasis,17,0.2102919346857991
08425073,Lauterach,Erststimmen,dieBasis,0,0.0
08425073,Lauterach,Zweitstimmen,dieBasis,0,0.0
08425075,Lonsee,Erststimmen,dieBasis,0,0.0
08425075,Lonsee,Zweitstimmen,dieBasis,10,0.3599712023038157
08425079,Merklingen,Erststimmen,dieBasis,0,0.0
08425079,Merklingen,Zweitstimmen,dieBasis,2,0.1662510390689942
08425081,"Munderkingen, Stadt",Erststimmen,dieBasis,0,0.0
08425081,"Munderkingen, Stadt",Zweitstimmen,dieBasis,0,0.0
08425083,Neenstetten,Erststimmen,dieBasis,0,0.0
08425083,Neenstetten,Zweitstimmen,dieBasis,0,0.0
08425084,Nellingen,Erststimmen,dieBasis,0,0.0
08425084,Nellingen,Zweitstimmen,dieBasis,1,0.07680491551459294
08425085,Nerenstetten,Erststimmen,dieBasis,0,0.0
08425085,Nerenstetten,Zweitstimmen,dieBasis,1,0.5208333333333333
08425088,Oberdischingen,Erststimmen,dieBasis,0,0.0
08425088,Oberdischingen,Zweitstimmen,dieBasis,2,0.1557632398753894
08425090,Obermarchtal,Erststimmen,dieBasis,0,0.0
08425090,Obermarchtal,Zweitstimmen,dieBasis,0,0.0
08425091,Oberstadion,Erststimmen,dieBasis,0,0.0
08425091,Oberstadion,Zweitstimmen,dieBasis,1,0.09871668311944717
08425092,Öllingen,Erststimmen,dieBasis,0,0.0
08425092,Öllingen,Zweitstimmen,dieBasis,0,0.0
08425093,Öpfingen,Erststimmen,dieBasis,0,0.0
08425093,Öpfingen,Zweitstimmen,dieBasis,2,0.15873015873015872
08425097,Rammingen,Erststimmen,dieBasis,0,0.0
08425097,Rammingen,Zweitstimmen,dieBasis,4,0.5235602094240838
08425098,Rechtenstein,Erststimmen,dieBasis,0,0.0
08425098,Rechtenstein,Zweitstimmen,dieBasis,0,0.0
08425104,Rottenacker,Erststimmen,dieBasis,0,0.0
08425104,Rottenacker,Zweitstimmen,dieBasis,3,0.24590163934426232
08425108,"Schelklingen, Stadt",Erststimmen,dieBasis,0,0.0
08425108,"Schelklingen, Stadt",Zweitstimmen,dieBasis,3,0.08795074758135445
08425112,Setzingen,Erststimmen,dieBasis,0,0.0
08425112,Setzingen,Zweitstimmen,dieBasis,2,0.5865102639296188
08425123,Untermarchtal,Erststimmen,dieBasis,0,0.0
08425123,Untermarchtal,Zweitstimmen,dieBasis,0,0.0
08425124,Unterstadion,Erststimmen,dieBasis,0,0.0
08425124,Unterstadion,Zweitstimmen,dieBasis,0,0.0
08425125,Unterwachingen,Erststimmen,dieBasis,0,0.0
08425125,Unterwachingen,Zweitstimmen,dieBasis,0,0.0
08425130,Weidenstetten,Erststimmen,dieBasis,0,0.0
08425130,Weidenstetten,Zweitstimmen,dieBasis,0,0.0
08425134,Westerheim,Erststimmen,dieBasis,0,0.0
08425134,Westerheim,Zweitstimmen,dieBasis,4,0.2136752136752137
08425135,Westerstetten,Erststimmen,dieBasis,0,0.0
08425135,Westerstetten,Zweitstimmen,dieBasis,2,0.15060240963855423
08425139,Heroldstatt,Erststimmen,dieBasis,0,0.0
08425139,Heroldstatt,Zweitstimmen,dieBasis,2,0.11560693641618498
08426001,Achstetten,Erststimmen,dieBasis,0,0.0
08426001,Achstetten,Zweitstimmen,dieBasis,7,0.23696682464454977
08426005,Alleshausen,Erststimmen,dieBasis,0,0.0
08426005,Alleshausen,Zweitstimmen,dieBasis,1,0.34965034965034963
08426006,Allmannsweiler,Erststimmen,dieBasis,0,0.0
08426006,Allmannsweiler,Zweitstimmen,dieBasis,0,0.0
08426008,Altheim,Erststimmen,dieBasis,0,0.0
08426008,Altheim,Zweitstimmen,dieBasis,0,0.0
08426011,Attenweiler,Erststimmen,dieBasis,0,0.0
08426011,Attenweiler,Zweitstimmen,dieBasis,4,0.3281378178835111
08426013,"Bad Buchau, Stadt",Erststimmen,dieBasis,0,0.0
08426013,"Bad Buchau, Stadt",Zweitstimmen,dieBasis,8,0.29531192321889993
08426014,"Bad Schussenried, Stadt",Erststimmen,dieBasis,0,0.0
08426014,"Bad Schussenried, Stadt",Zweitstimmen,dieBasis,21,0.481320192528077
08426020,Betzenweiler,Erststimmen,dieBasis,0,0.0
08426020,Betzenweiler,Zweitstimmen,dieBasis,0,0.0
08426021,"Biberach an der Riß, Stadt",Erststimmen,dieBasis,0,0.0
08426021,"Biberach an der Riß, Stadt",Zweitstimmen,dieBasis,54,0.33263521005297525
08426028,Burgrieden,Erststimmen,dieBasis,0,0.0
08426028,Burgrieden,Zweitstimmen,dieBasis,10,0.42881646655231564
08426035,Dürmentingen,Erststimmen,dieBasis,0,0.0
08426035,Dürmentingen,Zweitstimmen,dieBasis,4,0.2702702702702703
08426036,Dürnau,Erststimmen,dieBasis,0,0.0
08426036,Dürnau,Zweitstimmen,dieBasis,1,0.5025125628140703
08426038,Eberhardzell,Erststimmen,dieBasis,0,0.0
08426038,Eberhardzell,Zweitstimmen,dieBasis,12,0.44692737430167595
08426043,Erlenmoos,Erststimmen,dieBasis,0,0.0
08426043,Erlenmoos,Zweitstimmen,dieBasis,3,0.27932960893854747
08426045,Ertingen,Erststimmen,dieBasis,0,0.0
08426045,Ertingen,Zweitstimmen,dieBasis,4,0.1315356790529431
08426058,Hochdorf,Erststimmen,dieBasis,0,0.0
08426058,Hochdorf,Zweitstimmen,dieBasis,3,0.2070393374741201
08426062,Ingoldingen,Erststimmen,dieBasis,0,0.0
08426062,Ingoldingen,Zweitstimmen,dieBasis,7,0.37095919448860626
08426064,Kanzach,Erststimmen,dieBasis,0,0.0
08426064,Kanzach,Zweitstimmen,dieBasis,0,0.0
08426067,Langenenslingen,Erststimmen,dieBasis,0,0.0
08426067,Langenenslingen,Zweitstimmen,dieBasis,8,0.3883495145631068
08426070,"Laupheim, Stadt",Erststimmen,dieBasis,0,0.0
08426070,"Laupheim, Stadt",Zweitstimmen,dieBasis,21,0.1889168765743073
08426071,Maselheim,Erststimmen,dieBasis,0,0.0
08426071,Maselheim,Zweitstimmen,dieBasis,5,0.18975332068311196
08426073,Mietingen,Erststimmen,dieBasis,0,0.0
08426073,Mietingen,Zweitstimmen,dieBasis,8,0.2763385146804836
08426074,Mittelbiberach,Erststimmen,dieBasis,0,0.0
08426074,Mittelbiberach,Zweitstimmen,dieBasis,6,0.23148148148148145
08426078,Moosburg,Erststimmen,dieBasis,0,0.0
08426078,Moosburg,Zweitstimmen,dieBasis,2,1.5384615384615385
08426087,"Ochsenhausen, Stadt",Erststimmen,dieBasis,0,0.0
08426087,"Ochsenhausen, Stadt",Zweitstimmen,dieBasis,13,0.286154523442659
08426090,Oggelshausen,Erststimmen,dieBasis,0,0.0
08426090,Oggelshausen,Zweitstimmen,dieBasis,3,0.949367088607595
08426097,"Riedlingen, Stadt",Erststimmen,dieBasis,0,0.0
08426097,"Riedlingen, Stadt",Zweitstimmen,dieBasis,13,0.24560740600793501
08426108,Schwendi,Erststimmen,dieBasis,0,0.0
08426108,Schwendi,Zweitstimmen,dieBasis,11,0.29435375970029437
08426109,Seekirch,Erststimmen,dieBasis,0,0.0
08426109,Seekirch,Zweitstimmen,dieBasis,1,0.7194244604316548
08426113,Steinhausen an der Rottum,Erststimmen,dieBasis,0,0.0
08426113,Steinhausen an der Rottum,Zweitstimmen,dieBasis,5,0.37341299477221807
08426118,Tiefenbach,Erststimmen,dieBasis,0,0.0
08426118,Tiefenbach,Zweitstimmen,dieBasis,0,0.0
08426120,Ummendorf,Erststimmen,dieBasis,0,0.0
08426120,Ummendorf,Zweitstimmen,dieBasis,6,0.23446658851113714
08426121,Unlingen,Erststimmen,dieBasis,0,0.0
08426121,Unlingen,Zweitstimmen,dieBasis,4,0.2699055330634278
08426124,Uttenweiler,Erststimmen,dieBasis,0,0.0
08426124,Uttenweiler,Zweitstimmen,dieBasis,4,0.176522506619594
08426125,Wain,Erststimmen,dieBasis,0,0.0
08426125,Wain,Zweitstimmen,dieBasis,1,0.11337868480725624
08426128,Warthausen,Erststimmen,dieBasis,0,0.0
08426128,Warthausen,Zweitstimmen,dieBasis,7,0.24213075060532688
08426134,Schemmerhofen,Erststimmen,dieBasis,0,0.0
08426134,Schemmerhofen,Zweitstimmen,dieBasis,16,0.3142183817753339
08426135,Gutenzell-Hürbel,Erststimmen,dieBasis,0,0.0
08426135,Gutenzell-Hürbel,Zweitstimmen,dieBasis,5,0.4317789291882556
08435005,Bermatingen,Erststimmen,dieBasis,0,0.0
08435005,Bermatingen,Zweitstimmen,dieBasis,5,0.2172024326672459
08435010,Daisendorf,Erststimmen,dieBasis,0,0.0
08435010,Daisendorf,Zweitstimmen,dieBasis,1,0.10905125408942204
08435013,Eriskirch,Erststimmen,dieBasis,0,0.0
08435013,Eriskirch,Zweitstimmen,dieBasis,9,0.34937888198757766
08435015,Frickingen,Erststimmen,dieBasis,0,0.0
08435015,Frickingen,Zweitstimmen,dieBasis,11,0.5894962486602359
08435016,"Friedrichshafen, Stadt",Erststimmen,dieBasis,0,0.0
08435016,"Friedrichshafen, Stadt",Zweitstimmen,dieBasis,50,0.19168839135101978
08435018,Hagnau am Bodensee,Erststimmen,dieBasis,0,0.0
08435018,Hagnau am Bodensee,Zweitstimmen,dieBasis,1,0.1201923076923077
08435020,Heiligenberg,Erststimmen,dieBasis,0,0.0
08435020,Heiligenberg,Zweitstimmen,dieBasis,7,0.411764705882353
08435024,Immenstaad am Bodensee,Erststimmen,dieBasis,0,0.0
08435024,Immenstaad am Bodensee,Zweitstimmen,dieBasis,5,0.14310246136233543
08435029,Kressbronn am Bodensee,Erststimmen,dieBasis,0,0.0
08435029,Kressbronn am Bodensee,Zweitstimmen,dieBasis,8,0.1678556441460344
08435030,Langenargen,Erststimmen,dieBasis,0,0.0
08435030,Langenargen,Zweitstimmen,dieBasis,9,0.19951230325870095
08435034,"Markdorf, Stadt",Erststimmen,dieBasis,0,0.0
08435034,"Markdorf, Stadt",Zweitstimmen,dieBasis,13,0.17682263329706202
08435036,"Meersburg, Stadt",Erststimmen,dieBasis,0,0.0
08435036,"Meersburg, Stadt",Zweitstimmen,dieBasis,6,0.19821605550049554
08435045,Oberteuringen,Erststimmen,dieBasis,0,0.0
08435045,Oberteuringen,Zweitstimmen,dieBasis,6,0.22255192878338279
08435047,Owingen,Erststimmen,dieBasis,0,0.0
08435047,Owingen,Zweitstimmen,dieBasis,11,0.44426494345718903
08435052,Salem,Erststimmen,dieBasis,0,0.0
08435052,Salem,Zweitstimmen,dieBasis,20,0.29770765108663294
08435053,Sipplingen,Erststimmen,dieBasis,0,0.0
08435053,Sipplingen,Zweitstimmen,dieBasis,3,0.2477291494632535
08435054,Stetten,Erststimmen,dieBasis,0,0.0
08435054,Stetten,Zweitstimmen,dieBasis,3,0.5181347150259068
08435059,"Überlingen, Stadt",Erststimmen,dieBasis,0,0.0
08435059,"Überlingen, Stadt",Zweitstimmen,dieBasis,65,0.5336617405582923
08435066,Uhldingen-Mühlhofen,Erststimmen,dieBasis,0,0.0
08435066,Uhldingen-Mühlhofen,Zweitstimmen,dieBasis,12,0.28096464528213533
08435067,Deggenhausertal,Erststimmen,dieBasis,0,0.0
08435067,Deggenhausertal,Zweitstimmen,dieBasis,20,0.7803355442840421
08437005,Beuron,Erststimmen,dieBasis,0,0.0
08437005,Beuron,Zweitstimmen,dieBasis,0,0.0
08437008,Bingen,Erststimmen,dieBasis,0,0.0
08437008,Bingen,Zweitstimmen,dieBasis,1,0.06313131313131314
08437031,"Gammertingen, Stadt",Erststimmen,dieBasis,0,0.0
08437031,"Gammertingen, Stadt",Zweitstimmen,dieBasis,5,0.15842839036755385
08437044,Herbertingen,Erststimmen,dieBasis,0,0.0
08437044,Herbertingen,Zweitstimmen,dieBasis,6,0.22488755622188905
08437047,"Hettingen, Stadt",Erststimmen,dieBasis,0,0.0
08437047,"Hettingen, Stadt",Zweitstimmen,dieBasis,1,0.08431703204047217
08437053,Hohentengen,Erststimmen,dieBasis,0,0.0
08437053,Hohentengen,Zweitstimmen,dieBasis,4,0.16233766233766234
08437056,Illmensee,Erststimmen,dieBasis,0,0.0
08437056,Illmensee,Zweitstimmen,dieBasis,7,0.5658852061438965
08437059,Inzigkofen,Erststimmen,dieBasis,0,0.0
08437059,Inzigkofen,Zweitstimmen,dieBasis,2,0.11507479861910241
08437065,Krauchenwies,Erststimmen,dieBasis,0,0.0
08437065,Krauchenwies,Zweitstimmen,dieBasis,5,0.1851851851851852
08437072,Leibertingen,Erststimmen,dieBasis,0,0.0
08437072,Leibertingen,Zweitstimmen,dieBasis,1,0.06968641114982578
08437076,"Mengen, Stadt",Erststimmen,dieBasis,0,0.0
08437076,"Mengen, Stadt",Zweitstimmen,dieBasis,6,0.12195121951219512
08437078,"Meßkirch, Stadt",Erststimmen,dieBasis,0,0.0
08437078,"Meßkirch, Stadt",Zweitstimmen,dieBasis,7,0.16940948693126814
08437082,Neufra,Erststimmen,dieBasis,0,0.0
08437082,Neufra,Zweitstimmen,dieBasis,1,0.09652509652509653
08437086,Ostrach,Erststimmen,dieBasis,0,0.0
08437086,Ostrach,Zweitstimmen,dieBasis,7,0.18073844564936742
08437088,"Pfullendorf, Stadt",Erststimmen,dieBasis,0,0.0
08437088,"Pfullendorf, Stadt",Zweitstimmen,dieBasis,15,0.2633426966292135
08437100,"Bad Saulgau, Stadt",Erststimmen,dieBasis,0,0.0
08437100,"Bad Saulgau, Stadt",Zweitstimmen,dieBasis,4,0.045428733674048836
08437101,"Scheer, Stadt",Erststimmen,dieBasis,0,0.0
08437101,"Scheer, Stadt",Zweitstimmen,dieBasis,2,0.1563721657544957
08437102,Schwenningen,Erststimmen,dieBasis,0,0.0
08437102,Schwenningen,Zweitstimmen,dieBasis,2,0.19860973187686196
08437104,"Sigmaringen, Stadt",Erststimmen,dieBasis,0,0.0
08437104,"Sigmaringen, Stadt",Zweitstimmen,dieBasis,16,0.2082519849017311
08437105,Sigmaringendorf,Erststimmen,dieBasis,0,0.0
08437105,Sigmaringendorf,Zweitstimmen,dieBasis,2,0.10198878123406425
08437107,Stetten am kalten Markt,Erststimmen,dieBasis,0,0.0
08437107,Stetten am kalten Markt,Zweitstimmen,dieBasis,3,0.10968921389396709
08437114,"Veringenstadt, Stadt",Erststimmen,dieBasis,0,0.0
08437114,"Veringenstadt, Stadt",Zweitstimmen,dieBasis,2,0.1710863986313088
08437118,Wald,Erststimmen,dieBasis,0,0.0
08437118,Wald,Zweitstimmen,dieBasis,8,0.5034612964128383
08437123,Sauldorf,Erststimmen,dieBasis,0,0.0
08437123,Sauldorf,Zweitstimmen,dieBasis,3,0.18796992481203006
08437124,Herdwangen-Schönach,Erststimmen,dieBasis,0,0.0
08437124,Herdwangen-Schönach,Zweitstimmen,dieBasis,10,0.5205622071837585
08121000,"Heilbronn, Universitätsstadt",Erststimmen,ÖDP,188,0.4162146604972437
08121000,"Heilbronn, Universitätsstadt",Zweitstimmen,ÖDP,86,0.19005104859561114
08125030,Flein,Erststimmen,ÖDP,17,0.41463414634146345
08125030,Flein,Zweitstimmen,ÖDP,8,0.19455252918287938
08125058,"Leingarten, Stadt",Erststimmen,ÖDP,31,0.5343906223064989
08125058,"Leingarten, Stadt",Zweitstimmen,ÖDP,12,0.2067895915905566
08125074,Nordheim,Erststimmen,ÖDP,23,0.5072783414203794
08125074,Nordheim,Zweitstimmen,ÖDP,10,0.22007042253521128
08125094,Talheim,Erststimmen,ÖDP,7,0.24484085344526058
08125094,Talheim,Zweitstimmen,ÖDP,3,0.10463899546564352
08126011,Bretzfeld,Erststimmen,ÖDP,0,0.0
08126011,Bretzfeld,Zweitstimmen,ÖDP,11,0.16126667644040463
08126020,Dörzbach,Erststimmen,ÖDP,0,0.0
08126020,Dörzbach,Zweitstimmen,ÖDP,1,0.0708215297450425
08126028,"Forchtenberg, Stadt",Erststimmen,ÖDP,0,0.0
08126028,"Forchtenberg, Stadt",Zweitstimmen,ÖDP,4,0.1436265709156194
08126039,"Ingelfingen, Stadt",Erststimmen,ÖDP,0,0.0
08126039,"Ingelfingen, Stadt",Zweitstimmen,ÖDP,6,0.20006668889629878
08126045,"Krautheim, Stadt",Erststimmen,ÖDP,0,0.0
08126045,"Krautheim, Stadt",Zweitstimmen,ÖDP,2,0.08213552361396304
08126046,"Künzelsau, Stadt",Erststimmen,ÖDP,0,0.0
08126046,"Künzelsau, Stadt",Zweitstimmen,ÖDP,10,0.14104372355430184
08126047,Kupferzell,Erststimmen,ÖDP,0,0.0
08126047,Kupferzell,Zweitstimmen,ÖDP,5,0.15001500150015
08126056,Mulfingen,Erststimmen,ÖDP,0,0.0
08126056,Mulfingen,Zweitstimmen,ÖDP,2,0.08676789587852494
08126058,"Neuenstein, Stadt",Erststimmen,ÖDP,0,0.0
08126058,"Neuenstein, Stadt",Zweitstimmen,ÖDP,12,0.3474232773595831
08126060,"Niedernhall, Stadt",Erststimmen,ÖDP,0,0.0
08126060,"Niedernhall, Stadt",Zweitstimmen,ÖDP,4,0.20202020202020202
08126066,"Öhringen, Stadt",Erststimmen,ÖDP,0,0.0
08126066,"Öhringen, Stadt",Zweitstimmen,ÖDP,18,0.15650812972784975
08126069,Pfedelbach,Erststimmen,ÖDP,0,0.0
08126069,Pfedelbach,Zweitstimmen,ÖDP,8,0.16016016016016016
08126072,Schöntal,Erststimmen,ÖDP,0,0.0
08126072,Schöntal,Zweitstimmen,ÖDP,5,0.1435544071202986
08126085,"Waldenburg, Stadt",Erststimmen,ÖDP,0,0.0
08126085,"Waldenburg, Stadt",Zweitstimmen,ÖDP,2,0.12406947890818859
08126086,Weißbach,Erststimmen,ÖDP,0,0.0
08126086,Weißbach,Zweitstimmen,ÖDP,3,0.3575685339690107
08126094,Zweiflingen,Erststimmen,ÖDP,0,0.0
08126094,Zweiflingen,Zweitstimmen,ÖDP,2,0.1890359168241966
08127008,Blaufelden,Erststimmen,ÖDP,0,0.0
08127008,Blaufelden,Zweitstimmen,ÖDP,9,0.32727272727272727
08127009,Braunsbach,Erststimmen,ÖDP,0,0.0
08127009,Braunsbach,Zweitstimmen,ÖDP,10,0.6609385327164574
08127012,Bühlertann,Erststimmen,ÖDP,7,0.4199160167966407
08127012,Bühlertann,Zweitstimmen,ÖDP,2,0.1201923076923077
08127013,Bühlerzell,Erststimmen,ÖDP,3,0.22988505747126436
08127013,Bühlerzell,Zweitstimmen,ÖDP,2,0.15278838808250572
08127014,"Crailsheim, Stadt",Erststimmen,ÖDP,39,0.30272452068617556
08127014,"Crailsheim, Stadt",Zweitstimmen,ÖDP,23,0.17810128542666873
08127023,Fichtenberg,Erststimmen,ÖDP,7,0.43209876543209874
08127023,Fichtenberg,Zweitstimmen,ÖDP,8,0.4932182490752158
08127025,"Gaildorf, Stadt",Erststimmen,ÖDP,45,0.8704061895551257
08127025,"Gaildorf, Stadt",Zweitstimmen,ÖDP,15,0.28946352759552296
08127032,"Gerabronn, Stadt",Erststimmen,ÖDP,0,0.0
08127032,"Gerabronn, Stadt",Zweitstimmen,ÖDP,4,0.1941747572815534
08127043,"Ilshofen, Stadt",Erststimmen,ÖDP,17,0.5053507728894174
08127043,"Ilshofen, Stadt",Zweitstimmen,ÖDP,14,0.4153070305547315
08127046,"Kirchberg an der Jagst, Stadt",Erststimmen,ÖDP,11,0.5118659841786878
08127046,"Kirchberg an der Jagst, Stadt",Zweitstimmen,ÖDP,4,0.18544274455261936
08127047,"Langenburg, Stadt",Erststimmen,ÖDP,0,0.0
08127047,"Langenburg, Stadt",Zweitstimmen,ÖDP,2,0.19821605550049554
08127052,Mainhardt,Erststimmen,ÖDP,16,0.49597024178549287
08127052,Mainhardt,Zweitstimmen,ÖDP,10,0.30988534242330334
08127056,Michelbach an der Bilz,Erststimmen,ÖDP,13,0.6480558325024925
08127056,Michelbach an der Bilz,Zweitstimmen,ÖDP,3,0.14910536779324055
08127059,Michelfeld,Erststimmen,ÖDP,11,0.510677808727948
08127059,Michelfeld,Zweitstimmen,ÖDP,3,0.13914656771799627
08127062,Oberrot,Erststimmen,ÖDP,9,0.5042016806722689
08127062,Oberrot,Zweitstimmen,ÖDP,8,0.4464285714285714
08127063,Obersontheim,Erststimmen,ÖDP,13,0.47427946005107624
08127063,Obersontheim,Zweitstimmen,ÖDP,7,0.2550091074681239
08127071,Rot am See,Erststimmen,ÖDP,8,0.2700877785280216
08127071,Rot am See,Zweitstimmen,ÖDP,12,0.4051316677920324
08127073,Satteldorf,Erststimmen,ÖDP,12,0.42075736325385693
08127073,Satteldorf,Zweitstimmen,ÖDP,6,0.20949720670391062
08127075,"Schrozberg, Stadt",Erststimmen,ÖDP,0,0.0
08127075,"Schrozberg, Stadt",Zweitstimmen,ÖDP,8,0.27884280237016384
08127076,"Schwäbisch Hall, Stadt",Erststimmen,ÖDP,87,0.4307357164075651
08127076,"Schwäbisch Hall, Stadt",Zweitstimmen,ÖDP,46,0.22731765170982404
08127079,Sulzbach-Laufen,Erststimmen,ÖDP,5,0.35790980672870437
08127079,Sulzbach-Laufen,Zweitstimmen,ÖDP,3,0.21489971346704873
08127086,Untermünkheim,Erststimmen,ÖDP,0,0.0
08127086,Untermünkheim,Zweitstimmen,ÖDP,3,0.1646542261251372
08127089,"Vellberg, Stadt",Erststimmen,ÖDP,14,0.5455962587685114
08127089,"Vellberg, Stadt",Zweitstimmen,ÖDP,6,0.23382696804364772
08127091,Wallhausen,Erststimmen,ÖDP,6,0.32085561497326204
08127091,Wallhausen,Zweitstimmen,ÖDP,4,0.21333333333333335
08127099,Wolpertshausen,Erststimmen,ÖDP,10,0.8210180623973727
08127099,Wolpertshausen,Zweitstimmen,ÖDP,6,0.4914004914004914
08127100,Rosengarten,Erststimmen,ÖDP,27,0.9329647546648236
08127100,Rosengarten,Zweitstimmen,ÖDP,16,0.5505849965588437
08127101,Kreßberg,Erststimmen,ÖDP,13,0.6202290076335878
08127101,Kreßberg,Zweitstimmen,ÖDP,12,0.5719733079122974
08127102,Fichtenau,Erststimmen,ÖDP,4,0.1774622892635315
08127102,Fichtenau,Zweitstimmen,ÖDP,5,0.2220248667850799
08127103,Frankenhardt,Erststimmen,ÖDP,14,0.4989308624376337
08127103,Frankenhardt,Zweitstimmen,ÖDP,2,0.07112375533428165
08127104,Stimpfach,Erststimmen,ÖDP,6,0.35863717872086076
08127104,Stimpfach,Zweitstimmen,ÖDP,4,0.23937761819269898
08128006,Assamstadt,Erststimmen,ÖDP,0,0.0
08128006,Assamstadt,Zweitstimmen,ÖDP,6,0.4411764705882353
08128007,"Bad Mergentheim, Stadt",Erststimmen,ÖDP,0,0.0
08128007,"Bad Mergentheim, Stadt",Zweitstimmen,ÖDP,27,0.23989338071968014
08128014,"Boxberg, Stadt",Erststimmen,ÖDP,0,0.0
08128014,"Boxberg, Stadt",Zweitstimmen,ÖDP,15,0.3922594142259414
08128020,"Creglingen, Stadt",Erststimmen,ÖDP,0,0.0
08128020,"Creglingen, Stadt",Zweitstimmen,ÖDP,9,0.33582089552238803
08128039,"Freudenberg, Stadt",Erststimmen,ÖDP,0,0.0
08128039,"Freudenberg, Stadt",Zweitstimmen,ÖDP,1,0.052910052910052914
08128045,Großrinderfeld,Erststimmen,ÖDP,0,0.0
08128045,Großrinderfeld,Zweitstimmen,ÖDP,10,0.42211903756859437
08128047,"Grünsfeld, Stadt",Erststimmen,ÖDP,0,0.0
08128047,"Grünsfeld, Stadt",Zweitstimmen,ÖDP,7,0.3242241778601204
08128058,Igersheim,Erststimmen,ÖDP,0,0.0
08128058,Igersheim,Zweitstimmen,ÖDP,8,0.26033192320208265
08128061,Königheim,Erststimmen,ÖDP,0,0.0
08128061,Königheim,Zweitstimmen,ÖDP,6,0.316288877174486
08128064,"Külsheim, Stadt",Erststimmen,ÖDP,0,0.0
08128064,"Külsheim, Stadt",Zweitstimmen,ÖDP,7,0.22890778286461738
08128082,"Niederstetten, Stadt",Erststimmen,ÖDP,0,0.0
08128082,"Niederstetten, Stadt",Zweitstimmen,ÖDP,4,0.1325820351342393
08128115,"Tauberbischofsheim, Stadt",Erststimmen,ÖDP,0,0.0
08128115,"Tauberbischofsheim, Stadt",Zweitstimmen,ÖDP,20,0.29550827423167847
08128126,"Weikersheim, Stadt",Erststimmen,ÖDP,0,0.0
08128126,"Weikersheim, Stadt",Zweitstimmen,ÖDP,21,0.4694835680751174
08128128,Werbach,Erststimmen,ÖDP,0,0.0
08128128,Werbach,Zweitstimmen,ÖDP,7,0.3611971104231166
08128131,"Wertheim, Stadt",Erststimmen,ÖDP,0,0.0
08128131,"Wertheim, Stadt",Zweitstimmen,ÖDP,31,0.2907522040892891
08128137,Wittighausen,Erststimmen,ÖDP,0,0.0
08128137,Wittighausen,Zweitstimmen,ÖDP,1,0.09910802775024777
08128138,Ahorn,Erststimmen,ÖDP,0,0.0
08128138,Ahorn,Zweitstimmen,ÖDP,5,0.35161744022503516
08128139,"Lauda-Königshofen, Stadt",Erststimmen,ÖDP,0,0.0
08128139,"Lauda-Königshofen, Stadt",Zweitstimmen,ÖDP,41,0.5548037889039242
08135010,Dischingen,Erststimmen,ÖDP,0,0.0
08135010,Dischingen,Zweitstimmen,ÖDP,8,0.3227107704719645
08135015,Gerstetten,Erststimmen,ÖDP,0,0.0
08135015,Gerstetten,Zweitstimmen,ÖDP,20,0.31675641431738993
08135016,"Giengen an der Brenz, Stadt",Erststimmen,ÖDP,0,0.0
08135016,"Giengen an der Brenz, Stadt",Zweitstimmen,ÖDP,14,0.1810657009829281
08135019,"Heidenheim an der Brenz, Stadt",Erststimmen,ÖDP,0,0.0
08135019,"Heidenheim an der Brenz, Stadt",Zweitstimmen,ÖDP,35,0.18690590622663675
08135020,"Herbrechtingen, Stadt",Erststimmen,ÖDP,0,0.0
08135020,"Herbrechtingen, Stadt",Zweitstimmen,ÖDP,14,0.21548406957057104
08135021,Hermaringen,Erststimmen,ÖDP,0,0.0
08135021,Hermaringen,Zweitstimmen,ÖDP,5,0.3866976024748647
08135025,Königsbronn,Erststimmen,ÖDP,0,0.0
08135025,Königsbronn,Zweitstimmen,ÖDP,4,0.10509721492380451
08135026,Nattheim,Erststimmen,ÖDP,0,0.0
08135026,Nattheim,Zweitstimmen,ÖDP,4,0.10758472296933834
08135027,"Niederstotzingen, Stadt",Erststimmen,ÖDP,0,0.0
08135027,"Niederstotzingen, Stadt",Zweitstimmen,ÖDP,4,0.15729453401494298
08135031,Sontheim an der Brenz,Erststimmen,ÖDP,0,0.0
08135031,Sontheim an der Brenz,Zweitstimmen,ÖDP,8,0.2548582351067219
08135032,Steinheim am Albuch,Erststimmen,ÖDP,0,0.0
08135032,Steinheim am Albuch,Zweitstimmen,ÖDP,14,0.30224525043177897
08216002,Au am Rhein,Erststimmen,ÖDP,0,0.0
08216002,Au am Rhein,Zweitstimmen,ÖDP,4,0.20597322348094746
08216005,Bietigheim,Erststimmen,ÖDP,0,0.0
08216005,Bietigheim,Zweitstimmen,ÖDP,0,0.0
08216006,Bischweier,Erststimmen,ÖDP,0,0.0
08216006,Bischweier,Zweitstimmen,ÖDP,1,0.05770340450086555
08216009,Durmersheim,Erststimmen,ÖDP,0,0.0
08216009,Durmersheim,Zweitstimmen,ÖDP,8,0.1356391997287216
08216012,Elchesheim-Illingen,Erststimmen,ÖDP,0,0.0
08216012,Elchesheim-Illingen,Zweitstimmen,ÖDP,2,0.11210762331838565
08216013,Forbach,Erststimmen,ÖDP,0,0.0
08216013,Forbach,Zweitstimmen,ÖDP,3,0.12494793835901709
08216015,"Gaggenau, Stadt",Erststimmen,ÖDP,0,0.0
08216015,"Gaggenau, Stadt",Zweitstimmen,ÖDP,10,0.07156147130385
08216017,"Gernsbach, Stadt",Erststimmen,ÖDP,0,0.0
08216017,"Gernsbach, Stadt",Zweitstimmen,ÖDP,6,0.0858000858000858
08216023,Iffezheim,Erststimmen,ÖDP,0,0.0
08216023,Iffezheim,Zweitstimmen,ÖDP,3,0.11303692539562923
08216024,"Kuppenheim, Stadt",Erststimmen,ÖDP,0,0.0
08216024,"Kuppenheim, Stadt",Zweitstimmen,ÖDP,3,0.07012622720897616
08216029,Loffenau,Erststimmen,ÖDP,0,0.0
08216029,Loffenau,Zweitstimmen,ÖDP,1,0.07513148009015778
08216033,Muggensturm,Erststimmen,ÖDP,0,0.0
08216033,Muggensturm,Zweitstimmen,ÖDP,5,0.15422578655151142
08216039,Ötigheim,Erststimmen,ÖDP,0,0.0
08216039,Ötigheim,Zweitstimmen,ÖDP,9,0.32269630692004303
08216043,"Rastatt, Stadt",Erststimmen,ÖDP,0,0.0
08216043,"Rastatt, Stadt",Zweitstimmen,ÖDP,12,0.06574261765189283
08216052,Steinmauern,Erststimmen,ÖDP,0,0.0
08216052,Steinmauern,Zweitstimmen,ÖDP,1,0.06053268765133172
08216059,Weisenbach,Erststimmen,ÖDP,0,0.0
08216059,Weisenbach,Zweitstimmen,ÖDP,2,0.15735641227380015
08231000,"Pforzheim, Stadt",Erststimmen,ÖDP,0,0.0
08231000,"Pforzheim, Stadt",Zweitstimmen,ÖDP,53,0.13062230437461492
08235006,"Altensteig, Stadt",Erststimmen,ÖDP,0,0.0
08235006,"Altensteig, Stadt",Zweitstimmen,ÖDP,11,0.2254098360655738
08235007,Althengstett,Erststimmen,ÖDP,0,0.0
08235007,Althengstett,Zweitstimmen,ÖDP,7,0.15273838097316167
08235008,"Bad Liebenzell, Stadt",Erststimmen,ÖDP,0,0.0
08235008,"Bad Liebenzell, Stadt",Zweitstimmen,ÖDP,23,0.4753048150444307
08235018,Dobel,Erststimmen,ÖDP,0,0.0
08235018,Dobel,Zweitstimmen,ÖDP,3,0.25041736227045075
08235020,Ebhausen,Erststimmen,ÖDP,0,0.0
08235020,Ebhausen,Zweitstimmen,ÖDP,5,0.20721094073767096
08235022,Egenhausen,Erststimmen,ÖDP,0,0.0
08235022,Egenhausen,Zweitstimmen,ÖDP,1,0.08496176720475786
08235025,Enzklösterle,Erststimmen,ÖDP,0,0.0
08235025,Enzklösterle,Zweitstimmen,ÖDP,2,0.27972027972027974
08235029,Gechingen,Erststimmen,ÖDP,0,0.0
08235029,Gechingen,Zweitstimmen,ÖDP,0,0.0
08235032,"Haiterbach, Stadt",Erststimmen,ÖDP,0,0.0
08235032,"Haiterbach, Stadt",Zweitstimmen,ÖDP,3,0.10865628395508872
08235033,"Bad Herrenalb, Stadt",Erststimmen,ÖDP,0,0.0
08235033,"Bad Herrenalb, Stadt",Zweitstimmen,ÖDP,3,0.07989347536617843
08235035,Höfen an der Enz,Erststimmen,ÖDP,0,0.0
08235035,Höfen an der Enz,Zweitstimmen,ÖDP,2,0.2509410288582183
08235046,"Nagold, Stadt",Erststimmen,ÖDP,0,0.0
08235046,"Nagold, Stadt",Zweitstimmen,ÖDP,8,0.07537925186092528
08235047,"Neubulach, Stadt",Erststimmen,ÖDP,0,0.0
08235047,"Neubulach, Stadt",Zweitstimmen,ÖDP,7,0.21173623714458562
08235050,Neuweiler,Erststimmen,ÖDP,0,0.0
08235050,Neuweiler,Zweitstimmen,ÖDP,5,0.26260504201680673
08235055,Oberreichenbach,Erststimmen,ÖDP,0,0.0
08235055,Oberreichenbach,Zweitstimmen,ÖDP,3,0.16059957173447537
08235057,Ostelsheim,Erststimmen,ÖDP,0,0.0
08235057,Ostelsheim,Zweitstimmen,ÖDP,2,0.1392757660167131
08235060,Rohrdorf,Erststimmen,ÖDP,0,0.0
08235060,Rohrdorf,Zweitstimmen,ÖDP,0,0.0
08235065,Schömberg,Erststimmen,ÖDP,0,0.0
08235065,Schömberg,Zweitstimmen,ÖDP,8,0.2167434299647792
08235066,Simmersfeld,Erststimmen,ÖDP,0,0.0
08235066,Simmersfeld,Zweitstimmen,ÖDP,2,0.15710919088766695
08235067,Simmozheim,Erststimmen,ÖDP,0,0.0
08235067,Simmozheim,Zweitstimmen,ÖDP,1,0.06199628022318661
08235073,Unterreichenbach,Erststimmen,ÖDP,0,0.0
08235073,Unterreichenbach,Zweitstimmen,ÖDP,7,0.6145741878841089
08235079,"Bad Wildbad, Stadt",Erststimmen,ÖDP,0,0.0
08235079,"Bad Wildbad, Stadt",Zweitstimmen,ÖDP,5,0.11630611770179111
08235080,"Wildberg, Stadt",Erststimmen,ÖDP,0,0.0
08235080,"Wildberg, Stadt",Zweitstimmen,ÖDP,7,0.1254030813328556
08235084,"Bad Teinach-Zavelstein, Stadt",Erststimmen,ÖDP,0,0.0
08235084,"Bad Teinach-Zavelstein, Stadt",Zweitstimmen,ÖDP,2,0.11318619128466327
08235085,"Calw, Stadt",Erststimmen,ÖDP,0,0.0
08235085,"Calw, Stadt",Zweitstimmen,ÖDP,16,0.1507869192347564
08236004,Birkenfeld,Erststimmen,ÖDP,0,0.0
08236004,Birkenfeld,Zweitstimmen,ÖDP,15,0.2959747434885556
08236011,Eisingen,Erststimmen,ÖDP,0,0.0
08236011,Eisingen,Zweitstimmen,ÖDP,3,0.12728044123886295
08236013,Engelsbrand,Erststimmen,ÖDP,0,0.0
08236013,Engelsbrand,Zweitstimmen,ÖDP,2,0.08183306055646482
08236019,Friolzheim,Erststimmen,ÖDP,0,0.0
08236019,Friolzheim,Zweitstimmen,ÖDP,0,0.0
08236025,"Heimsheim, Stadt",Erststimmen,ÖDP,0,0.0
08236025,"Heimsheim, Stadt",Zweitstimmen,ÖDP,4,0.15037593984962408
08236028,Illingen,Erststimmen,ÖDP,0,0.0
08236028,Illingen,Zweitstimmen,ÖDP,12,0.3001500750375188
08236030,Ispringen,Erststimmen,ÖDP,0,0.0
08236030,Ispringen,Zweitstimmen,ÖDP,1,0.03561253561253561
08236031,Kieselbronn,Erststimmen,ÖDP,0,0.0
08236031,Kieselbronn,Zweitstimmen,ÖDP,6,0.3731343283582089
08236033,"Knittlingen, Stadt",Erststimmen,ÖDP,0,0.0
08236033,"Knittlingen, Stadt",Zweitstimmen,ÖDP,3,0.07547169811320754
08236038,"Maulbronn, Stadt",Erststimmen,ÖDP,0,0.0
08236038,"Maulbronn, Stadt",Zweitstimmen,ÖDP,1,0.030553009471432937
08236039,Mönsheim,Erststimmen,ÖDP,0,0.0
08236039,Mönsheim,Zweitstimmen,ÖDP,1,0.06329113924050633
08236040,"Mühlacker, Stadt",Erststimmen,ÖDP,0,0.0
08236040,"Mühlacker, Stadt",Zweitstimmen,ÖDP,8,0.07431490942870413
08236043,"Neuenbürg, Stadt",Erststimmen,ÖDP,0,0.0
08236043,"Neuenbürg, Stadt",Zweitstimmen,ÖDP,4,0.10840108401084012
08236044,Neuhausen,Erststimmen,ÖDP,0,0.0
08236044,Neuhausen,Zweitstimmen,ÖDP,2,0.06557377049180328
08236046,Niefern-Öschelbronn,Erststimmen,ÖDP,0,0.0
08236046,Niefern-Öschelbronn,Zweitstimmen,ÖDP,4,0.07156915369475755
08236050,Ötisheim,Erststimmen,ÖDP,0,0.0
08236050,Ötisheim,Zweitstimmen,ÖDP,2,0.07864726700747149
08236061,Sternenfels,Erststimmen,ÖDP,0,0.0
08236061,Sternenfels,Zweitstimmen,ÖDP,1,0.06426735218508997
08236062,Tiefenbronn,Erststimmen,ÖDP,0,0.0
08236062,Tiefenbronn,Zweitstimmen,ÖDP,2,0.062169723344731115
08236065,Wiernsheim,Erststimmen,ÖDP,0,0.0
08236065,Wiernsheim,Zweitstimmen,ÖDP,8,0.20822488287350338
08236067,Wimsheim,Erststimmen,ÖDP,0,0.0
08236067,Wimsheim,Zweitstimmen,ÖDP,0,0.0
08236068,Wurmberg,Erststimmen,ÖDP,0,0.0
08236068,Wurmberg,Zweitstimmen,ÖDP,3,0.18404907975460122
08236070,Keltern,Erststimmen,ÖDP,0,0.0
08236070,Keltern,Zweitstimmen,ÖDP,10,0.1903311762466692
08236071,Remchingen,Erststimmen,ÖDP,0,0.0
08236071,Remchingen,Zweitstimmen,ÖDP,3,0.046289152908501774
08236072,Straubenhardt,Erststimmen,ÖDP,0,0.0
08236072,Straubenhardt,Zweitstimmen,ÖDP,13,0.21169190685556097
08236073,Neulingen,Erststimmen,ÖDP,0,0.0
08236073,Neulingen,Zweitstimmen,ÖDP,8,0.21645021645021645
08236074,Kämpfelbach,Erststimmen,ÖDP,0,0.0
08236074,Kämpfelbach,Zweitstimmen,ÖDP,3,0.08358874338255781
08236075,Ölbronn-Dürrn,Erststimmen,ÖDP,0,0.0
08236075,Ölbronn-Dürrn,Zweitstimmen,ÖDP,3,0.15306122448979592
08236076,Königsbach-Stein,Erststimmen,ÖDP,0,0.0
08236076,Königsbach-Stein,Zweitstimmen,ÖDP,13,0.2331002331002331
08237002,"Alpirsbach, Stadt",Erststimmen,ÖDP,0,0.0
08237002,"Alpirsbach, Stadt",Zweitstimmen,ÖDP,13,0.41894940380277146
08237004,Baiersbronn,Erststimmen,ÖDP,0,0.0
08237004,Baiersbronn,Zweitstimmen,ÖDP,15,0.20240183510997167
08237019,"Dornstetten, Stadt",Erststimmen,ÖDP,0,0.0
08237019,"Dornstetten, Stadt",Zweitstimmen,ÖDP,4,0.09874105159219945
08237024,Empfingen,Erststimmen,ÖDP,0,0.0
08237024,Empfingen,Zweitstimmen,ÖDP,3,0.1349527665317139
08237027,Eutingen im Gäu,Erststimmen,ÖDP,0,0.0
08237027,Eutingen im Gäu,Zweitstimmen,ÖDP,3,0.089179548156956
08237028,"Freudenstadt, Stadt",Erststimmen,ÖDP,0,0.0
08237028,"Freudenstadt, Stadt",Zweitstimmen,ÖDP,15,0.13892747985551543
08237030,Glatten,Erststimmen,ÖDP,0,0.0
08237030,Glatten,Zweitstimmen,ÖDP,5,0.3526093088857546
08237032,Grömbach,Erststimmen,ÖDP,0,0.0
08237032,Grömbach,Zweitstimmen,ÖDP,0,0.0
08237040,"Horb am Neckar, Stadt",Erststimmen,ÖDP,0,0.0
08237040,"Horb am Neckar, Stadt",Zweitstimmen,ÖDP,16,0.1278772378516624
08237045,Loßburg,Erststimmen,ÖDP,0,0.0
08237045,Loßburg,Zweitstimmen,ÖDP,11,0.24564537740062528
08237054,Pfalzgrafenweiler,Erststimmen,ÖDP,0,0.0
08237054,Pfalzgrafenweiler,Zweitstimmen,ÖDP,9,0.24590163934426232
08237061,Schopfloch,Erststimmen,ÖDP,0,0.0
08237061,Schopfloch,Zweitstimmen,ÖDP,2,0.12812299807815503
08237072,Wörnersberg,Erststimmen,ÖDP,0,0.0
08237072,Wörnersberg,Zweitstimmen,ÖDP,1,1.1111111111111112
08237073,Seewald,Erststimmen,ÖDP,0,0.0
08237073,Seewald,Zweitstimmen,ÖDP,3,0.25380710659898476
08237074,Waldachtal,Erststimmen,ÖDP,0,0.0
08237074,Waldachtal,Zweitstimmen,ÖDP,2,0.06215040397762585
08237075,Bad Rippoldsau-Schapbach,Erststimmen,ÖDP,0,0.0
08237075,Bad Rippoldsau-Schapbach,Zweitstimmen,ÖDP,2,0.16012810248198558
08316002,Bahlingen am Kaiserstuhl,Erststimmen,ÖDP,0,0.0
08316002,Bahlingen am Kaiserstuhl,Zweitstimmen,ÖDP,0,0.0
08316003,Biederbach,Erststimmen,ÖDP,0,0.0
08316003,Biederbach,Zweitstimmen,ÖDP,0,0.0
08316009,Denzlingen,Erststimmen,ÖDP,0,0.0
08316009,Denzlingen,Zweitstimmen,ÖDP,25,0.33962776796630895
08316010,"Elzach, Stadt",Erststimmen,ÖDP,0,0.0
08316010,"Elzach, Stadt",Zweitstimmen,ÖDP,3,0.06986492780624128
08316011,"Emmendingen, Stadt",Erststimmen,ÖDP,0,0.0
08316011,"Emmendingen, Stadt",Zweitstimmen,ÖDP,35,0.24857954545454544
08316012,"Endingen am Kaiserstuhl, Stadt",Erststimmen,ÖDP,0,0.0
08316012,"Endingen am Kaiserstuhl, Stadt",Zweitstimmen,ÖDP,11,0.1909722222222222
08316013,Forchheim,Erststimmen,ÖDP,0,0.0
08316013,Forchheim,Zweitstimmen,ÖDP,3,0.36275695284159615
08316014,Gutach im Breisgau,Erststimmen,ÖDP,0,0.0
08316014,Gutach im Breisgau,Zweitstimmen,ÖDP,3,0.11385199240986717
08316017,"Herbolzheim, Stadt",Erststimmen,ÖDP,0,0.0
08316017,"Herbolzheim, Stadt",Zweitstimmen,ÖDP,8,0.15165876777251183
08316020,"Kenzingen, Stadt",Erststimmen,ÖDP,0,0.0
08316020,"Kenzingen, Stadt",Zweitstimmen,ÖDP,12,0.21516944593867668
08316024,Malterdingen,Erststimmen,ÖDP,0,0.0
08316024,Malterdingen,Zweitstimmen,ÖDP,6,0.3152916447714136
08316036,Reute,Erststimmen,ÖDP,0,0.0
08316036,Reute,Zweitstimmen,ÖDP,3,0.1724137931034483
08316037,Riegel am Kaiserstuhl,Erststimmen,ÖDP,0,0.0
08316037,Riegel am Kaiserstuhl,Zweitstimmen,ÖDP,4,0.19801980198019803
08316038,Sasbach am Kaiserstuhl,Erststimmen,ÖDP,0,0.0
08316038,Sasbach am Kaiserstuhl,Zweitstimmen,ÖDP,9,0.4381694255111977
08316039,Sexau,Erststimmen,ÖDP,0,0.0
08316039,Sexau,Zweitstimmen,ÖDP,2,0.09478672985781991
08316042,Simonswald,Erststimmen,ÖDP,0,0.0
08316042,Simonswald,Zweitstimmen,ÖDP,7,0.39503386004514673
08316043,Teningen,Erststimmen,ÖDP,0,0.0
08316043,Teningen,Zweitstimmen,ÖDP,21,0.3268991282689913
08316045,Vörstetten,Erststimmen,ÖDP,0,0.0
08316045,Vörstetten,Zweitstimmen,ÖDP,3,0.15839493136219643
08316049,Weisweil,Erststimmen,ÖDP,0,0.0
08316049,Weisweil,Zweitstimmen,ÖDP,0,0.0
08316051,Wyhl am Kaiserstuhl,Erststimmen,ÖDP,0,0.0
08316051,Wyhl am Kaiserstuhl,Zweitstimmen,ÖDP,5,0.24154589371980675
08316053,Rheinhausen im Breisgau,Erststimmen,ÖDP,0,0.0
08316053,Rheinhausen im Breisgau,Zweitstimmen,ÖDP,5,0.22007042253521128
08316054,Freiamt,Erststimmen,ÖDP,0,0.0
08316054,Freiamt,Zweitstimmen,ÖDP,6,0.23894862604540024
08316055,Winden im Elztal,Erststimmen,ÖDP,0,0.0
08316055,Winden im Elztal,Zweitstimmen,ÖDP,4,0.24479804161566704
08316056,"Waldkirch, Stadt",Erststimmen,ÖDP,0,0.0
08316056,"Waldkirch, Stadt",Zweitstimmen,ÖDP,26,0.2303739145844409
08325001,Aichhalden,Erststimmen,ÖDP,37,1.4515496273048254
08325001,Aichhalden,Zweitstimmen,ÖDP,22,0.8630835621812475
08325009,Bösingen,Erststimmen,ÖDP,14,0.6782945736434108
08325009,Bösingen,Zweitstimmen,ÖDP,10,0.48379293662312534
08325011,Dietingen,Erststimmen,ÖDP,8,0.3357112882920688
08325011,Dietingen,Zweitstimmen,ÖDP,5,0.20990764063811923
08325012,"Dornhan, Stadt",Erststimmen,ÖDP,19,0.5299860529986054
08325012,"Dornhan, Stadt",Zweitstimmen,ÖDP,10,0.2787844995818232
08325014,Dunningen,Erststimmen,ÖDP,32,0.8611410118406888
08325014,Dunningen,Zweitstimmen,ÖDP,19,0.5110274341043571
08325015,Epfendorf,Erststimmen,ÖDP,5,0.2767017155506364
08325015,Epfendorf,Zweitstimmen,ÖDP,5,0.2767017155506364
08325024,Hardt,Erststimmen,ÖDP,16,0.9586578789694428
08325024,Hardt,Zweitstimmen,ÖDP,6,0.36014405762304924
08325036,Lauterbach,Erststimmen,ÖDP,10,0.6729475100942126
08325036,Lauterbach,Zweitstimmen,ÖDP,7,0.4697986577181208
08325045,"Oberndorf am Neckar, Stadt",Erststimmen,ÖDP,40,0.6244146113019045
08325045,"Oberndorf am Neckar, Stadt",Zweitstimmen,ÖDP,26,0.4058694973462379
08325049,"Rottweil, Stadt",Erststimmen,ÖDP,71,0.5900440455414278
08325049,"Rottweil, Stadt",Zweitstimmen,ÖDP,30,0.2490246534406906
08325050,Schenkenzell,Erststimmen,ÖDP,3,0.29041626331074544
08325050,Schenkenzell,Zweitstimmen,ÖDP,0,0.0
08325051,"Schiltach, Stadt",Erststimmen,ÖDP,12,0.5946481665014867
08325051,"Schiltach, Stadt",Zweitstimmen,ÖDP,2,0.09881422924901186
08325053,"Schramberg, Stadt",Erststimmen,ÖDP,192,2.045381911153723
08325053,"Schramberg, Stadt",Zweitstimmen,ÖDP,90,0.956327701625757
08325057,"Sulz am Neckar, Stadt",Erststimmen,ÖDP,29,0.4700923974712271
08325057,"Sulz am Neckar, Stadt",Zweitstimmen,ÖDP,18,0.2912150137518201
08325060,Villingendorf,Erststimmen,ÖDP,23,1.2105263157894737
08325060,Villingendorf,Zweitstimmen,ÖDP,12,0.6305832895428272
08325061,Vöhringen,Erststimmen,ÖDP,15,0.639386189258312
08325061,Vöhringen,Zweitstimmen,ÖDP,3,0.12738853503184713
08325064,Wellendingen,Erststimmen,ÖDP,7,0.4227053140096618
08325064,Wellendingen,Zweitstimmen,ÖDP,4,0.24096385542168677
08325069,Zimmern ob Rottweil,Erststimmen,ÖDP,20,0.5977286312014346
08325069,Zimmern ob Rottweil,Zweitstimmen,ÖDP,7,0.20926756352765324
08325070,Fluorn-Winzeln,Erststimmen,ÖDP,50,2.7979854504756574
08325070,Fluorn-Winzeln,Zweitstimmen,ÖDP,40,2.232142857142857
08325071,Eschbronn,Erststimmen,ÖDP,11,0.8600469116497262
08325071,Eschbronn,Zweitstimmen,ÖDP,5,0.39154267815191857
08325072,Deißlingen,Erststimmen,ÖDP,16,0.4972032318210068
08325072,Deißlingen,Zweitstimmen,ÖDP,5,0.1548467017652524
08326003,"Bad Dürrheim, Stadt",Erststimmen,ÖDP,0,0.0
08326003,"Bad Dürrheim, Stadt",Zweitstimmen,ÖDP,7,0.1028202115158637
08326005,"Blumberg, Stadt",Erststimmen,ÖDP,0,0.0
08326005,"Blumberg, Stadt",Zweitstimmen,ÖDP,2,0.04552697473252903
08326006,"Bräunlingen, Stadt",Erststimmen,ÖDP,0,0.0
08326006,"Bräunlingen, Stadt",Zweitstimmen,ÖDP,9,0.285442435775452
08326010,Dauchingen,Erststimmen,ÖDP,0,0.0
08326010,Dauchingen,Zweitstimmen,ÖDP,5,0.23832221163012393
08326012,"Donaueschingen, Stadt",Erststimmen,ÖDP,0,0.0
08326012,"Donaueschingen, Stadt",Zweitstimmen,ÖDP,10,0.09490367277213628
08326017,"Furtwangen im Schwarzwald, Stadt",Erststimmen,ÖDP,0,0.0
08326017,"Furtwangen im Schwarzwald, Stadt",Zweitstimmen,ÖDP,4,0.1002004008016032
08326020,Gütenbach,Erststimmen,ÖDP,0,0.0
08326020,Gütenbach,Zweitstimmen,ÖDP,0,0.0
08326027,"Hüfingen, Stadt",Erststimmen,ÖDP,0,0.0
08326027,"Hüfingen, Stadt",Zweitstimmen,ÖDP,10,0.2531004808909137
08326031,Königsfeld im Schwarzwald,Erststimmen,ÖDP,0,0.0
08326031,Königsfeld im Schwarzwald,Zweitstimmen,ÖDP,1,0.028328611898016994
08326037,Mönchweiler,Erststimmen,ÖDP,0,0.0
08326037,Mönchweiler,Zweitstimmen,ÖDP,2,0.12062726176115801
08326041,Niedereschach,Erststimmen,ÖDP,0,0.0
08326041,Niedereschach,Zweitstimmen,ÖDP,4,0.12015620306398318
08326052,"St. Georgen im Schwarzwald, Stadt",Erststimmen,ÖDP,0,0.0
08326052,"St. Georgen im Schwarzwald, Stadt",Zweitstimmen,ÖDP,18,0.29178148808558924
08326054,Schönwald im Schwarzwald,Erststimmen,ÖDP,0,0.0
08326054,Schönwald im Schwarzwald,Zweitstimmen,ÖDP,3,0.22607385079125847
08326055,Schonach im Schwarzwald,Erststimmen,ÖDP,0,0.0
08326055,Schonach im Schwarzwald,Zweitstimmen,ÖDP,2,0.09492168960607499
08326060,"Triberg im Schwarzwald, Stadt",Erststimmen,ÖDP,0,0.0
08326060,"Triberg im Schwarzwald, Stadt",Zweitstimmen,ÖDP,1,0.055865921787709494
08326061,Tuningen,Erststimmen,ÖDP,0,0.0
08326061,Tuningen,Zweitstimmen,ÖDP,3,0.18007202881152462
08326065,Unterkirnach,Erststimmen,ÖDP,0,0.0
08326065,Unterkirnach,Zweitstimmen,ÖDP,1,0.0796812749003984
08326068,"Vöhrenbach, Stadt",Erststimmen,ÖDP,0,0.0
08326068,"Vöhrenbach, Stadt",Zweitstimmen,ÖDP,2,0.11862396204033215
08326074,"Villingen-Schwenningen, Stadt",Erststimmen,ÖDP,0,0.0
08326074,"Villingen-Schwenningen, Stadt",Zweitstimmen,ÖDP,31,0.08836944127708096
08326075,Brigachtal,Erststimmen,ÖDP,0,0.0
08326075,Brigachtal,Zweitstimmen,ÖDP,12,0.4094165813715456
08327002,Aldingen,Erststimmen,ÖDP,0,0.0
08327002,Aldingen,Zweitstimmen,ÖDP,6,0.18547140649149924
08327004,Bärenthal,Erststimmen,ÖDP,0,0.0
08327004,Bärenthal,Zweitstimmen,ÖDP,0,0.0
08327005,Balgheim,Erststimmen,ÖDP,0,0.0
08327005,Balgheim,Zweitstimmen,ÖDP,2,0.2840909090909091
08327006,Böttingen,Erststimmen,ÖDP,0,0.0
08327006,Böttingen,Zweitstimmen,ÖDP,0,0.0
08327007,Bubsheim,Erststimmen,ÖDP,0,0.0
08327007,Bubsheim,Zweitstimmen,ÖDP,3,0.5405405405405406
08327008,Buchheim,Erststimmen,ÖDP,0,0.0
08327008,Buchheim,Zweitstimmen,ÖDP,3,0.6637168141592921
08327009,Deilingen,Erststimmen,ÖDP,0,0.0
08327009,Deilingen,Zweitstimmen,ÖDP,0,0.0
08327010,Denkingen,Erststimmen,ÖDP,0,0.0
08327010,Denkingen,Zweitstimmen,ÖDP,3,0.20270270270270271
08327011,Dürbheim,Erststimmen,ÖDP,0,0.0
08327011,Dürbheim,Zweitstimmen,ÖDP,2,0.20597322348094746
08327012,Durchhausen,Erststimmen,ÖDP,0,0.0
08327012,Durchhausen,Zweitstimmen,ÖDP,1,0.1890359168241966
08327013,Egesheim,Erststimmen,ÖDP,0,0.0
08327013,Egesheim,Zweitstimmen,ÖDP,0,0.0
08327016,"Fridingen an der Donau, Stadt",Erststimmen,ÖDP,0,0.0
08327016,"Fridingen an der Donau, Stadt",Zweitstimmen,ÖDP,2,0.11940298507462686
08327017,Frittlingen,Erststimmen,ÖDP,0,0.0
08327017,Frittlingen,Zweitstimmen,ÖDP,1,0.09182736455463728
08327018,"Geisingen, Stadt",Erststimmen,ÖDP,0,0.0
08327018,"Geisingen, Stadt",Zweitstimmen,ÖDP,4,0.13293452974410103
08327019,Gosheim,Erststimmen,ÖDP,0,0.0
08327019,Gosheim,Zweitstimmen,ÖDP,1,0.05770340450086555
08327020,Gunningen,Erststimmen,ÖDP,0,0.0
08327020,Gunningen,Zweitstimmen,ÖDP,0,0.0
08327023,Hausen ob Verena,Erststimmen,ÖDP,0,0.0
08327023,Hausen ob Verena,Zweitstimmen,ÖDP,0,0.0
08327025,Immendingen,Erststimmen,ÖDP,0,0.0
08327025,Immendingen,Zweitstimmen,ÖDP,12,0.3953871499176277
08327027,Irndorf,Erststimmen,ÖDP,0,0.0
08327027,Irndorf,Zweitstimmen,ÖDP,1,0.22123893805309736
08327029,Königsheim,Erststimmen,ÖDP,0,0.0
08327029,Königsheim,Zweitstimmen,ÖDP,1,0.2824858757062147
08327030,Kolbingen,Erststimmen,ÖDP,0,0.0
08327030,Kolbingen,Zweitstimmen,ÖDP,2,0.261437908496732
08327033,Mahlstetten,Erststimmen,ÖDP,0,0.0
08327033,Mahlstetten,Zweitstimmen,ÖDP,1,0.2079002079002079
08327036,"Mühlheim an der Donau, Stadt",Erststimmen,ÖDP,0,0.0
08327036,"Mühlheim an der Donau, Stadt",Zweitstimmen,ÖDP,2,0.09886307464162135
08327038,Neuhausen ob Eck,Erststimmen,ÖDP,0,0.0
08327038,Neuhausen ob Eck,Zweitstimmen,ÖDP,9,0.4677754677754678
08327040,Reichenbach am Heuberg,Erststimmen,ÖDP,0,0.0
08327040,Reichenbach am Heuberg,Zweitstimmen,ÖDP,0,0.0
08327041,Renquishausen,Erststimmen,ÖDP,0,0.0
08327041,Renquishausen,Zweitstimmen,ÖDP,0,0.0
08327046,"Spaichingen, Stadt",Erststimmen,ÖDP,0,0.0
08327046,"Spaichingen, Stadt",Zweitstimmen,ÖDP,5,0.0864902266043937
08327048,Talheim,Erststimmen,ÖDP,0,0.0
08327048,Talheim,Zweitstimmen,ÖDP,1,0.13908205841446453
08327049,"Trossingen, Stadt",Erststimmen,ÖDP,0,0.0
08327049,"Trossingen, Stadt",Zweitstimmen,ÖDP,13,0.2003390352904916
08327050,"Tuttlingen, Stadt",Erststimmen,ÖDP,0,0.0
08327050,"Tuttlingen, Stadt",Zweitstimmen,ÖDP,20,0.15379883112888343
08327051,Wehingen,Erststimmen,ÖDP,0,0.0
08327051,Wehingen,Zweitstimmen,ÖDP,1,0.06455777921239508
08327054,Wurmlingen,Erststimmen,ÖDP,0,0.0
08327054,Wurmlingen,Zweitstimmen,ÖDP,2,0.09285051067780872
08327055,Seitingen-Oberflacht,Erststimmen,ÖDP,0,0.0
08327055,Seitingen-Oberflacht,Zweitstimmen,ÖDP,0,0.0
08327056,Rietheim-Weilheim,Erststimmen,ÖDP,0,0.0
08327056,Rietheim-Weilheim,Zweitstimmen,ÖDP,1,0.0693000693000693
08327057,Emmingen-Liptingen,Erststimmen,ÖDP,0,0.0
08327057,Emmingen-Liptingen,Zweitstimmen,ÖDP,5,0.19076688286913393
08336004,Aitern,Erststimmen,ÖDP,0,0.0
08336004,Aitern,Zweitstimmen,ÖDP,1,0.32573289902280134
08336006,Bad Bellingen,Erststimmen,ÖDP,0,0.0
08336006,Bad Bellingen,Zweitstimmen,ÖDP,3,0.13895321908290875
08336008,Binzen,Erststimmen,ÖDP,0,0.0
08336008,Binzen,Zweitstimmen,ÖDP,1,0.06082725060827251
08336010,Böllen,Erststimmen,ÖDP,0,0.0
08336010,Böllen,Zweitstimmen,ÖDP,0,0.0
08336014,Efringen-Kirchen,Erststimmen,ÖDP,0,0.0
08336014,Efringen-Kirchen,Zweitstimmen,ÖDP,6,0.12526096033402923
08336019,Eimeldingen,Erststimmen,ÖDP,0,0.0
08336019,Eimeldingen,Zweitstimmen,ÖDP,1,0.07739938080495357
08336024,Fischingen,Erststimmen,ÖDP,0,0.0
08336024,Fischingen,Zweitstimmen,ÖDP,0,0.0
08336025,Fröhnd,Erststimmen,ÖDP,0,0.0
08336025,Fröhnd,Zweitstimmen,ÖDP,0,0.0
08336034,Hasel,Erststimmen,ÖDP,0,0.0
08336034,Hasel,Zweitstimmen,ÖDP,3,0.49180327868852464
08336036,Hausen im Wiesental,Erststimmen,ÖDP,0,0.0
08336036,Hausen im Wiesental,Zweitstimmen,ÖDP,1,0.08156606851549755
08336043,Inzlingen,Erststimmen,ÖDP,0,0.0
08336043,Inzlingen,Zweitstimmen,ÖDP,1,0.07513148009015778
08336050,"Lörrach, Stadt",Erststimmen,ÖDP,0,0.0
08336050,"Lörrach, Stadt",Zweitstimmen,ÖDP,28,0.13618014688001556
08336057,Maulburg,Erststimmen,ÖDP,0,0.0
08336057,Maulburg,Zweitstimmen,ÖDP,2,0.0997506234413965
08336069,"Rheinfelden (Baden), Stadt",Erststimmen,ÖDP,0,0.0
08336069,"Rheinfelden (Baden), Stadt",Zweitstimmen,ÖDP,22,0.16129032258064516
08336073,Rümmingen,Erststimmen,ÖDP,0,0.0
08336073,Rümmingen,Zweitstimmen,ÖDP,1,0.10695187165775401
08336075,Schallbach,Erststimmen,ÖDP,0,0.0
08336075,Schallbach,Zweitstimmen,ÖDP,0,0.0
08336079,"Schönau im Schwarzwald, Stadt",Erststimmen,ÖDP,0,0.0
08336079,"Schönau im Schwarzwald, Stadt",Zweitstimmen,ÖDP,2,0.3076923076923077
08336080,Schönenberg,Erststimmen,ÖDP,0,0.0
08336080,Schönenberg,Zweitstimmen,ÖDP,2,1.2345679012345678
08336081,"Schopfheim, Stadt",Erststimmen,ÖDP,0,0.0
08336081,"Schopfheim, Stadt",Zweitstimmen,ÖDP,9,0.0958568537650442
08336082,Schwörstadt,Erststimmen,ÖDP,0,0.0
08336082,Schwörstadt,Zweitstimmen,ÖDP,1,0.08488964346349745
08336084,Steinen,Erststimmen,ÖDP,0,0.0
08336084,Steinen,Zweitstimmen,ÖDP,13,0.24362818590704646
08336087,"Todtnau, Stadt",Erststimmen,ÖDP,0,0.0
08336087,"Todtnau, Stadt",Zweitstimmen,ÖDP,1,0.03992015968063872
08336089,Tunau,Erststimmen,ÖDP,0,0.0
08336089,Tunau,Zweitstimmen,ÖDP,0,0.0
08336090,Utzenfeld,Erststimmen,ÖDP,0,0.0
08336090,Utzenfeld,Zweitstimmen,ÖDP,0,0.0
08336091,"Weil am Rhein, Stadt",Erststimmen,ÖDP,0,0.0
08336091,"Weil am Rhein, Stadt",Zweitstimmen,ÖDP,14,0.1192707445902198
08336094,Wembach,Erststimmen,ÖDP,0,0.0
08336094,Wembach,Zweitstimmen,ÖDP,0,0.0
08336096,Wieden,Erststimmen,ÖDP,0,0.0
08336096,Wieden,Zweitstimmen,ÖDP,0,0.0
08336100,Wittlingen,Erststimmen,ÖDP,0,0.0
08336100,Wittlingen,Zweitstimmen,ÖDP,0,0.0
08336103,"Zell im Wiesental, Stadt",Erststimmen,ÖDP,0,0.0
08336103,"Zell im Wiesental, Stadt",Zweitstimmen,ÖDP,1,0.0395882818685669
08336105,Grenzach-Wyhlen,Erststimmen,ÖDP,0,0.0
08336105,Grenzach-Wyhlen,Zweitstimmen,ÖDP,4,0.06489292667099286
08336106,Häg-Ehrsberg,Erststimmen,ÖDP,0,0.0
08336106,Häg-Ehrsberg,Zweitstimmen,ÖDP,0,0.0
08336107,Kleines Wiesental,Erststimmen,ÖDP,0,0.0
08336107,Kleines Wiesental,Zweitstimmen,ÖDP,4,0.24198427102238357
08337002,Albbruck,Erststimmen,ÖDP,0,0.0
08337002,Albbruck,Zweitstimmen,ÖDP,6,0.16120365394948952
08337030,Dettighofen,Erststimmen,ÖDP,0,0.0
08337030,Dettighofen,Zweitstimmen,ÖDP,5,0.8787346221441126
08337032,Dogern,Erststimmen,ÖDP,0,0.0
08337032,Dogern,Zweitstimmen,ÖDP,3,0.24590163934426232
08337038,Görwihl,Erststimmen,ÖDP,0,0.0
08337038,Görwihl,Zweitstimmen,ÖDP,3,0.12494793835901709
08337049,Herrischried,Erststimmen,ÖDP,0,0.0
08337049,Herrischried,Zweitstimmen,ÖDP,6,0.4434589800443459
08337053,Hohentengen am Hochrhein,Erststimmen,ÖDP,0,0.0
08337053,Hohentengen am Hochrhein,Zweitstimmen,ÖDP,0,0.0
08337060,Jestetten,Erststimmen,ÖDP,0,0.0
08337060,Jestetten,Zweitstimmen,ÖDP,2,0.09596928982725528
08337062,Klettgau,Erststimmen,ÖDP,0,0.0
08337062,Klettgau,Zweitstimmen,ÖDP,5,0.1371742112482853
08337065,Lauchringen,Erststimmen,ÖDP,0,0.0
08337065,Lauchringen,Zweitstimmen,ÖDP,3,0.08062348830959419
08337066,"Laufenburg (Baden), Stadt",Erststimmen,ÖDP,0,0.0
08337066,"Laufenburg (Baden), Stadt",Zweitstimmen,ÖDP,3,0.08032128514056225
08337070,Lottstetten,Erststimmen,ÖDP,0,0.0
08337070,Lottstetten,Zweitstimmen,ÖDP,1,0.11123470522803114
08337076,Murg,Erststimmen,ÖDP,0,0.0
08337076,Murg,Zweitstimmen,ÖDP,4,0.1252740369558409
08337090,Rickenbach,Erststimmen,ÖDP,0,0.0
08337090,Rickenbach,Zweitstimmen,ÖDP,7,0.33018867924528306
08337096,"Bad Säckingen, Stadt",Erststimmen,ÖDP,0,0.0
08337096,"Bad Säckingen, Stadt",Zweitstimmen,ÖDP,11,0.15343841539963735
08337106,"Stühlingen, Stadt",Erststimmen,ÖDP,0,0.0
08337106,"Stühlingen, Stadt",Zweitstimmen,ÖDP,9,0.3156787092248334
08337116,"Wehr, Stadt",Erststimmen,ÖDP,0,0.0
08337116,"Wehr, Stadt",Zweitstimmen,ÖDP,5,0.09199632014719411
08337118,Weilheim,Erststimmen,ÖDP,0,0.0
08337118,Weilheim,Zweitstimmen,ÖDP,2,0.10368066355624676
08337123,Wutöschingen,Erststimmen,ÖDP,0,0.0
08337123,Wutöschingen,Zweitstimmen,ÖDP,3,0.09457755359394704
08337124,Eggingen,Erststimmen,ÖDP,0,0.0
08337124,Eggingen,Zweitstimmen,ÖDP,1,0.10718113612004287
08337125,Küssaberg,Erststimmen,ÖDP,0,0.0
08337125,Küssaberg,Zweitstimmen,ÖDP,6,0.2117148906139732
08337126,"Waldshut-Tiengen, Stadt",Erststimmen,ÖDP,0,0.0
08337126,"Waldshut-Tiengen, Stadt",Zweitstimmen,ÖDP,10,0.1052299273913501
08416006,Bodelshausen,Erststimmen,ÖDP,0,0.0
08416006,Bodelshausen,Zweitstimmen,ÖDP,3,0.11385199240986717
08416009,Dettenhausen,Erststimmen,ÖDP,0,0.0
08416009,Dettenhausen,Zweitstimmen,ÖDP,4,0.12539184952978058
08416018,Hirrlingen,Erststimmen,ÖDP,0,0.0
08416018,Hirrlingen,Zweitstimmen,ÖDP,2,0.11389521640091116
08416025,"Mössingen, Stadt",Erststimmen,ÖDP,0,0.0
08416025,"Mössingen, Stadt",Zweitstimmen,ÖDP,18,0.1717065725460269
08416031,Ofterdingen,Erststimmen,ÖDP,0,0.0
08416031,Ofterdingen,Zweitstimmen,ÖDP,3,0.10783608914450035
08416036,"Rottenburg am Neckar, Stadt",Erststimmen,ÖDP,0,0.0
08416036,"Rottenburg am Neckar, Stadt",Zweitstimmen,ÖDP,31,0.1347064702559423
08416041,"Tübingen, Universitätsstadt",Erststimmen,ÖDP,0,0.0
08416041,"Tübingen, Universitätsstadt",Zweitstimmen,ÖDP,98,0.190117756610472
08416048,Ammerbuch,Erststimmen,ÖDP,0,0.0
08416048,Ammerbuch,Zweitstimmen,ÖDP,14,0.20855057351407716
08416049,Neustetten,Erststimmen,ÖDP,0,0.0
08416049,Neustetten,Zweitstimmen,ÖDP,4,0.18761726078799248
08416050,Starzach,Erststimmen,ÖDP,0,0.0
08416050,Starzach,Zweitstimmen,ÖDP,7,0.2711076684740511
08417002,"Balingen, Stadt",Erststimmen,ÖDP,0,0.0
08417002,"Balingen, Stadt",Zweitstimmen,ÖDP,27,0.15378481517343512
08417008,Bisingen,Erststimmen,ÖDP,0,0.0
08417008,Bisingen,Zweitstimmen,ÖDP,3,0.060753341433778855
08417010,Bitz,Erststimmen,ÖDP,0,0.0
08417010,Bitz,Zweitstimmen,ÖDP,7,0.3453379378391712
08417014,Dautmergen,Erststimmen,ÖDP,0,0.0
08417014,Dautmergen,Zweitstimmen,ÖDP,1,0.3875968992248062
08417015,Dormettingen,Erststimmen,ÖDP,0,0.0
08417015,Dormettingen,Zweitstimmen,ÖDP,0,0.0
08417016,Dotternhausen,Erststimmen,ÖDP,0,0.0
08417016,Dotternhausen,Zweitstimmen,ÖDP,0,0.0
08417022,"Geislingen, Stadt",Erststimmen,ÖDP,0,0.0
08417022,"Geislingen, Stadt",Zweitstimmen,ÖDP,9,0.2665876777251185
08417023,Grosselfingen,Erststimmen,ÖDP,0,0.0
08417023,Grosselfingen,Zweitstimmen,ÖDP,1,0.08795074758135445
08417025,"Haigerloch, Stadt",Erststimmen,ÖDP,0,0.0
08417025,"Haigerloch, Stadt",Zweitstimmen,ÖDP,4,0.07023705004389816
08417029,Hausen am Tann,Erststimmen,ÖDP,0,0.0
08417029,Hausen am Tann,Zweitstimmen,ÖDP,0,0.0
08417044,"Meßstetten, Stadt",Erststimmen,ÖDP,0,0.0
08417044,"Meßstetten, Stadt",Zweitstimmen,ÖDP,5,0.09020386072523903
08417045,Nusplingen,Erststimmen,ÖDP,0,0.0
08417045,Nusplingen,Zweitstimmen,ÖDP,1,0.1002004008016032
08417047,Obernheim,Erststimmen,ÖDP,0,0.0
08417047,Obernheim,Zweitstimmen,ÖDP,3,0.3508771929824561
08417051,Rangendingen,Erststimmen,ÖDP,0,0.0
08417051,Rangendingen,Zweitstimmen,ÖDP,8,0.2794271742927
08417052,Ratshausen,Erststimmen,ÖDP,0,0.0
08417052,Ratshausen,Zweitstimmen,ÖDP,1,0.22123893805309736
08417054,"Rosenfeld, Stadt",Erststimmen,ÖDP,0,0.0
08417054,"Rosenfeld, Stadt",Zweitstimmen,ÖDP,6,0.17211703958691912
08417057,"Schömberg, Stadt",Erststimmen,ÖDP,0,0.0
08417057,"Schömberg, Stadt",Zweitstimmen,ÖDP,2,0.09070294784580499
08417063,Straßberg,Erststimmen,ÖDP,0,0.0
08417063,Straßberg,Zweitstimmen,ÖDP,1,0.06978367062107467
08417071,Weilen unter den Rinnen,Erststimmen,ÖDP,0,0.0
08417071,Weilen unter den Rinnen,Zweitstimmen,ÖDP,0,0.0
08417075,Winterlingen,Erststimmen,ÖDP,0,0.0
08417075,Winterlingen,Zweitstimmen,ÖDP,2,0.060024009603841535
08417078,Zimmern unter der Burg,Erststimmen,ÖDP,0,0.0
08417078,Zimmern unter der Burg,Zweitstimmen,ÖDP,0,0.0
08417079,"Albstadt, Stadt",Erststimmen,ÖDP,0,0.0
08417079,"Albstadt, Stadt",Zweitstimmen,ÖDP,21,0.11163680825049174
08425002,Allmendingen,Erststimmen,ÖDP,0,0.0
08425002,Allmendingen,Zweitstimmen,ÖDP,1,0.03735524841240195
08425004,Altheim,Erststimmen,ÖDP,0,0.0
08425004,Altheim,Zweitstimmen,ÖDP,0,0.0
08425005,Altheim (Alb),Erststimmen,ÖDP,0,0.0
08425005,Altheim (Alb),Zweitstimmen,ÖDP,3,0.2890173410404624
08425008,Amstetten,Erststimmen,ÖDP,0,0.0
08425008,Amstetten,Zweitstimmen,ÖDP,4,0.1813236627379873
08425011,Asselfingen,Erststimmen,ÖDP,0,0.0
08425011,Asselfingen,Zweitstimmen,ÖDP,2,0.37735849056603776
08425013,Ballendorf,Erststimmen,ÖDP,0,0.0
08425013,Ballendorf,Zweitstimmen,ÖDP,0,0.0
08425014,Beimerstetten,Erststimmen,ÖDP,0,0.0
08425014,Beimerstetten,Zweitstimmen,ÖDP,3,0.21201413427561835
08425017,Berghülen,Erststimmen,ÖDP,0,0.0
08425017,Berghülen,Zweitstimmen,ÖDP,5,0.40683482506102525
08425019,Bernstadt,Erststimmen,ÖDP,0,0.0
08425019,Bernstadt,Zweitstimmen,ÖDP,6,0.43478260869565216
08425020,"Blaubeuren, Stadt",Erststimmen,ÖDP,0,0.0
08425020,"Blaubeuren, Stadt",Zweitstimmen,ÖDP,8,0.13271400132714
08425022,Börslingen,Erststimmen,ÖDP,0,0.0
08425022,Börslingen,Zweitstimmen,ÖDP,0,0.0
08425024,Breitingen,Erststimmen,ÖDP,0,0.0
08425024,Breitingen,Zweitstimmen,ÖDP,0,0.0
08425031,Dornstadt,Erststimmen,ÖDP,0,0.0
08425031,Dornstadt,Zweitstimmen,ÖDP,7,0.1432078559738134
08425033,"Ehingen (Donau), Stadt",Erststimmen,ÖDP,0,0.0
08425033,"Ehingen (Donau), Stadt",Zweitstimmen,ÖDP,10,0.07739339060444238
08425035,Emeringen,Erststimmen,ÖDP,0,0.0
08425035,Emeringen,Zweitstimmen,ÖDP,0,0.0
08425036,Emerkingen,Erststimmen,ÖDP,0,0.0
08425036,Emerkingen,Zweitstimmen,ÖDP,0,0.0
08425050,Griesingen,Erststimmen,ÖDP,0,0.0
08425050,Griesingen,Zweitstimmen,ÖDP,0,0.0
08425052,Grundsheim,Erststimmen,ÖDP,0,0.0
08425052,Grundsheim,Zweitstimmen,ÖDP,0,0.0
08425055,Hausen am Bussen,Erststimmen,ÖDP,0,0.0
08425055,Hausen am Bussen,Zweitstimmen,ÖDP,0,0.0
08425062,Holzkirch,Erststimmen,ÖDP,0,0.0
08425062,Holzkirch,Zweitstimmen,ÖDP,2,1.5384615384615385
08425071,"Laichingen, Stadt",Erststimmen,ÖDP,0,0.0
08425071,"Laichingen, Stadt",Zweitstimmen,ÖDP,21,0.3553900829243527
08425072,"Langenau, Stadt",Erststimmen,ÖDP,0,0.0
08425072,"Langenau, Stadt",Zweitstimmen,ÖDP,10,0.12370113805047006
08425073,Lauterach,Erststimmen,ÖDP,0,0.0
08425073,Lauterach,Zweitstimmen,ÖDP,1,0.37174721189591076
08425075,Lonsee,Erststimmen,ÖDP,0,0.0
08425075,Lonsee,Zweitstimmen,ÖDP,4,0.14398848092152627
08425079,Merklingen,Erststimmen,ÖDP,0,0.0
08425079,Merklingen,Zweitstimmen,ÖDP,1,0.0831255195344971
08425081,"Munderkingen, Stadt",Erststimmen,ÖDP,0,0.0
08425081,"Munderkingen, Stadt",Zweitstimmen,ÖDP,0,0.0
08425083,Neenstetten,Erststimmen,ÖDP,0,0.0
08425083,Neenstetten,Zweitstimmen,ÖDP,2,0.4807692307692308
08425084,Nellingen,Erststimmen,ÖDP,0,0.0
08425084,Nellingen,Zweitstimmen,ÖDP,1,0.07680491551459294
08425085,Nerenstetten,Erststimmen,ÖDP,0,0.0
08425085,Nerenstetten,Zweitstimmen,ÖDP,0,0.0
08425088,Oberdischingen,Erststimmen,ÖDP,0,0.0
08425088,Oberdischingen,Zweitstimmen,ÖDP,4,0.3115264797507788
08425090,Obermarchtal,Erststimmen,ÖDP,0,0.0
08425090,Obermarchtal,Zweitstimmen,ÖDP,1,0.12360939431396785
08425091,Oberstadion,Erststimmen,ÖDP,0,0.0
08425091,Oberstadion,Zweitstimmen,ÖDP,0,0.0
08425092,Öllingen,Erststimmen,ÖDP,0,0.0
08425092,Öllingen,Zweitstimmen,ÖDP,0,0.0
08425093,Öpfingen,Erststimmen,ÖDP,0,0.0
08425093,Öpfingen,Zweitstimmen,ÖDP,0,0.0
08425097,Rammingen,Erststimmen,ÖDP,0,0.0
08425097,Rammingen,Zweitstimmen,ÖDP,1,0.13089005235602094
08425098,Rechtenstein,Erststimmen,ÖDP,0,0.0
08425098,Rechtenstein,Zweitstimmen,ÖDP,0,0.0
08425104,Rottenacker,Erststimmen,ÖDP,0,0.0
08425104,Rottenacker,Zweitstimmen,ÖDP,1,0.08196721311475409
08425108,"Schelklingen, Stadt",Erststimmen,ÖDP,0,0.0
08425108,"Schelklingen, Stadt",Zweitstimmen,ÖDP,4,0.11726766344180592
08425112,Setzingen,Erststimmen,ÖDP,0,0.0
08425112,Setzingen,Zweitstimmen,ÖDP,1,0.2932551319648094
08425123,Untermarchtal,Erststimmen,ÖDP,0,0.0
08425123,Untermarchtal,Zweitstimmen,ÖDP,2,0.6172839506172839
08425124,Unterstadion,Erststimmen,ÖDP,0,0.0
08425124,Unterstadion,Zweitstimmen,ÖDP,0,0.0
08425125,Unterwachingen,Erststimmen,ÖDP,0,0.0
08425125,Unterwachingen,Zweitstimmen,ÖDP,0,0.0
08425130,Weidenstetten,Erststimmen,ÖDP,0,0.0
08425130,Weidenstetten,Zweitstimmen,ÖDP,4,0.47393364928909953
08425134,Westerheim,Erststimmen,ÖDP,0,0.0
08425134,Westerheim,Zweitstimmen,ÖDP,0,0.0
08425135,Westerstetten,Erststimmen,ÖDP,0,0.0
08425135,Westerstetten,Zweitstimmen,ÖDP,2,0.15060240963855423
08425139,Heroldstatt,Erststimmen,ÖDP,0,0.0
08425139,Heroldstatt,Zweitstimmen,ÖDP,1,0.05780346820809249
08426001,Achstetten,Erststimmen,ÖDP,0,0.0
08426001,Achstetten,Zweitstimmen,ÖDP,2,0.06770480704129993
08426005,Alleshausen,Erststimmen,ÖDP,0,0.0
08426005,Alleshausen,Zweitstimmen,ÖDP,1,0.34965034965034963
08426006,Allmannsweiler,Erststimmen,ÖDP,0,0.0
08426006,Allmannsweiler,Zweitstimmen,ÖDP,1,0.5952380952380952
08426008,Altheim,Erststimmen,ÖDP,0,0.0
08426008,Altheim,Zweitstimmen,ÖDP,1,0.078064012490242
08426011,Attenweiler,Erststimmen,ÖDP,0,0.0
08426011,Attenweiler,Zweitstimmen,ÖDP,1,0.08203445447087777
08426013,"Bad Buchau, Stadt",Erststimmen,ÖDP,0,0.0
08426013,"Bad Buchau, Stadt",Zweitstimmen,ÖDP,13,0.47988187523071246
08426014,"Bad Schussenried, Stadt",Erststimmen,ÖDP,0,0.0
08426014,"Bad Schussenried, Stadt",Zweitstimmen,ÖDP,5,0.11460004584001833
08426020,Betzenweiler,Erststimmen,ÖDP,0,0.0
08426020,Betzenweiler,Zweitstimmen,ÖDP,1,0.32573289902280134
08426021,"Biberach an der Riß, Stadt",Erststimmen,ÖDP,0,0.0
08426021,"Biberach an der Riß, Stadt",Zweitstimmen,ÖDP,43,0.2648761857829247
08426028,Burgrieden,Erststimmen,ÖDP,0,0.0
08426028,Burgrieden,Zweitstimmen,ÖDP,1,0.04288164665523156
08426035,Dürmentingen,Erststimmen,ÖDP,0,0.0
08426035,Dürmentingen,Zweitstimmen,ÖDP,3,0.20270270270270271
08426036,Dürnau,Erststimmen,ÖDP,0,0.0
08426036,Dürnau,Zweitstimmen,ÖDP,0,0.0
08426038,Eberhardzell,Erststimmen,ÖDP,0,0.0
08426038,Eberhardzell,Zweitstimmen,ÖDP,4,0.14897579143389197
08426043,Erlenmoos,Erststimmen,ÖDP,0,0.0
08426043,Erlenmoos,Zweitstimmen,ÖDP,1,0.0931098696461825
08426045,Ertingen,Erststimmen,ÖDP,0,0.0
08426045,Ertingen,Zweitstimmen,ÖDP,8,0.2630713581058862
08426058,Hochdorf,Erststimmen,ÖDP,0,0.0
08426058,Hochdorf,Zweitstimmen,ÖDP,4,0.27605244996549344
08426062,Ingoldingen,Erststimmen,ÖDP,0,0.0
08426062,Ingoldingen,Zweitstimmen,ÖDP,3,0.1589825119236884
08426064,Kanzach,Erststimmen,ÖDP,0,0.0
08426064,Kanzach,Zweitstimmen,ÖDP,1,0.40816326530612246
08426067,Langenenslingen,Erststimmen,ÖDP,0,0.0
08426067,Langenenslingen,Zweitstimmen,ÖDP,2,0.0970873786407767
08426070,"Laupheim, Stadt",Erststimmen,ÖDP,0,0.0
08426070,"Laupheim, Stadt",Zweitstimmen,ÖDP,23,0.20690896005757467
08426071,Maselheim,Erststimmen,ÖDP,0,0.0
08426071,Maselheim,Zweitstimmen,ÖDP,6,0.22770398481973433
08426073,Mietingen,Erststimmen,ÖDP,0,0.0
08426073,Mietingen,Zweitstimmen,ÖDP,21,0.7253886010362695
08426074,Mittelbiberach,Erststimmen,ÖDP,0,0.0
08426074,Mittelbiberach,Zweitstimmen,ÖDP,6,0.23148148148148145
08426078,Moosburg,Erststimmen,ÖDP,0,0.0
08426078,Moosburg,Zweitstimmen,ÖDP,0,0.0
08426087,"Ochsenhausen, Stadt",Erststimmen,ÖDP,0,0.0
08426087,"Ochsenhausen, Stadt",Zweitstimmen,ÖDP,19,0.4182258419546555
08426090,Oggelshausen,Erststimmen,ÖDP,0,0.0
08426090,Oggelshausen,Zweitstimmen,ÖDP,1,0.31645569620253167
08426097,"Riedlingen, Stadt",Erststimmen,ÖDP,0,0.0
08426097,"Riedlingen, Stadt",Zweitstimmen,ÖDP,5,0.09446438692612885
08426108,Schwendi,Erststimmen,ÖDP,0,0.0
08426108,Schwendi,Zweitstimmen,ÖDP,20,0.5351886540005352
08426109,Seekirch,Erststimmen,ÖDP,0,0.0
08426109,Seekirch,Zweitstimmen,ÖDP,0,0.0
08426113,Steinhausen an der Rottum,Erststimmen,ÖDP,0,0.0
08426113,Steinhausen an der Rottum,Zweitstimmen,ÖDP,8,0.597460791635549
08426118,Tiefenbach,Erststimmen,ÖDP,0,0.0
08426118,Tiefenbach,Zweitstimmen,ÖDP,2,0.9009009009009009
08426120,Ummendorf,Erststimmen,ÖDP,0,0.0
08426120,Ummendorf,Zweitstimmen,ÖDP,9,0.3516998827667058
08426121,Unlingen,Erststimmen,ÖDP,0,0.0
08426121,Unlingen,Zweitstimmen,ÖDP,21,1.417004048582996
08426124,Uttenweiler,Erststimmen,ÖDP,0,0.0
08426124,Uttenweiler,Zweitstimmen,ÖDP,7,0.3089143865842895
08426125,Wain,Erststimmen,ÖDP,0,0.0
08426125,Wain,Zweitstimmen,ÖDP,5,0.5668934240362812
08426128,Warthausen,Erststimmen,ÖDP,0,0.0
08426128,Warthausen,Zweitstimmen,ÖDP,14,0.48426150121065376
08426134,Schemmerhofen,Erststimmen,ÖDP,0,0.0
08426134,Schemmerhofen,Zweitstimmen,ÖDP,8,0.15710919088766695
08426135,Gutenzell-Hürbel,Erststimmen,ÖDP,0,0.0
08426135,Gutenzell-Hürbel,Zweitstimmen,ÖDP,17,1.468048359240069
08435005,Bermatingen,Erststimmen,ÖDP,0,0.0
08435005,Bermatingen,Zweitstimmen,ÖDP,5,0.2172024326672459
08435010,Daisendorf,Erststimmen,ÖDP,0,0.0
08435010,Daisendorf,Zweitstimmen,ÖDP,3,0.3271537622682661
08435013,Eriskirch,Erststimmen,ÖDP,0,0.0
08435013,Eriskirch,Zweitstimmen,ÖDP,2,0.07763975155279502
08435015,Frickingen,Erststimmen,ÖDP,0,0.0
08435015,Frickingen,Zweitstimmen,ÖDP,2,0.10718113612004287
08435016,"Friedrichshafen, Stadt",Erststimmen,ÖDP,0,0.0
08435016,"Friedrichshafen, Stadt",Zweitstimmen,ÖDP,54,0.20702346265910138
08435018,Hagnau am Bodensee,Erststimmen,ÖDP,0,0.0
08435018,Hagnau am Bodensee,Zweitstimmen,ÖDP,0,0.0
08435020,Heiligenberg,Erststimmen,ÖDP,0,0.0
08435020,Heiligenberg,Zweitstimmen,ÖDP,8,0.4705882352941176
08435024,Immenstaad am Bodensee,Erststimmen,ÖDP,0,0.0
08435024,Immenstaad am Bodensee,Zweitstimmen,ÖDP,4,0.11448196908986834
08435029,Kressbronn am Bodensee,Erststimmen,ÖDP,0,0.0
08435029,Kressbronn am Bodensee,Zweitstimmen,ÖDP,8,0.1678556441460344
08435030,Langenargen,Erststimmen,ÖDP,0,0.0
08435030,Langenargen,Zweitstimmen,ÖDP,13,0.2881844380403458
08435034,"Markdorf, Stadt",Erststimmen,ÖDP,0,0.0
08435034,"Markdorf, Stadt",Zweitstimmen,ÖDP,8,0.1088139281828074
08435036,"Meersburg, Stadt",Erststimmen,ÖDP,0,0.0
08435036,"Meersburg, Stadt",Zweitstimmen,ÖDP,2,0.06607201850016517
08435045,Oberteuringen,Erststimmen,ÖDP,0,0.0
08435045,Oberteuringen,Zweitstimmen,ÖDP,6,0.22255192878338279
08435047,Owingen,Erststimmen,ÖDP,0,0.0
08435047,Owingen,Zweitstimmen,ÖDP,8,0.32310177705977383
08435052,Salem,Erststimmen,ÖDP,0,0.0
08435052,Salem,Zweitstimmen,ÖDP,16,0.23816612086930636
08435053,Sipplingen,Erststimmen,ÖDP,0,0.0
08435053,Sipplingen,Zweitstimmen,ÖDP,1,0.08257638315441783
08435054,Stetten,Erststimmen,ÖDP,0,0.0
08435054,Stetten,Zweitstimmen,ÖDP,1,0.17271157167530224
08435059,"Überlingen, Stadt",Erststimmen,ÖDP,0,0.0
08435059,"Überlingen, Stadt",Zweitstimmen,ÖDP,26,0.2134646962233169
08435066,Uhldingen-Mühlhofen,Erststimmen,ÖDP,0,0.0
08435066,Uhldingen-Mühlhofen,Zweitstimmen,ÖDP,5,0.11706860220088973
08435067,Deggenhausertal,Erststimmen,ÖDP,0,0.0
08435067,Deggenhausertal,Zweitstimmen,ÖDP,11,0.4291845493562232
08437005,Beuron,Erststimmen,ÖDP,0,0.0
08437005,Beuron,Zweitstimmen,ÖDP,1,0.25380710659898476
08437008,Bingen,Erststimmen,ÖDP,0,0.0
08437008,Bingen,Zweitstimmen,ÖDP,2,0.12626262626262627
08437031,"Gammertingen, Stadt",Erststimmen,ÖDP,0,0.0
08437031,"Gammertingen, Stadt",Zweitstimmen,ÖDP,7,0.2217997465145754
08437044,Herbertingen,Erststimmen,ÖDP,0,0.0
08437044,Herbertingen,Zweitstimmen,ÖDP,6,0.22488755622188905
08437047,"Hettingen, Stadt",Erststimmen,ÖDP,0,0.0
08437047,"Hettingen, Stadt",Zweitstimmen,ÖDP,3,0.25295109612141653
08437053,Hohentengen,Erststimmen,ÖDP,0,0.0
08437053,Hohentengen,Zweitstimmen,ÖDP,1,0.040584415584415584
08437056,Illmensee,Erststimmen,ÖDP,0,0.0
08437056,Illmensee,Zweitstimmen,ÖDP,7,0.5658852061438965
08437059,Inzigkofen,Erststimmen,ÖDP,0,0.0
08437059,Inzigkofen,Zweitstimmen,ÖDP,2,0.11507479861910241
08437065,Krauchenwies,Erststimmen,ÖDP,0,0.0
08437065,Krauchenwies,Zweitstimmen,ÖDP,2,0.07407407407407407
08437072,Leibertingen,Erststimmen,ÖDP,0,0.0
08437072,Leibertingen,Zweitstimmen,ÖDP,2,0.13937282229965156
08437076,"Mengen, Stadt",Erststimmen,ÖDP,0,0.0
08437076,"Mengen, Stadt",Zweitstimmen,ÖDP,15,0.3048780487804878
08437078,"Meßkirch, Stadt",Erststimmen,ÖDP,0,0.0
08437078,"Meßkirch, Stadt",Zweitstimmen,ÖDP,2,0.0484027105517909
08437082,Neufra,Erststimmen,ÖDP,0,0.0
08437082,Neufra,Zweitstimmen,ÖDP,0,0.0
08437086,Ostrach,Erststimmen,ÖDP,0,0.0
08437086,Ostrach,Zweitstimmen,ÖDP,3,0.0774593338497289
08437088,"Pfullendorf, Stadt",Erststimmen,ÖDP,0,0.0
08437088,"Pfullendorf, Stadt",Zweitstimmen,ÖDP,5,0.08778089887640449
08437100,"Bad Saulgau, Stadt",Erststimmen,ÖDP,0,0.0
08437100,"Bad Saulgau, Stadt",Zweitstimmen,ÖDP,13,0.14764338444065872
08437101,"Scheer, Stadt",Erststimmen,ÖDP,0,0.0
08437101,"Scheer, Stadt",Zweitstimmen,ÖDP,2,0.1563721657544957
08437102,Schwenningen,Erststimmen,ÖDP,0,0.0
08437102,Schwenningen,Zweitstimmen,ÖDP,1,0.09930486593843098
08437104,"Sigmaringen, Stadt",Erststimmen,ÖDP,0,0.0
08437104,"Sigmaringen, Stadt",Zweitstimmen,ÖDP,12,0.15618898867629832
08437105,Sigmaringendorf,Erststimmen,ÖDP,0,0.0
08437105,Sigmaringendorf,Zweitstimmen,ÖDP,2,0.10198878123406425
08437107,Stetten am kalten Markt,Erststimmen,ÖDP,0,0.0
08437107,Stetten am kalten Markt,Zweitstimmen,ÖDP,4,0.14625228519195613
08437114,"Veringenstadt, Stadt",Erststimmen,ÖDP,0,0.0
08437114,"Veringenstadt, Stadt",Zweitstimmen,ÖDP,1,0.0855431993156544
08437118,Wald,Erststimmen,ÖDP,0,0.0
08437118,Wald,Zweitstimmen,ÖDP,10,0.6293266205160478
08437123,Sauldorf,Erststimmen,ÖDP,0,0.0
08437123,Sauldorf,Zweitstimmen,ÖDP,5,0.3132832080200501
08437124,Herdwangen-Schönach,Erststimmen,ÖDP,0,0.0
08437124,Herdwangen-Schönach,Zweitstimmen,ÖDP,3,0.15616866215512754
